0.234556	0.238538	0.24259	0.246708	0.250886	0.255118	0.259396	0.263712	0.268054	0.272411	0.276768	0.28111	0.285421	0.289681	0.293871	0.297971	0.301959	0.305814	0.309515	0.313041	0.316373	0.319491	0.32238	0.325022	0.327405	0.329515	0.331343	0.332879	0.334117	0.33505	0.335675	0.335987	0.335987	0.335675	0.33505	0.334117	0.332879	0.331343	0.329515	0.327405	0.325022	0.32238	0.319491	0.316373	0.313041	0.309515	0.305814	0.301959	0.297971	0.293871	0.289681	0.285421	0.28111	0.276768	0.272411	0.268054	0.263712	0.259396	0.255118	0.250886	0.246708	0.24259	0.238538	0.234556	
0.238538	0.242736	0.247015	0.251373	0.255805	0.260303	0.264861	0.269469	0.274116	0.27879	0.283474	0.288152	0.292805	0.297413	0.301953	0.306402	0.310735	0.314928	0.318957	0.322798	0.326428	0.329827	0.332975	0.335854	0.338451	0.34075	0.342741	0.344413	0.345761	0.346776	0.347456	0.347796	0.347796	0.347456	0.346776	0.345761	0.344413	0.342741	0.34075	0.338451	0.335854	0.332975	0.329827	0.326428	0.322798	0.318957	0.314928	0.310735	0.306402	0.301953	0.297413	0.292805	0.288152	0.283474	0.27879	0.274116	0.269469	0.264861	0.260303	0.255805	0.251373	0.247015	0.242736	0.238538	
0.24259	0.247015	0.251537	0.256151	0.260853	0.265638	0.270498	0.275423	0.280403	0.285423	0.290467	0.295516	0.300551	0.305546	0.310477	0.315316	0.320036	0.324609	0.329006	0.3332	0.337165	0.340877	0.344315	0.34746	0.350294	0.352802	0.354974	0.356797	0.358266	0.359372	0.360113	0.360484	0.360484	0.360113	0.359372	0.358266	0.356797	0.354974	0.352802	0.350294	0.34746	0.344315	0.340877	0.337165	0.3332	0.329006	0.324609	0.320036	0.315316	0.310477	0.305546	0.300551	0.295516	0.290467	0.285423	0.280403	0.275423	0.270498	0.265638	0.260853	0.256151	0.251537	0.247015	0.24259	
0.246708	0.251373	0.256151	0.261037	0.26603	0.271123	0.276309	0.281579	0.286921	0.292322	0.297763	0.303224	0.308682	0.31411	0.31948	0.324759	0.329916	0.334917	0.339729	0.344321	0.348663	0.352728	0.356491	0.35993	0.363029	0.36577	0.368142	0.370133	0.371735	0.372942	0.373749	0.374153	0.374153	0.373749	0.372942	0.371735	0.370133	0.368142	0.36577	0.363029	0.35993	0.356491	0.352728	0.348663	0.344321	0.339729	0.334917	0.329916	0.324759	0.31948	0.31411	0.308682	0.303224	0.297763	0.292322	0.286921	0.281579	0.276309	0.271123	0.26603	0.261037	0.256151	0.251373	0.246708	
0.250886	0.255805	0.260853	0.26603	0.271332	0.276756	0.282294	0.287938	0.293677	0.299496	0.305376	0.311295	0.317228	0.323143	0.329008	0.334785	0.340437	0.345923	0.351206	0.356249	0.361016	0.365478	0.369606	0.373376	0.37677	0.37977	0.382363	0.384539	0.386288	0.387606	0.388486	0.388927	0.388927	0.388486	0.387606	0.386288	0.384539	0.382363	0.37977	0.37677	0.373376	0.369606	0.365478	0.361016	0.356249	0.351206	0.345923	0.340437	0.334785	0.329008	0.323143	0.317228	0.311295	0.305376	0.299496	0.293677	0.287938	0.282294	0.276756	0.271332	0.26603	0.260853	0.255805	0.250886	
0.255118	0.260303	0.265638	0.271123	0.276756	0.282534	0.288453	0.294504	0.300676	0.306956	0.313322	0.319753	0.326218	0.332684	0.33911	0.345455	0.351672	0.357713	0.363534	0.369089	0.37434	0.379249	0.383788	0.387929	0.391652	0.394939	0.397778	0.400157	0.402069	0.403507	0.404469	0.40495	0.40495	0.404469	0.403507	0.402069	0.400157	0.397778	0.394939	0.391652	0.387929	0.383788	0.379249	0.37434	0.369089	0.363534	0.357713	0.351672	0.345455	0.33911	0.332684	0.326218	0.319753	0.313322	0.306956	0.300676	0.294504	0.288453	0.282534	0.276756	0.271123	0.265638	0.260303	0.255118	
0.259396	0.264861	0.270498	0.276309	0.282294	0.288453	0.294781	0.301274	0.307921	0.314709	0.321617	0.32862	0.335687	0.342778	0.349848	0.356843	0.36371	0.37039	0.376828	0.382971	0.388772	0.39419	0.399192	0.403748	0.407839	0.411445	0.414555	0.417159	0.419248	0.42082	0.421869	0.422394	0.422394	0.421869	0.42082	0.419248	0.417159	0.414555	0.411445	0.407839	0.403748	0.399192	0.39419	0.388772	0.382971	0.376828	0.37039	0.36371	0.356843	0.349848	0.342778	0.335687	0.32862	0.321617	0.314709	0.307921	0.301274	0.294781	0.288453	0.282294	0.276309	0.270498	0.264861	0.259396	
0.263712	0.269469	0.275423	0.281579	0.287938	0.294504	0.301274	0.308246	0.315413	0.322761	0.330272	0.33792	0.34567	0.353478	0.361288	0.369038	0.37666	0.384082	0.391235	0.398056	0.404488	0.410485	0.41601	0.421033	0.425532	0.429493	0.432902	0.435751	0.438036	0.439752	0.440897	0.44147	0.44147	0.440897	0.439752	0.438036	0.435751	0.432902	0.429493	0.425532	0.421033	0.41601	0.410485	0.404488	0.398056	0.391235	0.384082	0.37666	0.369038	0.361288	0.353478	0.34567	0.33792	0.330272	0.322761	0.315413	0.308246	0.301274	0.294504	0.287938	0.281579	0.275423	0.269469	0.263712	
0.268054	0.274116	0.280403	0.286921	0.293677	0.300676	0.307921	0.315413	0.323147	0.331114	0.339299	0.347675	0.356205	0.36484	0.373513	0.382148	0.390658	0.398952	0.406942	0.414551	0.42171	0.428368	0.434485	0.440031	0.444986	0.449337	0.453075	0.456194	0.458691	0.460564	0.461814	0.462438	0.462438	0.461814	0.460564	0.458691	0.456194	0.453075	0.449337	0.444986	0.440031	0.434485	0.428368	0.42171	0.414551	0.406942	0.398952	0.390658	0.382148	0.373513	0.36484	0.356205	0.347675	0.339299	0.331114	0.323147	0.315413	0.307921	0.300676	0.293677	0.286921	0.280403	0.274116	0.268054	
0.272411	0.27879	0.285423	0.292322	0.299496	0.306956	0.314709	0.322761	0.331114	0.339765	0.348702	0.357903	0.367331	0.376929	0.386621	0.396309	0.405879	0.415213	0.424195	0.432727	0.44073	0.448145	0.454932	0.461064	0.466525	0.471306	0.475403	0.478814	0.481541	0.483585	0.484946	0.485626	0.485626	0.484946	0.483585	0.481541	0.478814	0.475403	0.471306	0.466525	0.461064	0.454932	0.448145	0.44073	0.432727	0.424195	0.415213	0.405879	0.396309	0.386621	0.376929	0.367331	0.357903	0.348702	0.339765	0.331114	0.322761	0.314709	0.306956	0.299496	0.292322	0.285423	0.27879	0.272411	
0.276768	0.283474	0.290467	0.297763	0.305376	0.313322	0.321617	0.330272	0.339299	0.348702	0.35848	0.368618	0.379084	0.389817	0.400729	0.411694	0.422557	0.433154	0.443329	0.452957	0.461943	0.470227	0.477772	0.484557	0.490576	0.495828	0.500315	0.504043	0.507017	0.509243	0.510724	0.511464	0.511464	0.510724	0.509243	0.507017	0.504043	0.500315	0.495828	0.490576	0.484557	0.477772	0.470227	0.461943	0.452957	0.443329	0.433154	0.422557	0.411694	0.400729	0.389817	0.379084	0.368618	0.35848	0.348702	0.339299	0.330272	0.321617	0.313322	0.305376	0.297763	0.290467	0.283474	0.276768	
0.28111	0.288152	0.295516	0.303224	0.311295	0.319753	0.32862	0.33792	0.347675	0.357903	0.368618	0.379822	0.391494	0.403582	0.415983	0.428536	0.441019	0.45319	0.464829	0.47577	0.485909	0.495189	0.503587	0.511098	0.517729	0.523492	0.528399	0.532466	0.535704	0.538123	0.539731	0.540534	0.540534	0.539731	0.538123	0.535704	0.532466	0.528399	0.523492	0.517729	0.511098	0.503587	0.495189	0.485909	0.47577	0.464829	0.45319	0.441019	0.428536	0.415983	0.403582	0.391494	0.379822	0.368618	0.357903	0.347675	0.33792	0.32862	0.319753	0.311295	0.303224	0.295516	0.288152	0.28111	
0.285421	0.292805	0.300551	0.308682	0.317228	0.326218	0.335687	0.34567	0.356205	0.367331	0.379084	0.391494	0.404572	0.418294	0.432559	0.447158	0.461756	0.475961	0.489436	0.50197	0.513461	0.523879	0.533231	0.54154	0.548835	0.555146	0.560503	0.564929	0.568444	0.571067	0.572809	0.573677	0.573677	0.572809	0.571067	0.568444	0.564929	0.560503	0.555146	0.548835	0.54154	0.533231	0.523879	0.513461	0.50197	0.489436	0.475961	0.461756	0.447158	0.432559	0.418294	0.404572	0.391494	0.379084	0.367331	0.356205	0.34567	0.335687	0.326218	0.317228	0.308682	0.300551	0.292805	0.285421	
0.289681	0.297413	0.305546	0.31411	0.323143	0.332684	0.342778	0.353478	0.36484	0.376929	0.389817	0.403582	0.418294	0.433999	0.450661	0.468041	0.485587	0.502559	0.518405	0.532883	0.545954	0.557657	0.568061	0.577234	0.58524	0.592134	0.597963	0.602765	0.606571	0.609406	0.611286	0.612223	0.612223	0.611286	0.609406	0.606571	0.602765	0.597963	0.592134	0.58524	0.577234	0.568061	0.557657	0.545954	0.532883	0.518405	0.502559	0.485587	0.468041	0.450661	0.433999	0.418294	0.403582	0.389817	0.376929	0.36484	0.353478	0.342778	0.332684	0.323143	0.31411	0.305546	0.297413	0.289681	
0.293871	0.301953	0.310477	0.31948	0.329008	0.33911	0.349848	0.361288	0.373513	0.386621	0.400729	0.415983	0.432559	0.450661	0.470482	0.491965	0.514145	0.535208	0.554186	0.571022	0.585902	0.599028	0.610569	0.620662	0.629416	0.636918	0.643237	0.648428	0.652534	0.655586	0.657608	0.658616	0.658616	0.657608	0.655586	0.652534	0.648428	0.643237	0.636918	0.629416	0.620662	0.610569	0.599028	0.585902	0.571022	0.554186	0.535208	0.514145	0.491965	0.470482	0.450661	0.432559	0.415983	0.400729	0.386621	0.373513	0.361288	0.349848	0.33911	0.329008	0.31948	0.310477	0.301953	0.293871	
0.297971	0.306402	0.315316	0.324759	0.334785	0.345455	0.356843	0.369038	0.382148	0.396309	0.411694	0.428536	0.447158	0.468041	0.491965	0.520269	0.552378	0.580248	0.603303	0.622881	0.639755	0.654402	0.667138	0.678187	0.687712	0.695838	0.702658	0.708245	0.712654	0.715928	0.718094	0.719173	0.719173	0.718094	0.715928	0.712654	0.708245	0.702658	0.695838	0.687712	0.678187	0.667138	0.654402	0.639755	0.622881	0.603303	0.580248	0.552378	0.520269	0.491965	0.468041	0.447158	0.428536	0.411694	0.396309	0.382148	0.369038	0.356843	0.345455	0.334785	0.324759	0.315316	0.306402	0.297971	
0.301959	0.310735	0.320036	0.329916	0.340437	0.351672	0.36371	0.37666	0.390658	0.405879	0.422557	0.441019	0.461756	0.485587	0.514145	0.552378	0.619155	0.656942	0.684606	0.707093	0.72603	0.742232	0.756181	0.768195	0.778497	0.787249	0.794572	0.800556	0.80527	0.808764	0.811075	0.812224	0.812224	0.811075	0.808764	0.80527	0.800556	0.794572	0.787249	0.778497	0.768195	0.756181	0.742232	0.72603	0.707093	0.684606	0.656942	0.619155	0.552378	0.514145	0.485587	0.461756	0.441019	0.422557	0.405879	0.390658	0.37666	0.36371	0.351672	0.340437	0.329916	0.320036	0.310735	0.301959	
0.305814	0.314928	0.324609	0.334917	0.345923	0.357713	0.37039	0.384082	0.398952	0.415213	0.433154	0.45319	0.475961	0.502559	0.535208	0.580248	0.656942	0.701523	0.733253	0.758471	0.779392	0.797104	0.812239	0.8252	0.836266	0.845634	0.853451	0.859826	0.86484	0.868552	0.871005	0.872225	0.872225	0.871005	0.868552	0.86484	0.859826	0.853451	0.845634	0.836266	0.8252	0.812239	0.797104	0.779392	0.758471	0.733253	0.701523	0.656942	0.580248	0.535208	0.502559	0.475961	0.45319	0.433154	0.415213	0.398952	0.384082	0.37039	0.357713	0.345923	0.334917	0.324609	0.314928	0.305814	
0.309515	0.318957	0.329006	0.339729	0.351206	0.363534	0.376828	0.391235	0.406942	0.424195	0.443329	0.464829	0.489436	0.518405	0.554186	0.603303	0.684606	0.733253	0.768093	0.795644	0.818354	0.837468	0.853721	0.867585	0.879383	0.889346	0.897641	0.904395	0.909699	0.913623	0.916214	0.917502	0.917502	0.916214	0.913623	0.909699	0.904395	0.897641	0.889346	0.879383	0.867585	0.853721	0.837468	0.818354	0.795644	0.768093	0.733253	0.684606	0.603303	0.554186	0.518405	0.489436	0.464829	0.443329	0.424195	0.406942	0.391235	0.376828	0.363534	0.351206	0.339729	0.329006	0.318957	0.309515	
0.313041	0.322798	0.3332	0.344321	0.356249	0.369089	0.382971	0.398056	0.414551	0.432727	0.452957	0.47577	0.50197	0.532883	0.571022	0.622881	0.707093	0.758471	0.795644	0.825106	0.849362	0.869731	0.887007	0.90171	0.914195	0.924719	0.933469	0.940583	0.946166	0.950292	0.953015	0.954368	0.954368	0.953015	0.950292	0.946166	0.940583	0.933469	0.924719	0.914195	0.90171	0.887007	0.869731	0.849362	0.825106	0.795644	0.758471	0.707093	0.622881	0.571022	0.532883	0.50197	0.47577	0.452957	0.432727	0.414551	0.398056	0.382971	0.369089	0.356249	0.344321	0.3332	0.322798	0.313041	
0.316373	0.326428	0.337165	0.348663	0.361016	0.37434	0.388772	0.404488	0.42171	0.44073	0.461943	0.485909	0.513461	0.545954	0.585902	0.639755	0.72603	0.779392	0.818354	0.849362	0.874926	0.896392	0.914584	0.930048	0.943165	0.95421	0.963383	0.970836	0.97668	0.980997	0.983845	0.98526	0.98526	0.983845	0.980997	0.97668	0.970836	0.963383	0.95421	0.943165	0.930048	0.914584	0.896392	0.874926	0.849362	0.818354	0.779392	0.72603	0.639755	0.585902	0.545954	0.513461	0.485909	0.461943	0.44073	0.42171	0.404488	0.388772	0.37434	0.361016	0.348663	0.337165	0.326428	0.316373	
0.319491	0.329827	0.340877	0.352728	0.365478	0.379249	0.39419	0.410485	0.428368	0.448145	0.470227	0.495189	0.523879	0.557657	0.599028	0.654402	0.742232	0.797104	0.837468	0.869731	0.896392	0.918802	0.937798	0.953943	0.967631	0.97915	0.988713	0.996478	1.00256	1.00706	1.01002	1.0115	1.0115	1.01002	1.00706	1.00256	0.996478	0.988713	0.97915	0.967631	0.953943	0.937798	0.918802	0.896392	0.869731	0.837468	0.797104	0.742232	0.654402	0.599028	0.557657	0.523879	0.495189	0.470227	0.448145	0.428368	0.410485	0.39419	0.379249	0.365478	0.352728	0.340877	0.329827	0.319491	
0.32238	0.332975	0.344315	0.356491	0.369606	0.383788	0.399192	0.41601	0.434485	0.454932	0.477772	0.503587	0.533231	0.568061	0.610569	0.667138	0.756181	0.812239	0.853721	0.887007	0.914584	0.937798	0.957492	0.974236	0.988433	1.00038	1.01029	1.01834	1.02465	1.02931	1.03238	1.0339	1.0339	1.03238	1.02931	1.02465	1.01834	1.01029	1.00038	0.988433	0.974236	0.957492	0.937798	0.914584	0.887007	0.853721	0.812239	0.756181	0.667138	0.610569	0.568061	0.533231	0.503587	0.477772	0.454932	0.434485	0.41601	0.399192	0.383788	0.369606	0.356491	0.344315	0.332975	0.32238	
0.325022	0.335854	0.34746	0.35993	0.373376	0.387929	0.403748	0.421033	0.440031	0.461064	0.484557	0.511098	0.54154	0.577234	0.620662	0.678187	0.768195	0.8252	0.867585	0.90171	0.930048	0.953943	0.974236	0.9915	1.00614	1.01847	1.02869	1.037	1.0435	1.04831	1.05147	1.05305	1.05305	1.05147	1.04831	1.0435	1.037	1.02869	1.01847	1.00614	0.9915	0.974236	0.953943	0.930048	0.90171	0.867585	0.8252	0.768195	0.678187	0.620662	0.577234	0.54154	0.511098	0.484557	0.461064	0.440031	0.421033	0.403748	0.387929	0.373376	0.35993	0.34746	0.335854	0.325022	
0.327405	0.338451	0.350294	0.363029	0.37677	0.391652	0.407839	0.425532	0.444986	0.466525	0.490576	0.517729	0.548835	0.58524	0.629416	0.687712	0.778497	0.836266	0.879383	0.914195	0.943165	0.967631	0.988433	1.00614	1.02117	1.03382	1.04433	1.05285	1.05954	1.06447	1.06772	1.06934	1.06934	1.06772	1.06447	1.05954	1.05285	1.04433	1.03382	1.02117	1.00614	0.988433	0.967631	0.943165	0.914195	0.879383	0.836266	0.778497	0.687712	0.629416	0.58524	0.548835	0.517729	0.490576	0.466525	0.444986	0.425532	0.407839	0.391652	0.37677	0.363029	0.350294	0.338451	0.327405	
0.329515	0.34075	0.352802	0.36577	0.37977	0.394939	0.411445	0.429493	0.449337	0.471306	0.495828	0.523492	0.555146	0.592134	0.636918	0.695838	0.787249	0.845634	0.889346	0.924719	0.95421	0.97915	1.00038	1.01847	1.03382	1.04676	1.0575	1.06622	1.07305	1.0781	1.08143	1.08308	1.08308	1.08143	1.0781	1.07305	1.06622	1.0575	1.04676	1.03382	1.01847	1.00038	0.97915	0.95421	0.924719	0.889346	0.845634	0.787249	0.695838	0.636918	0.592134	0.555146	0.523492	0.495828	0.471306	0.449337	0.429493	0.411445	0.394939	0.37977	0.36577	0.352802	0.34075	0.329515	
0.331343	0.342741	0.354974	0.368142	0.382363	0.397778	0.414555	0.432902	0.453075	0.475403	0.500315	0.528399	0.560503	0.597963	0.643237	0.702658	0.794572	0.853451	0.897641	0.933469	0.963383	0.988713	1.01029	1.02869	1.04433	1.0575	1.06844	1.07732	1.08429	1.08943	1.09282	1.0945	1.0945	1.09282	1.08943	1.08429	1.07732	1.06844	1.0575	1.04433	1.02869	1.01029	0.988713	0.963383	0.933469	0.897641	0.853451	0.794572	0.702658	0.643237	0.597963	0.560503	0.528399	0.500315	0.475403	0.453075	0.432902	0.414555	0.397778	0.382363	0.368142	0.354974	0.342741	0.331343	
0.332879	0.344413	0.356797	0.370133	0.384539	0.400157	0.417159	0.435751	0.456194	0.478814	0.504043	0.532466	0.564929	0.602765	0.648428	0.708245	0.800556	0.859826	0.904395	0.940583	0.970836	0.996478	1.01834	1.037	1.05285	1.06622	1.07732	1.08634	1.09341	1.09864	1.10208	1.10379	1.10379	1.10208	1.09864	1.09341	1.08634	1.07732	1.06622	1.05285	1.037	1.01834	0.996478	0.970836	0.940583	0.904395	0.859826	0.800556	0.708245	0.648428	0.602765	0.564929	0.532466	0.504043	0.478814	0.456194	0.435751	0.417159	0.400157	0.384539	0.370133	0.356797	0.344413	0.332879	
0.334117	0.345761	0.358266	0.371735	0.386288	0.402069	0.419248	0.438036	0.458691	0.481541	0.507017	0.535704	0.568444	0.606571	0.652534	0.712654	0.80527	0.86484	0.909699	0.946166	0.97668	1.00256	1.02465	1.0435	1.05954	1.07305	1.08429	1.09341	1.10057	1.10585	1.10934	1.11107	1.11107	1.10934	1.10585	1.10057	1.09341	1.08429	1.07305	1.05954	1.0435	1.02465	1.00256	0.97668	0.946166	0.909699	0.86484	0.80527	0.712654	0.652534	0.606571	0.568444	0.535704	0.507017	0.481541	0.458691	0.438036	0.419248	0.402069	0.386288	0.371735	0.358266	0.345761	0.334117	
0.33505	0.346776	0.359372	0.372942	0.387606	0.403507	0.42082	0.439752	0.460564	0.483585	0.509243	0.538123	0.571067	0.609406	0.655586	0.715928	0.808764	0.868552	0.913623	0.950292	0.980997	1.00706	1.02931	1.04831	1.06447	1.0781	1.08943	1.09864	1.10585	1.11119	1.1147	1.11645	1.11645	1.1147	1.11119	1.10585	1.09864	1.08943	1.0781	1.06447	1.04831	1.02931	1.00706	0.980997	0.950292	0.913623	0.868552	0.808764	0.715928	0.655586	0.609406	0.571067	0.538123	0.509243	0.483585	0.460564	0.439752	0.42082	0.403507	0.387606	0.372942	0.359372	0.346776	0.33505	
0.335675	0.347456	0.360113	0.373749	0.388486	0.404469	0.421869	0.440897	0.461814	0.484946	0.510724	0.539731	0.572809	0.611286	0.657608	0.718094	0.811075	0.871005	0.916214	0.953015	0.983845	1.01002	1.03238	1.05147	1.06772	1.08143	1.09282	1.10208	1.10934	1.1147	1.11824	1.12	1.12	1.11824	1.1147	1.10934	1.10208	1.09282	1.08143	1.06772	1.05147	1.03238	1.01002	0.983845	0.953015	0.916214	0.871005	0.811075	0.718094	0.657608	0.611286	0.572809	0.539731	0.510724	0.484946	0.461814	0.440897	0.421869	0.404469	0.388486	0.373749	0.360113	0.347456	0.335675	
0.335987	0.347796	0.360484	0.374153	0.388927	0.40495	0.422394	0.44147	0.462438	0.485626	0.511464	0.540534	0.573677	0.612223	0.658616	0.719173	0.812224	0.872225	0.917502	0.954368	0.98526	1.0115	1.0339	1.05305	1.06934	1.08308	1.0945	1.10379	1.11107	1.11645	1.12	1.12176	1.12176	1.12	1.11645	1.11107	1.10379	1.0945	1.08308	1.06934	1.05305	1.0339	1.0115	0.98526	0.954368	0.917502	0.872225	0.812224	0.719173	0.658616	0.612223	0.573677	0.540534	0.511464	0.485626	0.462438	0.44147	0.422394	0.40495	0.388927	0.374153	0.360484	0.347796	0.335987	
0.335987	0.347796	0.360484	0.374153	0.388927	0.40495	0.422394	0.44147	0.462438	0.485626	0.511464	0.540534	0.573677	0.612223	0.658616	0.719173	0.812224	0.872225	0.917502	0.954368	0.98526	1.0115	1.0339	1.05305	1.06934	1.08308	1.0945	1.10379	1.11107	1.11645	1.12	1.12176	1.12176	1.12	1.11645	1.11107	1.10379	1.0945	1.08308	1.06934	1.05305	1.0339	1.0115	0.98526	0.954368	0.917502	0.872225	0.812224	0.719173	0.658616	0.612223	0.573677	0.540534	0.511464	0.485626	0.462438	0.44147	0.422394	0.40495	0.388927	0.374153	0.360484	0.347796	0.335987	
0.335675	0.347456	0.360113	0.373749	0.388486	0.404469	0.421869	0.440897	0.461814	0.484946	0.510724	0.539731	0.572809	0.611286	0.657608	0.718094	0.811075	0.871005	0.916214	0.953015	0.983845	1.01002	1.03238	1.05147	1.06772	1.08143	1.09282	1.10208	1.10934	1.1147	1.11824	1.12	1.12	1.11824	1.1147	1.10934	1.10208	1.09282	1.08143	1.06772	1.05147	1.03238	1.01002	0.983845	0.953015	0.916214	0.871005	0.811075	0.718094	0.657608	0.611286	0.572809	0.539731	0.510724	0.484946	0.461814	0.440897	0.421869	0.404469	0.388486	0.373749	0.360113	0.347456	0.335675	
0.33505	0.346776	0.359372	0.372942	0.387606	0.403507	0.42082	0.439752	0.460564	0.483585	0.509243	0.538123	0.571067	0.609406	0.655586	0.715928	0.808764	0.868552	0.913623	0.950292	0.980997	1.00706	1.02931	1.04831	1.06447	1.0781	1.08943	1.09864	1.10585	1.11119	1.1147	1.11645	1.11645	1.1147	1.11119	1.10585	1.09864	1.08943	1.0781	1.06447	1.04831	1.02931	1.00706	0.980997	0.950292	0.913623	0.868552	0.808764	0.715928	0.655586	0.609406	0.571067	0.538123	0.509243	0.483585	0.460564	0.439752	0.42082	0.403507	0.387606	0.372942	0.359372	0.346776	0.33505	
0.334117	0.345761	0.358266	0.371735	0.386288	0.402069	0.419248	0.438036	0.458691	0.481541	0.507017	0.535704	0.568444	0.606571	0.652534	0.712654	0.80527	0.86484	0.909699	0.946166	0.97668	1.00256	1.02465	1.0435	1.05954	1.07305	1.08429	1.09341	1.10057	1.10585	1.10934	1.11107	1.11107	1.10934	1.10585	1.10057	1.09341	1.08429	1.07305	1.05954	1.0435	1.02465	1.00256	0.97668	0.946166	0.909699	0.86484	0.80527	0.712654	0.652534	0.606571	0.568444	0.535704	0.507017	0.481541	0.458691	0.438036	0.419248	0.402069	0.386288	0.371735	0.358266	0.345761	0.334117	
0.332879	0.344413	0.356797	0.370133	0.384539	0.400157	0.417159	0.435751	0.456194	0.478814	0.504043	0.532466	0.564929	0.602765	0.648428	0.708245	0.800556	0.859826	0.904395	0.940583	0.970836	0.996478	1.01834	1.037	1.05285	1.06622	1.07732	1.08634	1.09341	1.09864	1.10208	1.10379	1.10379	1.10208	1.09864	1.09341	1.08634	1.07732	1.06622	1.05285	1.037	1.01834	0.996478	0.970836	0.940583	0.904395	0.859826	0.800556	0.708245	0.648428	0.602765	0.564929	0.532466	0.504043	0.478814	0.456194	0.435751	0.417159	0.400157	0.384539	0.370133	0.356797	0.344413	0.332879	
0.331343	0.342741	0.354974	0.368142	0.382363	0.397778	0.414555	0.432902	0.453075	0.475403	0.500315	0.528399	0.560503	0.597963	0.643237	0.702658	0.794572	0.853451	0.897641	0.933469	0.963383	0.988713	1.01029	1.02869	1.04433	1.0575	1.06844	1.07732	1.08429	1.08943	1.09282	1.0945	1.0945	1.09282	1.08943	1.08429	1.07732	1.06844	1.0575	1.04433	1.02869	1.01029	0.988713	0.963383	0.933469	0.897641	0.853451	0.794572	0.702658	0.643237	0.597963	0.560503	0.528399	0.500315	0.475403	0.453075	0.432902	0.414555	0.397778	0.382363	0.368142	0.354974	0.342741	0.331343	
0.329515	0.34075	0.352802	0.36577	0.37977	0.394939	0.411445	0.429493	0.449337	0.471306	0.495828	0.523492	0.555146	0.592134	0.636918	0.695838	0.787249	0.845634	0.889346	0.924719	0.95421	0.97915	1.00038	1.01847	1.03382	1.04676	1.0575	1.06622	1.07305	1.0781	1.08143	1.08308	1.08308	1.08143	1.0781	1.07305	1.06622	1.0575	1.04676	1.03382	1.01847	1.00038	0.97915	0.95421	0.924719	0.889346	0.845634	0.787249	0.695838	0.636918	0.592134	0.555146	0.523492	0.495828	0.471306	0.449337	0.429493	0.411445	0.394939	0.37977	0.36577	0.352802	0.34075	0.329515	
0.327405	0.338451	0.350294	0.363029	0.37677	0.391652	0.407839	0.425532	0.444986	0.466525	0.490576	0.517729	0.548835	0.58524	0.629416	0.687712	0.778497	0.836266	0.879383	0.914195	0.943165	0.967631	0.988433	1.00614	1.02117	1.03382	1.04433	1.05285	1.05954	1.06447	1.06772	1.06934	1.06934	1.06772	1.06447	1.05954	1.05285	1.04433	1.03382	1.02117	1.00614	0.988433	0.967631	0.943165	0.914195	0.879383	0.836266	0.778497	0.687712	0.629416	0.58524	0.548835	0.517729	0.490576	0.466525	0.444986	0.425532	0.407839	0.391652	0.37677	0.363029	0.350294	0.338451	0.327405	
0.325022	0.335854	0.34746	0.35993	0.373376	0.387929	0.403748	0.421033	0.440031	0.461064	0.484557	0.511098	0.54154	0.577234	0.620662	0.678187	0.768195	0.8252	0.867585	0.90171	0.930048	0.953943	0.974236	0.9915	1.00614	1.01847	1.02869	1.037	1.0435	1.04831	1.05147	1.05305	1.05305	1.05147	1.04831	1.0435	1.037	1.02869	1.01847	1.00614	0.9915	0.974236	0.953943	0.930048	0.90171	0.867585	0.8252	0.768195	0.678187	0.620662	0.577234	0.54154	0.511098	0.484557	0.461064	0.440031	0.421033	0.403748	0.387929	0.373376	0.35993	0.34746	0.335854	0.325022	
0.32238	0.332975	0.344315	0.356491	0.369606	0.383788	0.399192	0.41601	0.434485	0.454932	0.477772	0.503587	0.533231	0.568061	0.610569	0.667138	0.756181	0.812239	0.853721	0.887007	0.914584	0.937798	0.957492	0.974236	0.988433	1.00038	1.01029	1.01834	1.02465	1.02931	1.03238	1.0339	1.0339	1.03238	1.02931	1.02465	1.01834	1.01029	1.00038	0.988433	0.974236	0.957492	0.937798	0.914584	0.887007	0.853721	0.812239	0.756181	0.667138	0.610569	0.568061	0.533231	0.503587	0.477772	0.454932	0.434485	0.41601	0.399192	0.383788	0.369606	0.356491	0.344315	0.332975	0.32238	
0.319491	0.329827	0.340877	0.352728	0.365478	0.379249	0.39419	0.410485	0.428368	0.448145	0.470227	0.495189	0.523879	0.557657	0.599028	0.654402	0.742232	0.797104	0.837468	0.869731	0.896392	0.918802	0.937798	0.953943	0.967631	0.97915	0.988713	0.996478	1.00256	1.00706	1.01002	1.0115	1.0115	1.01002	1.00706	1.00256	0.996478	0.988713	0.97915	0.967631	0.953943	0.937798	0.918802	0.896392	0.869731	0.837468	0.797104	0.742232	0.654402	0.599028	0.557657	0.523879	0.495189	0.470227	0.448145	0.428368	0.410485	0.39419	0.379249	0.365478	0.352728	0.340877	0.329827	0.319491	
0.316373	0.326428	0.337165	0.348663	0.361016	0.37434	0.388772	0.404488	0.42171	0.44073	0.461943	0.485909	0.513461	0.545954	0.585902	0.639755	0.72603	0.779392	0.818354	0.849362	0.874926	0.896392	0.914584	0.930048	0.943165	0.95421	0.963383	0.970836	0.97668	0.980997	0.983845	0.98526	0.98526	0.983845	0.980997	0.97668	0.970836	0.963383	0.95421	0.943165	0.930048	0.914584	0.896392	0.874926	0.849362	0.818354	0.779392	0.72603	0.639755	0.585902	0.545954	0.513461	0.485909	0.461943	0.44073	0.42171	0.404488	0.388772	0.37434	0.361016	0.348663	0.337165	0.326428	0.316373	
0.313041	0.322798	0.3332	0.344321	0.356249	0.369089	0.382971	0.398056	0.414551	0.432727	0.452957	0.47577	0.50197	0.532883	0.571022	0.622881	0.707093	0.758471	0.795644	0.825106	0.849362	0.869731	0.887007	0.90171	0.914195	0.924719	0.933469	0.940583	0.946166	0.950292	0.953015	0.954368	0.954368	0.953015	0.950292	0.946166	0.940583	0.933469	0.924719	0.914195	0.90171	0.887007	0.869731	0.849362	0.825106	0.795644	0.758471	0.707093	0.622881	0.571022	0.532883	0.50197	0.47577	0.452957	0.432727	0.414551	0.398056	0.382971	0.369089	0.356249	0.344321	0.3332	0.322798	0.313041	
0.309515	0.318957	0.329006	0.339729	0.351206	0.363534	0.376828	0.391235	0.406942	0.424195	0.443329	0.464829	0.489436	0.518405	0.554186	0.603303	0.684606	0.733253	0.768093	0.795644	0.818354	0.837468	0.853721	0.867585	0.879383	0.889346	0.897641	0.904395	0.909699	0.913623	0.916214	0.917502	0.917502	0.916214	0.913623	0.909699	0.904395	0.897641	0.889346	0.879383	0.867585	0.853721	0.837468	0.818354	0.795644	0.768093	0.733253	0.684606	0.603303	0.554186	0.518405	0.489436	0.464829	0.443329	0.424195	0.406942	0.391235	0.376828	0.363534	0.351206	0.339729	0.329006	0.318957	0.309515	
0.305814	0.314928	0.324609	0.334917	0.345923	0.357713	0.37039	0.384082	0.398952	0.415213	0.433154	0.45319	0.475961	0.502559	0.535208	0.580248	0.656942	0.701523	0.733253	0.758471	0.779392	0.797104	0.812239	0.8252	0.836266	0.845634	0.853451	0.859826	0.86484	0.868552	0.871005	0.872225	0.872225	0.871005	0.868552	0.86484	0.859826	0.853451	0.845634	0.836266	0.8252	0.812239	0.797104	0.779392	0.758471	0.733253	0.701523	0.656942	0.580248	0.535208	0.502559	0.475961	0.45319	0.433154	0.415213	0.398952	0.384082	0.37039	0.357713	0.345923	0.334917	0.324609	0.314928	0.305814	
0.301959	0.310735	0.320036	0.329916	0.340437	0.351672	0.36371	0.37666	0.390658	0.405879	0.422557	0.441019	0.461756	0.485587	0.514145	0.552378	0.619155	0.656942	0.684606	0.707093	0.72603	0.742232	0.756181	0.768195	0.778497	0.787249	0.794572	0.800556	0.80527	0.808764	0.811075	0.812224	0.812224	0.811075	0.808764	0.80527	0.800556	0.794572	0.787249	0.778497	0.768195	0.756181	0.742232	0.72603	0.707093	0.684606	0.656942	0.619155	0.552378	0.514145	0.485587	0.461756	0.441019	0.422557	0.405879	0.390658	0.37666	0.36371	0.351672	0.340437	0.329916	0.320036	0.310735	0.301959	
0.297971	0.306402	0.315316	0.324759	0.334785	0.345455	0.356843	0.369038	0.382148	0.396309	0.411694	0.428536	0.447158	0.468041	0.491965	0.520269	0.552378	0.580248	0.603303	0.622881	0.639755	0.654402	0.667138	0.678187	0.687712	0.695838	0.702658	0.708245	0.712654	0.715928	0.718094	0.719173	0.719173	0.718094	0.715928	0.712654	0.708245	0.702658	0.695838	0.687712	0.678187	0.667138	0.654402	0.639755	0.622881	0.603303	0.580248	0.552378	0.520269	0.491965	0.468041	0.447158	0.428536	0.411694	0.396309	0.382148	0.369038	0.356843	0.345455	0.334785	0.324759	0.315316	0.306402	0.297971	
0.293871	0.301953	0.310477	0.31948	0.329008	0.33911	0.349848	0.361288	0.373513	0.386621	0.400729	0.415983	0.432559	0.450661	0.470482	0.491965	0.514145	0.535208	0.554186	0.571022	0.585902	0.599028	0.610569	0.620662	0.629416	0.636918	0.643237	0.648428	0.652534	0.655586	0.657608	0.658616	0.658616	0.657608	0.655586	0.652534	0.648428	0.643237	0.636918	0.629416	0.620662	0.610569	0.599028	0.585902	0.571022	0.554186	0.535208	0.514145	0.491965	0.470482	0.450661	0.432559	0.415983	0.400729	0.386621	0.373513	0.361288	0.349848	0.33911	0.329008	0.31948	0.310477	0.301953	0.293871	
0.289681	0.297413	0.305546	0.31411	0.323143	0.332684	0.342778	0.353478	0.36484	0.376929	0.389817	0.403582	0.418294	0.433999	0.450661	0.468041	0.485587	0.502559	0.518405	0.532883	0.545954	0.557657	0.568061	0.577234	0.58524	0.592134	0.597963	0.602765	0.606571	0.609406	0.611286	0.612223	0.612223	0.611286	0.609406	0.606571	0.602765	0.597963	0.592134	0.58524	0.577234	0.568061	0.557657	0.545954	0.532883	0.518405	0.502559	0.485587	0.468041	0.450661	0.433999	0.418294	0.403582	0.389817	0.376929	0.36484	0.353478	0.342778	0.332684	0.323143	0.31411	0.305546	0.297413	0.289681	
0.285421	0.292805	0.300551	0.308682	0.317228	0.326218	0.335687	0.34567	0.356205	0.367331	0.379084	0.391494	0.404572	0.418294	0.432559	0.447158	0.461756	0.475961	0.489436	0.50197	0.513461	0.523879	0.533231	0.54154	0.548835	0.555146	0.560503	0.564929	0.568444	0.571067	0.572809	0.573677	0.573677	0.572809	0.571067	0.568444	0.564929	0.560503	0.555146	0.548835	0.54154	0.533231	0.523879	0.513461	0.50197	0.489436	0.475961	0.461756	0.447158	0.432559	0.418294	0.404572	0.391494	0.379084	0.367331	0.356205	0.34567	0.335687	0.326218	0.317228	0.308682	0.300551	0.292805	0.285421	
0.28111	0.288152	0.295516	0.303224	0.311295	0.319753	0.32862	0.33792	0.347675	0.357903	0.368618	0.379822	0.391494	0.403582	0.415983	0.428536	0.441019	0.45319	0.464829	0.47577	0.485909	0.495189	0.503587	0.511098	0.517729	0.523492	0.528399	0.532466	0.535704	0.538123	0.539731	0.540534	0.540534	0.539731	0.538123	0.535704	0.532466	0.528399	0.523492	0.517729	0.511098	0.503587	0.495189	0.485909	0.47577	0.464829	0.45319	0.441019	0.428536	0.415983	0.403582	0.391494	0.379822	0.368618	0.357903	0.347675	0.33792	0.32862	0.319753	0.311295	0.303224	0.295516	0.288152	0.28111	
0.276768	0.283474	0.290467	0.297763	0.305376	0.313322	0.321617	0.330272	0.339299	0.348702	0.35848	0.368618	0.379084	0.389817	0.400729	0.411694	0.422557	0.433154	0.443329	0.452957	0.461943	0.470227	0.477772	0.484557	0.490576	0.495828	0.500315	0.504043	0.507017	0.509243	0.510724	0.511464	0.511464	0.510724	0.509243	0.507017	0.504043	0.500315	0.495828	0.490576	0.484557	0.477772	0.470227	0.461943	0.452957	0.443329	0.433154	0.422557	0.411694	0.400729	0.389817	0.379084	0.368618	0.35848	0.348702	0.339299	0.330272	0.321617	0.313322	0.305376	0.297763	0.290467	0.283474	0.276768	
0.272411	0.27879	0.285423	0.292322	0.299496	0.306956	0.314709	0.322761	0.331114	0.339765	0.348702	0.357903	0.367331	0.376929	0.386621	0.396309	0.405879	0.415213	0.424195	0.432727	0.44073	0.448145	0.454932	0.461064	0.466525	0.471306	0.475403	0.478814	0.481541	0.483585	0.484946	0.485626	0.485626	0.484946	0.483585	0.481541	0.478814	0.475403	0.471306	0.466525	0.461064	0.454932	0.448145	0.44073	0.432727	0.424195	0.415213	0.405879	0.396309	0.386621	0.376929	0.367331	0.357903	0.348702	0.339765	0.331114	0.322761	0.314709	0.306956	0.299496	0.292322	0.285423	0.27879	0.272411	
0.268054	0.274116	0.280403	0.286921	0.293677	0.300676	0.307921	0.315413	0.323147	0.331114	0.339299	0.347675	0.356205	0.36484	0.373513	0.382148	0.390658	0.398952	0.406942	0.414551	0.42171	0.428368	0.434485	0.440031	0.444986	0.449337	0.453075	0.456194	0.458691	0.460564	0.461814	0.462438	0.462438	0.461814	0.460564	0.458691	0.456194	0.453075	0.449337	0.444986	0.440031	0.434485	0.428368	0.42171	0.414551	0.406942	0.398952	0.390658	0.382148	0.373513	0.36484	0.356205	0.347675	0.339299	0.331114	0.323147	0.315413	0.307921	0.300676	0.293677	0.286921	0.280403	0.274116	0.268054	
0.263712	0.269469	0.275423	0.281579	0.287938	0.294504	0.301274	0.308246	0.315413	0.322761	0.330272	0.33792	0.34567	0.353478	0.361288	0.369038	0.37666	0.384082	0.391235	0.398056	0.404488	0.410485	0.41601	0.421033	0.425532	0.429493	0.432902	0.435751	0.438036	0.439752	0.440897	0.44147	0.44147	0.440897	0.439752	0.438036	0.435751	0.432902	0.429493	0.425532	0.421033	0.41601	0.410485	0.404488	0.398056	0.391235	0.384082	0.37666	0.369038	0.361288	0.353478	0.34567	0.33792	0.330272	0.322761	0.315413	0.308246	0.301274	0.294504	0.287938	0.281579	0.275423	0.269469	0.263712	
0.259396	0.264861	0.270498	0.276309	0.282294	0.288453	0.294781	0.301274	0.307921	0.314709	0.321617	0.32862	0.335687	0.342778	0.349848	0.356843	0.36371	0.37039	0.376828	0.382971	0.388772	0.39419	0.399192	0.403748	0.407839	0.411445	0.414555	0.417159	0.419248	0.42082	0.421869	0.422394	0.422394	0.421869	0.42082	0.419248	0.417159	0.414555	0.411445	0.407839	0.403748	0.399192	0.39419	0.388772	0.382971	0.376828	0.37039	0.36371	0.356843	0.349848	0.342778	0.335687	0.32862	0.321617	0.314709	0.307921	0.301274	0.294781	0.288453	0.282294	0.276309	0.270498	0.264861	0.259396	
0.255118	0.260303	0.265638	0.271123	0.276756	0.282534	0.288453	0.294504	0.300676	0.306956	0.313322	0.319753	0.326218	0.332684	0.33911	0.345455	0.351672	0.357713	0.363534	0.369089	0.37434	0.379249	0.383788	0.387929	0.391652	0.394939	0.397778	0.400157	0.402069	0.403507	0.404469	0.40495	0.40495	0.404469	0.403507	0.402069	0.400157	0.397778	0.394939	0.391652	0.387929	0.383788	0.379249	0.37434	0.369089	0.363534	0.357713	0.351672	0.345455	0.33911	0.332684	0.326218	0.319753	0.313322	0.306956	0.300676	0.294504	0.288453	0.282534	0.276756	0.271123	0.265638	0.260303	0.255118	
0.250886	0.255805	0.260853	0.26603	0.271332	0.276756	0.282294	0.287938	0.293677	0.299496	0.305376	0.311295	0.317228	0.323143	0.329008	0.334785	0.340437	0.345923	0.351206	0.356249	0.361016	0.365478	0.369606	0.373376	0.37677	0.37977	0.382363	0.384539	0.386288	0.387606	0.388486	0.388927	0.388927	0.388486	0.387606	0.386288	0.384539	0.382363	0.37977	0.37677	0.373376	0.369606	0.365478	0.361016	0.356249	0.351206	0.345923	0.340437	0.334785	0.329008	0.323143	0.317228	0.311295	0.305376	0.299496	0.293677	0.287938	0.282294	0.276756	0.271332	0.26603	0.260853	0.255805	0.250886	
0.246708	0.251373	0.256151	0.261037	0.26603	0.271123	0.276309	0.281579	0.286921	0.292322	0.297763	0.303224	0.308682	0.31411	0.31948	0.324759	0.329916	0.334917	0.339729	0.344321	0.348663	0.352728	0.356491	0.35993	0.363029	0.36577	0.368142	0.370133	0.371735	0.372942	0.373749	0.374153	0.374153	0.373749	0.372942	0.371735	0.370133	0.368142	0.36577	0.363029	0.35993	0.356491	0.352728	0.348663	0.344321	0.339729	0.334917	0.329916	0.324759	0.31948	0.31411	0.308682	0.303224	0.297763	0.292322	0.286921	0.281579	0.276309	0.271123	0.26603	0.261037	0.256151	0.251373	0.246708	
0.24259	0.247015	0.251537	0.256151	0.260853	0.265638	0.270498	0.275423	0.280403	0.285423	0.290467	0.295516	0.300551	0.305546	0.310477	0.315316	0.320036	0.324609	0.329006	0.3332	0.337165	0.340877	0.344315	0.34746	0.350294	0.352802	0.354974	0.356797	0.358266	0.359372	0.360113	0.360484	0.360484	0.360113	0.359372	0.358266	0.356797	0.354974	0.352802	0.350294	0.34746	0.344315	0.340877	0.337165	0.3332	0.329006	0.324609	0.320036	0.315316	0.310477	0.305546	0.300551	0.295516	0.290467	0.285423	0.280403	0.275423	0.270498	0.265638	0.260853	0.256151	0.251537	0.247015	0.24259	
0.238538	0.242736	0.247015	0.251373	0.255805	0.260303	0.264861	0.269469	0.274116	0.27879	0.283474	0.288152	0.292805	0.297413	0.301953	0.306402	0.310735	0.314928	0.318957	0.322798	0.326428	0.329827	0.332975	0.335854	0.338451	0.34075	0.342741	0.344413	0.345761	0.346776	0.347456	0.347796	0.347796	0.347456	0.346776	0.345761	0.344413	0.342741	0.34075	0.338451	0.335854	0.332975	0.329827	0.326428	0.322798	0.318957	0.314928	0.310735	0.306402	0.301953	0.297413	0.292805	0.288152	0.283474	0.27879	0.274116	0.269469	0.264861	0.260303	0.255805	0.251373	0.247015	0.242736	0.238538	
0.234556	0.238538	0.24259	0.246708	0.250886	0.255118	0.259396	0.263712	0.268054	0.272411	0.276768	0.28111	0.285421	0.289681	0.293871	0.297971	0.301959	0.305814	0.309515	0.313041	0.316373	0.319491	0.32238	0.325022	0.327405	0.329515	0.331343	0.332879	0.334117	0.33505	0.335675	0.335987	0.335987	0.335675	0.33505	0.334117	0.332879	0.331343	0.329515	0.327405	0.325022	0.32238	0.319491	0.316373	0.313041	0.309515	0.305814	0.301959	0.297971	0.293871	0.289681	0.285421	0.28111	0.276768	0.272411	0.268054	0.263712	0.259396	0.255118	0.250886	0.246708	0.24259	0.238538	0.234556	
