0	0	0	0	0	0	0	0	0	0	0	0	0	0	0	0	
0.2081	0.197161	0.186691	0.176808	0.167565	0.158972	0.152554	0.148451	0.146688	0.147309	0.150386	0.156025	0.164381	0.175671	0.188669	0.202609	
0.194628	0.185608	0.176808	0.168355	0.160324	0.152754	0.147216	0.143745	0.14238	0.143174	0.146199	0.151554	0.159378	0.169866	0.180987	0.192673	
0.182477	0.174989	0.167565	0.160324	0.153349	0.146809	0.142067	0.139171	0.13817	0.139123	0.1421	0.147198	0.154543	0.163639	0.173128	0.182914	
0.193484	0.194083	0.197623	0.207461	0.333451	0.363355	0.373505	0.377704	0.378952	0.377965	0.374158	0.364678	0.239593	0.211223	0.203183	0.201474	
0.206011	0.214125	0.227721	0.274982	0.437904	0.492059	0.514967	0.525612	0.528934	0.526147	0.516169	0.471247	0.30973	0.256157	0.232915	0.220685	
0.219148	0.233842	0.262476	0.334955	0.514182	0.582016	0.614054	0.629809	0.634843	0.630587	0.608807	0.540462	0.36309	0.294973	0.260384	0.239373	
0.232216	0.255445	0.295326	0.38241	0.571365	0.647774	0.686113	0.705651	0.712003	0.703415	0.673223	0.591854	0.40515	0.327686	0.28483	0.256811	
0.246479	0.276543	0.324642	0.42117	0.616639	0.698853	0.741608	0.763897	0.769349	0.757474	0.721491	0.632045	0.439163	0.355213	0.30623	0.272683	
0.260765	0.296241	0.350457	0.453583	0.653697	0.740051	0.785987	0.80904	0.813688	0.799356	0.759304	0.664417	0.467171	0.378489	0.324855	0.287093	
0.274515	0.314293	0.373176	0.48115	0.684716	0.774135	0.821532	0.845024	0.848982	0.832798	0.78979	0.691023	0.490554	0.398295	0.341192	0.300085	
0.287485	0.330715	0.393238	0.504906	0.711113	0.802194	0.8506	0.87434	0.877714	0.860103	0.814879	0.713225	0.510299	0.415382	0.355555	0.311764	
0.277631	0.316805	0.37239	0.47089	0.546684	0.603463	0.638406	0.6557	0.656663	0.640014	0.599823	0.510299	0.43703	0.376258	0.330377	0.294308	
0.266463	0.301411	0.350211	0.414118	0.455036	0.489297	0.512635	0.52401	0.522776	0.507159	0.471752	0.415382	0.376258	0.337931	0.304283	0.275612	
0.254808	0.285885	0.322064	0.363048	0.389334	0.41134	0.426492	0.43319	0.430151	0.415387	0.39039	0.355555	0.330377	0.304283	0.279501	0.257007	
0.243292	0.26786	0.294774	0.323035	0.340974	0.355585	0.365219	0.368495	0.364067	0.352907	0.335156	0.311764	0.294308	0.275612	0.257007	0.239334	
