0.232601	0.234548	0.236513	0.238495	0.240494	0.242509	0.244539	0.246583	0.248642	0.250714	0.252798	0.254894	0.257	0.259115	0.261239	0.263368	0.265504	0.267643	0.269784	0.271925	0.274066	0.276203	0.278335	0.28046	0.282575	0.284679	0.286768	0.288842	0.290896	0.292929	0.294939	0.296922	0.298876	0.300799	0.302687	0.304539	0.306352	0.308123	0.309849	0.31153	0.313161	0.314741	0.316268	0.317739	0.319153	0.320508	0.321802	0.323033	0.324199	0.3253	0.326333	0.327298	0.328193	0.329017	0.329769	0.330449	0.331055	0.331587	0.332044	0.332425	0.332731	0.332961	0.333114	0.33319	0.33319	0.333114	0.332961	0.332731	0.332425	0.332044	0.331587	0.331055	0.330449	0.329769	0.329017	0.328193	0.327298	0.326333	0.3253	0.324199	0.323033	0.321802	0.320508	0.319153	0.317739	0.316268	0.314741	0.313161	0.31153	0.309849	0.308123	0.306352	0.304539	0.302687	0.300799	0.298876	0.296922	0.294939	0.292929	0.290896	0.288842	0.286768	0.284679	0.282575	0.28046	0.278335	0.276203	0.274066	0.271925	0.269784	0.267643	0.265504	0.263368	0.261239	0.259115	0.257	0.254894	0.252798	0.250714	0.248642	0.246583	0.244539	0.242509	0.240494	0.238495	0.236513	0.234548	0.232601	
0.234548	0.236547	0.238564	0.2406	0.242654	0.244725	0.246813	0.248918	0.251038	0.253173	0.255321	0.257483	0.259656	0.26184	0.264033	0.266235	0.268443	0.270656	0.272873	0.275092	0.27731	0.279526	0.281738	0.283943	0.28614	0.288326	0.290498	0.292654	0.294791	0.296908	0.299	0.301065	0.303101	0.305104	0.307072	0.309003	0.310893	0.31274	0.314541	0.316294	0.317996	0.319644	0.321237	0.322773	0.324248	0.325662	0.327012	0.328296	0.329513	0.330662	0.33174	0.332746	0.33368	0.334539	0.335324	0.336033	0.336665	0.33722	0.337696	0.338094	0.338413	0.338653	0.338813	0.338892	0.338892	0.338813	0.338653	0.338413	0.338094	0.337696	0.33722	0.336665	0.336033	0.335324	0.334539	0.33368	0.332746	0.33174	0.330662	0.329513	0.328296	0.327012	0.325662	0.324248	0.322773	0.321237	0.319644	0.317996	0.316294	0.314541	0.31274	0.310893	0.309003	0.307072	0.305104	0.303101	0.301065	0.299	0.296908	0.294791	0.292654	0.290498	0.288326	0.28614	0.283943	0.281738	0.279526	0.27731	0.275092	0.272873	0.270656	0.268443	0.266235	0.264033	0.26184	0.259656	0.257483	0.255321	0.253173	0.251038	0.248918	0.246813	0.244725	0.242654	0.2406	0.238564	0.236547	0.234548	
0.236513	0.238564	0.240636	0.242727	0.244837	0.246967	0.249116	0.251282	0.253465	0.255665	0.25788	0.260109	0.262353	0.264608	0.266875	0.269151	0.271435	0.273726	0.276022	0.278321	0.280621	0.28292	0.285216	0.287506	0.289789	0.292061	0.29432	0.296563	0.298788	0.300992	0.303171	0.305323	0.307445	0.309534	0.311587	0.313601	0.315573	0.3175	0.31938	0.321209	0.322986	0.324707	0.32637	0.327973	0.329513	0.330989	0.332398	0.333739	0.335009	0.336208	0.337333	0.338384	0.339358	0.340255	0.341074	0.341814	0.342473	0.343052	0.343549	0.343964	0.344297	0.344547	0.344713	0.344797	0.344797	0.344713	0.344547	0.344297	0.343964	0.343549	0.343052	0.342473	0.341814	0.341074	0.340255	0.339358	0.338384	0.337333	0.336208	0.335009	0.333739	0.332398	0.330989	0.329513	0.327973	0.32637	0.324707	0.322986	0.321209	0.31938	0.3175	0.315573	0.313601	0.311587	0.309534	0.307445	0.305323	0.303171	0.300992	0.298788	0.296563	0.29432	0.292061	0.289789	0.287506	0.285216	0.28292	0.280621	0.278321	0.276022	0.273726	0.271435	0.269151	0.266875	0.264608	0.262353	0.260109	0.25788	0.255665	0.253465	0.251282	0.249116	0.246967	0.244837	0.242727	0.240636	0.238564	0.236513	
0.238495	0.2406	0.242727	0.244875	0.247044	0.249234	0.251445	0.253675	0.255923	0.25819	0.260475	0.262775	0.265091	0.267421	0.269763	0.272118	0.274482	0.276854	0.279232	0.281616	0.284001	0.286387	0.288772	0.291151	0.293524	0.295887	0.298238	0.300573	0.30289	0.305186	0.307458	0.309702	0.311915	0.314095	0.316237	0.318339	0.320398	0.32241	0.324373	0.326284	0.328139	0.329937	0.331674	0.333349	0.334958	0.336499	0.337971	0.339371	0.340698	0.341949	0.343124	0.344221	0.345238	0.346175	0.34703	0.347802	0.34849	0.349094	0.349613	0.350046	0.350393	0.350654	0.350828	0.350915	0.350915	0.350828	0.350654	0.350393	0.350046	0.349613	0.349094	0.34849	0.347802	0.34703	0.346175	0.345238	0.344221	0.343124	0.341949	0.340698	0.339371	0.337971	0.336499	0.334958	0.333349	0.331674	0.329937	0.328139	0.326284	0.324373	0.32241	0.320398	0.318339	0.316237	0.314095	0.311915	0.309702	0.307458	0.305186	0.30289	0.300573	0.298238	0.295887	0.293524	0.291151	0.288772	0.286387	0.284001	0.281616	0.279232	0.276854	0.274482	0.272118	0.269763	0.267421	0.265091	0.262775	0.260475	0.25819	0.255923	0.253675	0.251445	0.249234	0.247044	0.244875	0.242727	0.2406	0.238495	
0.240494	0.242654	0.244837	0.247044	0.249274	0.251526	0.253801	0.256096	0.258413	0.26075	0.263105	0.26548	0.267871	0.270278	0.2727	0.275135	0.277583	0.28004	0.282505	0.284977	0.287452	0.28993	0.292407	0.29488	0.297348	0.299807	0.302255	0.304688	0.307103	0.309496	0.311866	0.314207	0.316517	0.318792	0.321029	0.323225	0.325376	0.327478	0.32953	0.331526	0.333466	0.335344	0.33716	0.33891	0.340591	0.342202	0.34374	0.345203	0.346589	0.347897	0.349124	0.35027	0.351332	0.35231	0.353203	0.354009	0.354727	0.355358	0.355899	0.356351	0.356714	0.356986	0.357167	0.357258	0.357258	0.357167	0.356986	0.356714	0.356351	0.355899	0.355358	0.354727	0.354009	0.353203	0.35231	0.351332	0.35027	0.349124	0.347897	0.346589	0.345203	0.34374	0.342202	0.340591	0.33891	0.33716	0.335344	0.333466	0.331526	0.32953	0.327478	0.325376	0.323225	0.321029	0.318792	0.316517	0.314207	0.311866	0.309496	0.307103	0.304688	0.302255	0.299807	0.297348	0.29488	0.292407	0.28993	0.287452	0.284977	0.282505	0.28004	0.277583	0.275135	0.2727	0.270278	0.267871	0.26548	0.263105	0.26075	0.258413	0.256096	0.253801	0.251526	0.249274	0.247044	0.244837	0.242654	0.240494	
0.242509	0.244725	0.246967	0.249234	0.251526	0.253843	0.256183	0.258547	0.260934	0.263342	0.265773	0.268223	0.270693	0.27318	0.275685	0.278205	0.280739	0.283285	0.285841	0.288405	0.290975	0.293549	0.296124	0.298696	0.301265	0.303825	0.306375	0.308911	0.311429	0.313927	0.316399	0.318844	0.321257	0.323634	0.325972	0.328267	0.330515	0.332713	0.334858	0.336946	0.338974	0.340939	0.342838	0.344667	0.346426	0.34811	0.349718	0.351247	0.352696	0.354063	0.355345	0.356542	0.357652	0.358673	0.359606	0.360447	0.361198	0.361856	0.362421	0.362894	0.363272	0.363556	0.363745	0.36384	0.36384	0.363745	0.363556	0.363272	0.362894	0.362421	0.361856	0.361198	0.360447	0.359606	0.358673	0.357652	0.356542	0.355345	0.354063	0.352696	0.351247	0.349718	0.34811	0.346426	0.344667	0.342838	0.340939	0.338974	0.336946	0.334858	0.332713	0.330515	0.328267	0.325972	0.323634	0.321257	0.318844	0.316399	0.313927	0.311429	0.308911	0.306375	0.303825	0.301265	0.298696	0.296124	0.293549	0.290975	0.288405	0.285841	0.283285	0.280739	0.278205	0.275685	0.27318	0.270693	0.268223	0.265773	0.263342	0.260934	0.258547	0.256183	0.253843	0.251526	0.249234	0.246967	0.244725	0.242509	
0.244539	0.246813	0.249116	0.251445	0.253801	0.256183	0.258592	0.261026	0.263485	0.265968	0.268475	0.271005	0.273556	0.276128	0.278719	0.281327	0.283952	0.286591	0.289242	0.291903	0.294573	0.297247	0.299925	0.302602	0.305276	0.307944	0.310602	0.313247	0.315875	0.318482	0.321065	0.323619	0.326141	0.328627	0.331072	0.333472	0.335824	0.338124	0.340369	0.342554	0.344676	0.346732	0.348718	0.350633	0.352472	0.354234	0.355916	0.357515	0.35903	0.360459	0.3618	0.363051	0.364211	0.365278	0.366252	0.367131	0.367915	0.368603	0.369193	0.369686	0.370081	0.370378	0.370575	0.370674	0.370674	0.370575	0.370378	0.370081	0.369686	0.369193	0.368603	0.367915	0.367131	0.366252	0.365278	0.364211	0.363051	0.3618	0.360459	0.35903	0.357515	0.355916	0.354234	0.352472	0.350633	0.348718	0.346732	0.344676	0.342554	0.340369	0.338124	0.335824	0.333472	0.331072	0.328627	0.326141	0.323619	0.321065	0.318482	0.315875	0.313247	0.310602	0.307944	0.305276	0.302602	0.299925	0.297247	0.294573	0.291903	0.289242	0.286591	0.283952	0.281327	0.278719	0.276128	0.273556	0.271005	0.268475	0.265968	0.263485	0.261026	0.258592	0.256183	0.253801	0.251445	0.249116	0.246813	0.244539	
0.246583	0.248918	0.251282	0.253675	0.256096	0.258547	0.261026	0.263533	0.266067	0.268627	0.271214	0.273826	0.276462	0.279121	0.281801	0.284502	0.287222	0.289958	0.292709	0.295472	0.298246	0.301027	0.303813	0.306601	0.309387	0.312168	0.314941	0.317702	0.320446	0.32317	0.32587	0.32854	0.331178	0.333779	0.336338	0.33885	0.341313	0.343722	0.346072	0.34836	0.350582	0.352735	0.354815	0.356819	0.358744	0.360588	0.362348	0.364022	0.365606	0.367101	0.368503	0.369811	0.371023	0.372139	0.373157	0.374076	0.374895	0.375613	0.37623	0.376745	0.377157	0.377467	0.377673	0.377777	0.377777	0.377673	0.377467	0.377157	0.376745	0.37623	0.375613	0.374895	0.374076	0.373157	0.372139	0.371023	0.369811	0.368503	0.367101	0.365606	0.364022	0.362348	0.360588	0.358744	0.356819	0.354815	0.352735	0.350582	0.34836	0.346072	0.343722	0.341313	0.33885	0.336338	0.333779	0.331178	0.32854	0.32587	0.32317	0.320446	0.317702	0.314941	0.312168	0.309387	0.306601	0.303813	0.301027	0.298246	0.295472	0.292709	0.289958	0.287222	0.284502	0.281801	0.279121	0.276462	0.273826	0.271214	0.268627	0.266067	0.263533	0.261026	0.258547	0.256096	0.253675	0.251282	0.248918	0.246583	
0.248642	0.251038	0.253465	0.255923	0.258413	0.260934	0.263485	0.266067	0.268678	0.271319	0.273988	0.276686	0.27941	0.282159	0.284933	0.287731	0.290549	0.293387	0.296242	0.299113	0.301996	0.30489	0.30779	0.310695	0.313599	0.316501	0.319395	0.322279	0.325147	0.327995	0.330819	0.333614	0.336376	0.339099	0.341779	0.344412	0.346992	0.349516	0.351979	0.354376	0.356705	0.35896	0.36114	0.363239	0.365256	0.367187	0.369029	0.370781	0.37244	0.374003	0.37547	0.376838	0.378106	0.379272	0.380336	0.381297	0.382152	0.382903	0.383547	0.384085	0.384516	0.384839	0.385055	0.385163	0.385163	0.385055	0.384839	0.384516	0.384085	0.383547	0.382903	0.382152	0.381297	0.380336	0.379272	0.378106	0.376838	0.37547	0.374003	0.37244	0.370781	0.369029	0.367187	0.365256	0.363239	0.36114	0.35896	0.356705	0.354376	0.351979	0.349516	0.346992	0.344412	0.341779	0.339099	0.336376	0.333614	0.330819	0.327995	0.325147	0.322279	0.319395	0.316501	0.313599	0.310695	0.30779	0.30489	0.301996	0.299113	0.296242	0.293387	0.290549	0.287731	0.284933	0.282159	0.27941	0.276686	0.273988	0.271319	0.268678	0.266067	0.263485	0.260934	0.258413	0.255923	0.253465	0.251038	0.248642	
0.250714	0.253173	0.255665	0.25819	0.26075	0.263342	0.265968	0.268627	0.271319	0.274043	0.276798	0.279583	0.282399	0.285243	0.288115	0.291012	0.293934	0.296879	0.299844	0.302827	0.305826	0.308838	0.311859	0.314887	0.317917	0.320947	0.32397	0.326984	0.329984	0.332965	0.335922	0.338849	0.341743	0.344597	0.347407	0.350167	0.352873	0.35552	0.358103	0.360617	0.363059	0.365424	0.367709	0.369909	0.372023	0.374046	0.375976	0.37781	0.379547	0.381183	0.382718	0.384149	0.385476	0.386696	0.387808	0.388812	0.389706	0.39049	0.391164	0.391726	0.392176	0.392514	0.392739	0.392852	0.392852	0.392739	0.392514	0.392176	0.391726	0.391164	0.39049	0.389706	0.388812	0.387808	0.386696	0.385476	0.384149	0.382718	0.381183	0.379547	0.37781	0.375976	0.374046	0.372023	0.369909	0.367709	0.365424	0.363059	0.360617	0.358103	0.35552	0.352873	0.350167	0.347407	0.344597	0.341743	0.338849	0.335922	0.332965	0.329984	0.326984	0.32397	0.320947	0.317917	0.314887	0.311859	0.308838	0.305826	0.302827	0.299844	0.296879	0.293934	0.291012	0.288115	0.285243	0.282399	0.279583	0.276798	0.274043	0.271319	0.268627	0.265968	0.263342	0.26075	0.25819	0.255665	0.253173	0.250714	
0.252798	0.255321	0.25788	0.260475	0.263105	0.265773	0.268475	0.271214	0.273988	0.276798	0.279641	0.282519	0.28543	0.288372	0.291345	0.294348	0.297378	0.300435	0.303515	0.306617	0.309737	0.312874	0.316023	0.319181	0.322345	0.325509	0.328671	0.331824	0.334964	0.338086	0.341185	0.344254	0.347289	0.350283	0.353232	0.356129	0.358969	0.361747	0.364458	0.367097	0.36966	0.372141	0.374538	0.376846	0.379062	0.381183	0.383205	0.385127	0.386946	0.38866	0.390266	0.391764	0.393152	0.394428	0.395591	0.396641	0.397576	0.398395	0.399099	0.399686	0.400156	0.400509	0.400745	0.400862	0.400862	0.400745	0.400509	0.400156	0.399686	0.399099	0.398395	0.397576	0.396641	0.395591	0.394428	0.393152	0.391764	0.390266	0.38866	0.386946	0.385127	0.383205	0.381183	0.379062	0.376846	0.374538	0.372141	0.36966	0.367097	0.364458	0.361747	0.358969	0.356129	0.353232	0.350283	0.347289	0.344254	0.341185	0.338086	0.334964	0.331824	0.328671	0.325509	0.322345	0.319181	0.316023	0.312874	0.309737	0.306617	0.303515	0.300435	0.297378	0.294348	0.291345	0.288372	0.28543	0.282519	0.279641	0.276798	0.273988	0.271214	0.268475	0.265773	0.263105	0.260475	0.25788	0.255321	0.252798	
0.254894	0.257483	0.260109	0.262775	0.26548	0.268223	0.271005	0.273826	0.276686	0.279583	0.282519	0.285492	0.288501	0.291546	0.294625	0.297737	0.300881	0.304055	0.307256	0.310482	0.313731	0.316999	0.320284	0.32358	0.326885	0.330194	0.333502	0.336803	0.340094	0.343367	0.346617	0.349838	0.353024	0.356169	0.359266	0.362309	0.365293	0.368212	0.37106	0.373832	0.376524	0.379129	0.381645	0.384068	0.386392	0.388617	0.390737	0.392752	0.394658	0.396453	0.398135	0.399703	0.401155	0.40249	0.403707	0.404804	0.405782	0.406638	0.407374	0.407987	0.408479	0.408847	0.409093	0.409216	0.409216	0.409093	0.408847	0.408479	0.407987	0.407374	0.406638	0.405782	0.404804	0.403707	0.40249	0.401155	0.399703	0.398135	0.396453	0.394658	0.392752	0.390737	0.388617	0.386392	0.384068	0.381645	0.379129	0.376524	0.373832	0.37106	0.368212	0.365293	0.362309	0.359266	0.356169	0.353024	0.349838	0.346617	0.343367	0.340094	0.336803	0.333502	0.330194	0.326885	0.32358	0.320284	0.316999	0.313731	0.310482	0.307256	0.304055	0.300881	0.297737	0.294625	0.291546	0.288501	0.285492	0.282519	0.279583	0.276686	0.273826	0.271005	0.268223	0.26548	0.262775	0.260109	0.257483	0.254894	
0.257	0.259656	0.262353	0.265091	0.267871	0.270693	0.273556	0.276462	0.27941	0.282399	0.28543	0.288501	0.291613	0.294764	0.297954	0.30118	0.304443	0.307739	0.311067	0.314425	0.317809	0.321216	0.324644	0.328087	0.331543	0.335005	0.338469	0.34193	0.34538	0.348815	0.352228	0.355612	0.358961	0.362267	0.365523	0.368724	0.371862	0.374932	0.377927	0.380841	0.38367	0.386408	0.389051	0.391595	0.394036	0.39637	0.398594	0.400707	0.402704	0.404585	0.406347	0.407989	0.409509	0.410905	0.412178	0.413326	0.414348	0.415244	0.416012	0.416653	0.417167	0.417552	0.417809	0.417937	0.417937	0.417809	0.417552	0.417167	0.416653	0.416012	0.415244	0.414348	0.413326	0.412178	0.410905	0.409509	0.407989	0.406347	0.404585	0.402704	0.400707	0.398594	0.39637	0.394036	0.391595	0.389051	0.386408	0.38367	0.380841	0.377927	0.374932	0.371862	0.368724	0.365523	0.362267	0.358961	0.355612	0.352228	0.348815	0.34538	0.34193	0.338469	0.335005	0.331543	0.328087	0.324644	0.321216	0.317809	0.314425	0.311067	0.307739	0.304443	0.30118	0.297954	0.294764	0.291613	0.288501	0.28543	0.282399	0.27941	0.276462	0.273556	0.270693	0.267871	0.265091	0.262353	0.259656	0.257	
0.259115	0.26184	0.264608	0.267421	0.270278	0.27318	0.276128	0.279121	0.282159	0.285243	0.288372	0.291546	0.294764	0.298026	0.301331	0.304677	0.308063	0.311488	0.31495	0.318445	0.321972	0.325527	0.329106	0.332706	0.336321	0.339948	0.343579	0.347209	0.350832	0.354441	0.358029	0.361588	0.365111	0.368591	0.372019	0.375389	0.378694	0.381925	0.385078	0.388145	0.391121	0.394	0.396779	0.399452	0.402015	0.404466	0.406801	0.409016	0.411111	0.413082	0.414928	0.416647	0.418238	0.4197	0.421032	0.422232	0.423301	0.424237	0.42504	0.42571	0.426246	0.426649	0.426917	0.427051	0.427051	0.426917	0.426649	0.426246	0.42571	0.42504	0.424237	0.423301	0.422232	0.421032	0.4197	0.418238	0.416647	0.414928	0.413082	0.411111	0.409016	0.406801	0.404466	0.402015	0.399452	0.396779	0.394	0.391121	0.388145	0.385078	0.381925	0.378694	0.375389	0.372019	0.368591	0.365111	0.361588	0.358029	0.354441	0.350832	0.347209	0.343579	0.339948	0.336321	0.332706	0.329106	0.325527	0.321972	0.318445	0.31495	0.311488	0.308063	0.304677	0.301331	0.298026	0.294764	0.291546	0.288372	0.285243	0.282159	0.279121	0.276128	0.27318	0.270278	0.267421	0.264608	0.26184	0.259115	
0.261239	0.264033	0.266875	0.269763	0.2727	0.275685	0.278719	0.281801	0.284933	0.288115	0.291345	0.294625	0.297954	0.301331	0.304755	0.308226	0.311742	0.315302	0.318904	0.322545	0.326222	0.329933	0.333674	0.337439	0.341225	0.345026	0.348837	0.352649	0.356458	0.360254	0.36403	0.367779	0.37149	0.375158	0.378771	0.382324	0.385807	0.389213	0.392534	0.395765	0.398899	0.40193	0.404853	0.407664	0.410358	0.412932	0.415383	0.417708	0.419905	0.421972	0.423906	0.425707	0.427373	0.428903	0.430296	0.431551	0.432669	0.433647	0.434487	0.435187	0.435747	0.436167	0.436448	0.436588	0.436588	0.436448	0.436167	0.435747	0.435187	0.434487	0.433647	0.432669	0.431551	0.430296	0.428903	0.427373	0.425707	0.423906	0.421972	0.419905	0.417708	0.415383	0.412932	0.410358	0.407664	0.404853	0.40193	0.398899	0.395765	0.392534	0.389213	0.385807	0.382324	0.378771	0.375158	0.37149	0.367779	0.36403	0.360254	0.356458	0.352649	0.348837	0.345026	0.341225	0.337439	0.333674	0.329933	0.326222	0.322545	0.318904	0.315302	0.311742	0.308226	0.304755	0.301331	0.297954	0.294625	0.291345	0.288115	0.284933	0.281801	0.278719	0.275685	0.2727	0.269763	0.266875	0.264033	0.261239	
0.263368	0.266235	0.269151	0.272118	0.275135	0.278205	0.281327	0.284502	0.287731	0.291012	0.294348	0.297737	0.30118	0.304677	0.308226	0.311827	0.315479	0.31918	0.322929	0.326723	0.33056	0.334436	0.338348	0.34229	0.346259	0.350247	0.35425	0.358259	0.362266	0.366265	0.370245	0.374198	0.378114	0.381984	0.385798	0.389548	0.393224	0.396818	0.400322	0.403729	0.407032	0.410225	0.413302	0.41626	0.419093	0.421799	0.424373	0.426814	0.429119	0.431286	0.433313	0.435199	0.436944	0.438545	0.440002	0.441315	0.442484	0.443506	0.444384	0.445115	0.4457	0.446139	0.446432	0.446578	0.446578	0.446432	0.446139	0.4457	0.445115	0.444384	0.443506	0.442484	0.441315	0.440002	0.438545	0.436944	0.435199	0.433313	0.431286	0.429119	0.426814	0.424373	0.421799	0.419093	0.41626	0.413302	0.410225	0.407032	0.403729	0.400322	0.396818	0.393224	0.389548	0.385798	0.381984	0.378114	0.374198	0.370245	0.366265	0.362266	0.358259	0.35425	0.350247	0.346259	0.34229	0.338348	0.334436	0.33056	0.326723	0.322929	0.31918	0.315479	0.311827	0.308226	0.304677	0.30118	0.297737	0.294348	0.291012	0.287731	0.284502	0.281327	0.278205	0.275135	0.272118	0.269151	0.266235	0.263368	
0.265504	0.268443	0.271435	0.274482	0.277583	0.280739	0.283952	0.287222	0.290549	0.293934	0.297378	0.300881	0.304443	0.308063	0.311742	0.315479	0.319273	0.323122	0.327026	0.330982	0.334987	0.339038	0.343131	0.347262	0.351426	0.355615	0.359824	0.364045	0.368268	0.372486	0.376687	0.380862	0.385	0.38909	0.393123	0.397086	0.400971	0.404769	0.40847	0.412066	0.41555	0.418917	0.42216	0.425274	0.428255	0.4311	0.433805	0.436368	0.438787	0.441059	0.443184	0.445161	0.446987	0.448663	0.450188	0.451561	0.452782	0.453851	0.454767	0.455531	0.456143	0.456601	0.456907	0.45706	0.45706	0.456907	0.456601	0.456143	0.455531	0.454767	0.453851	0.452782	0.451561	0.450188	0.448663	0.446987	0.445161	0.443184	0.441059	0.438787	0.436368	0.433805	0.4311	0.428255	0.425274	0.42216	0.418917	0.41555	0.412066	0.40847	0.404769	0.400971	0.397086	0.393123	0.38909	0.385	0.380862	0.376687	0.372486	0.368268	0.364045	0.359824	0.355615	0.351426	0.347262	0.343131	0.339038	0.334987	0.330982	0.327026	0.323122	0.319273	0.315479	0.311742	0.308063	0.304443	0.300881	0.297378	0.293934	0.290549	0.287222	0.283952	0.280739	0.277583	0.274482	0.271435	0.268443	0.265504	
0.267643	0.270656	0.273726	0.276854	0.28004	0.283285	0.286591	0.289958	0.293387	0.296879	0.300435	0.304055	0.307739	0.311488	0.315302	0.31918	0.323122	0.327127	0.331194	0.335319	0.339502	0.343739	0.348026	0.352358	0.356731	0.361136	0.365568	0.370017	0.374475	0.37893	0.383372	0.387789	0.392169	0.396499	0.400769	0.404966	0.409078	0.413096	0.41701	0.42081	0.42449	0.428043	0.431463	0.434744	0.437883	0.440875	0.443719	0.446411	0.44895	0.451333	0.453561	0.455631	0.457543	0.459297	0.460892	0.462328	0.463604	0.464721	0.465679	0.466477	0.467115	0.467594	0.467913	0.468072	0.468072	0.467913	0.467594	0.467115	0.466477	0.465679	0.464721	0.463604	0.462328	0.460892	0.459297	0.457543	0.455631	0.453561	0.451333	0.44895	0.446411	0.443719	0.440875	0.437883	0.434744	0.431463	0.428043	0.42449	0.42081	0.41701	0.413096	0.409078	0.404966	0.400769	0.396499	0.392169	0.387789	0.383372	0.37893	0.374475	0.370017	0.365568	0.361136	0.356731	0.352358	0.348026	0.343739	0.339502	0.335319	0.331194	0.327127	0.323122	0.31918	0.315302	0.311488	0.307739	0.304055	0.300435	0.296879	0.293387	0.289958	0.286591	0.283285	0.28004	0.276854	0.273726	0.270656	0.267643	
0.269784	0.272873	0.276022	0.279232	0.282505	0.285841	0.289242	0.292709	0.296242	0.299844	0.303515	0.307256	0.311067	0.31495	0.318904	0.322929	0.327026	0.331194	0.335431	0.339736	0.344107	0.34854	0.353033	0.357581	0.362177	0.366816	0.371488	0.376186	0.380897	0.385612	0.390317	0.394999	0.399644	0.404238	0.408767	0.413218	0.417578	0.421836	0.42598	0.430002	0.433893	0.437646	0.441255	0.444714	0.44802	0.45117	0.454159	0.456988	0.459653	0.462153	0.464488	0.466657	0.468659	0.470494	0.472162	0.473663	0.474997	0.476164	0.477164	0.477997	0.478663	0.479163	0.479496	0.479662	0.479662	0.479496	0.479163	0.478663	0.477997	0.477164	0.476164	0.474997	0.473663	0.472162	0.470494	0.468659	0.466657	0.464488	0.462153	0.459653	0.456988	0.454159	0.45117	0.44802	0.444714	0.441255	0.437646	0.433893	0.430002	0.42598	0.421836	0.417578	0.413218	0.408767	0.404238	0.399644	0.394999	0.390317	0.385612	0.380897	0.376186	0.371488	0.366816	0.362177	0.357581	0.353033	0.34854	0.344107	0.339736	0.335431	0.331194	0.327026	0.322929	0.318904	0.31495	0.311067	0.307256	0.303515	0.299844	0.296242	0.292709	0.289242	0.285841	0.282505	0.279232	0.276022	0.272873	0.269784	
0.271925	0.275092	0.278321	0.281616	0.284977	0.288405	0.291903	0.295472	0.299113	0.302827	0.306617	0.310482	0.314425	0.318445	0.322545	0.326723	0.330982	0.335319	0.339736	0.34423	0.348799	0.353442	0.358155	0.362933	0.36777	0.37266	0.377593	0.38256	0.38755	0.392549	0.397542	0.402515	0.407452	0.412336	0.41715	0.421881	0.426512	0.431031	0.435427	0.439688	0.443806	0.447774	0.451585	0.455235	0.458719	0.462035	0.465179	0.468151	0.470949	0.473572	0.476019	0.478291	0.480387	0.482307	0.484051	0.48562	0.487013	0.488232	0.489276	0.490145	0.490841	0.491362	0.491709	0.491883	0.491883	0.491709	0.491362	0.490841	0.490145	0.489276	0.488232	0.487013	0.48562	0.484051	0.482307	0.480387	0.478291	0.476019	0.473572	0.470949	0.468151	0.465179	0.462035	0.458719	0.455235	0.451585	0.447774	0.443806	0.439688	0.435427	0.431031	0.426512	0.421881	0.41715	0.412336	0.407452	0.402515	0.397542	0.392549	0.38755	0.38256	0.377593	0.37266	0.36777	0.362933	0.358155	0.353442	0.348799	0.34423	0.339736	0.335319	0.330982	0.326723	0.322545	0.318445	0.314425	0.310482	0.306617	0.302827	0.299113	0.295472	0.291903	0.288405	0.284977	0.281616	0.278321	0.275092	0.271925	
0.274066	0.27731	0.280621	0.284001	0.287452	0.290975	0.294573	0.298246	0.301996	0.305826	0.309737	0.313731	0.317809	0.321972	0.326222	0.33056	0.334987	0.339502	0.344107	0.348799	0.353579	0.358444	0.363391	0.368415	0.373512	0.378673	0.38389	0.389152	0.394446	0.399758	0.40507	0.410366	0.415625	0.420829	0.425959	0.430998	0.435927	0.440733	0.445402	0.449923	0.454287	0.458486	0.462514	0.466367	0.47004	0.473532	0.47684	0.479963	0.4829	0.485652	0.488217	0.490596	0.492789	0.494797	0.49662	0.498259	0.499715	0.500987	0.502076	0.502983	0.503708	0.504252	0.504614	0.504795	0.504795	0.504614	0.504252	0.503708	0.502983	0.502076	0.500987	0.499715	0.498259	0.49662	0.494797	0.492789	0.490596	0.488217	0.485652	0.4829	0.479963	0.47684	0.473532	0.47004	0.466367	0.462514	0.458486	0.454287	0.449923	0.445402	0.440733	0.435927	0.430998	0.425959	0.420829	0.415625	0.410366	0.40507	0.399758	0.394446	0.389152	0.38389	0.378673	0.373512	0.368415	0.363391	0.358444	0.353579	0.348799	0.344107	0.339502	0.334987	0.33056	0.326222	0.321972	0.317809	0.313731	0.309737	0.305826	0.301996	0.298246	0.294573	0.290975	0.287452	0.284001	0.280621	0.27731	0.274066	
0.276203	0.279526	0.28292	0.286387	0.28993	0.293549	0.297247	0.301027	0.30489	0.308838	0.312874	0.316999	0.321216	0.325527	0.329933	0.334436	0.339038	0.343739	0.34854	0.353442	0.358444	0.363544	0.368741	0.374029	0.379405	0.384861	0.390387	0.395973	0.401603	0.407261	0.412927	0.418581	0.4242	0.429762	0.435243	0.440622	0.445881	0.451001	0.45597	0.460773	0.465403	0.469851	0.474112	0.478181	0.482055	0.485733	0.489213	0.492495	0.495579	0.498464	0.501152	0.503643	0.505937	0.508037	0.509942	0.511654	0.513173	0.5145	0.515637	0.516583	0.517339	0.517905	0.518283	0.518472	0.518472	0.518283	0.517905	0.517339	0.516583	0.515637	0.5145	0.513173	0.511654	0.509942	0.508037	0.505937	0.503643	0.501152	0.498464	0.495579	0.492495	0.489213	0.485733	0.482055	0.478181	0.474112	0.469851	0.465403	0.460773	0.45597	0.451001	0.445881	0.440622	0.435243	0.429762	0.4242	0.418581	0.412927	0.407261	0.401603	0.395973	0.390387	0.384861	0.379405	0.374029	0.368741	0.363544	0.358444	0.353442	0.34854	0.343739	0.339038	0.334436	0.329933	0.325527	0.321216	0.316999	0.312874	0.308838	0.30489	0.301027	0.297247	0.293549	0.28993	0.286387	0.28292	0.279526	0.276203	
0.278335	0.281738	0.285216	0.288772	0.292407	0.296124	0.299925	0.303813	0.30779	0.311859	0.316023	0.320284	0.324644	0.329106	0.333674	0.338348	0.343131	0.348026	0.353033	0.358155	0.363391	0.368741	0.374203	0.379775	0.385452	0.391228	0.397092	0.403034	0.409035	0.415079	0.421142	0.427199	0.433223	0.439185	0.445059	0.450819	0.456443	0.461911	0.467207	0.472319	0.477237	0.481953	0.486462	0.490762	0.49485	0.498724	0.502386	0.505834	0.509071	0.512096	0.514911	0.517518	0.519918	0.522112	0.524102	0.525889	0.527474	0.528858	0.530043	0.531029	0.531816	0.532407	0.5328	0.532997	0.532997	0.5328	0.532407	0.531816	0.531029	0.530043	0.528858	0.527474	0.525889	0.524102	0.522112	0.519918	0.517518	0.514911	0.512096	0.509071	0.505834	0.502386	0.498724	0.49485	0.490762	0.486462	0.481953	0.477237	0.472319	0.467207	0.461911	0.456443	0.450819	0.445059	0.439185	0.433223	0.427199	0.421142	0.415079	0.409035	0.403034	0.397092	0.391228	0.385452	0.379775	0.374203	0.368741	0.363391	0.358155	0.353033	0.348026	0.343131	0.338348	0.333674	0.329106	0.324644	0.320284	0.316023	0.311859	0.30779	0.303813	0.299925	0.296124	0.292407	0.288772	0.285216	0.281738	0.278335	
0.28046	0.283943	0.287506	0.291151	0.29488	0.298696	0.302602	0.306601	0.310695	0.314887	0.319181	0.32358	0.328087	0.332706	0.337439	0.34229	0.347262	0.352358	0.357581	0.362933	0.368415	0.374029	0.379775	0.385651	0.391654	0.397777	0.404012	0.410347	0.416763	0.42324	0.42975	0.436264	0.442746	0.449164	0.455482	0.46167	0.467702	0.473555	0.479212	0.484659	0.489889	0.494893	0.499669	0.504214	0.508527	0.512609	0.516461	0.520084	0.52348	0.526651	0.529599	0.532326	0.534834	0.537126	0.539203	0.541067	0.54272	0.544163	0.545397	0.546424	0.547245	0.547859	0.548269	0.548473	0.548473	0.548269	0.547859	0.547245	0.546424	0.545397	0.544163	0.54272	0.541067	0.539203	0.537126	0.534834	0.532326	0.529599	0.526651	0.52348	0.520084	0.516461	0.512609	0.508527	0.504214	0.499669	0.494893	0.489889	0.484659	0.479212	0.473555	0.467702	0.46167	0.455482	0.449164	0.442746	0.436264	0.42975	0.42324	0.416763	0.410347	0.404012	0.397777	0.391654	0.385651	0.379775	0.374029	0.368415	0.362933	0.357581	0.352358	0.347262	0.34229	0.337439	0.332706	0.328087	0.32358	0.319181	0.314887	0.310695	0.306601	0.302602	0.298696	0.29488	0.291151	0.287506	0.283943	0.28046	
0.282575	0.28614	0.289789	0.293524	0.297348	0.301265	0.305276	0.309387	0.313599	0.317917	0.322345	0.326885	0.331543	0.336321	0.341225	0.346259	0.351426	0.356731	0.362177	0.36777	0.373512	0.379405	0.385452	0.391654	0.398008	0.40451	0.411153	0.417924	0.424806	0.431773	0.438794	0.44583	0.452841	0.45978	0.466605	0.473279	0.479769	0.48605	0.492105	0.497919	0.503486	0.508801	0.513861	0.518666	0.523218	0.527518	0.531569	0.535373	0.538935	0.542257	0.545342	0.548194	0.550814	0.553207	0.555373	0.557317	0.559039	0.560542	0.561828	0.562896	0.56375	0.56439	0.564816	0.565028	0.565028	0.564816	0.56439	0.56375	0.562896	0.561828	0.560542	0.559039	0.557317	0.555373	0.553207	0.550814	0.548194	0.545342	0.542257	0.538935	0.535373	0.531569	0.527518	0.523218	0.518666	0.513861	0.508801	0.503486	0.497919	0.492105	0.48605	0.479769	0.473279	0.466605	0.45978	0.452841	0.44583	0.438794	0.431773	0.424806	0.417924	0.411153	0.40451	0.398008	0.391654	0.385452	0.379405	0.373512	0.36777	0.362177	0.356731	0.351426	0.346259	0.341225	0.336321	0.331543	0.326885	0.322345	0.317917	0.313599	0.309387	0.305276	0.301265	0.297348	0.293524	0.289789	0.28614	0.282575	
0.284679	0.288326	0.292061	0.295887	0.299807	0.303825	0.307944	0.312168	0.316501	0.320947	0.325509	0.330194	0.335005	0.339948	0.345026	0.350247	0.355615	0.361136	0.366816	0.37266	0.378673	0.384861	0.391228	0.397777	0.40451	0.411425	0.418517	0.425775	0.433182	0.44071	0.448321	0.455967	0.463593	0.47114	0.478552	0.485782	0.49279	0.49955	0.506044	0.512259	0.518192	0.523839	0.529201	0.534282	0.539084	0.543613	0.547871	0.551865	0.555599	0.559077	0.562304	0.565283	0.568019	0.570515	0.572774	0.574798	0.576592	0.578156	0.579493	0.580605	0.581493	0.582158	0.582601	0.582822	0.582822	0.582601	0.582158	0.581493	0.580605	0.579493	0.578156	0.576592	0.574798	0.572774	0.570515	0.568019	0.565283	0.562304	0.559077	0.555599	0.551865	0.547871	0.543613	0.539084	0.534282	0.529201	0.523839	0.518192	0.512259	0.506044	0.49955	0.49279	0.485782	0.478552	0.47114	0.463593	0.455967	0.448321	0.44071	0.433182	0.425775	0.418517	0.411425	0.40451	0.397777	0.391228	0.384861	0.378673	0.37266	0.366816	0.361136	0.355615	0.350247	0.345026	0.339948	0.335005	0.330194	0.325509	0.320947	0.316501	0.312168	0.307944	0.303825	0.299807	0.295887	0.292061	0.288326	0.284679	
0.286768	0.290498	0.29432	0.298238	0.302255	0.306375	0.310602	0.314941	0.319395	0.32397	0.328671	0.333502	0.338469	0.343579	0.348837	0.35425	0.359824	0.365568	0.371488	0.377593	0.38389	0.390387	0.397092	0.404012	0.411153	0.418517	0.426104	0.433908	0.441912	0.450088	0.458392	0.466762	0.475122	0.48339	0.491492	0.499365	0.506964	0.514261	0.52124	0.527893	0.534219	0.540222	0.545905	0.551276	0.556341	0.561108	0.565582	0.569772	0.573684	0.577323	0.580695	0.583805	0.586659	0.589261	0.591614	0.593722	0.595588	0.597215	0.598605	0.59976	0.600682	0.601373	0.601833	0.602063	0.602063	0.601833	0.601373	0.600682	0.59976	0.598605	0.597215	0.595588	0.593722	0.591614	0.589261	0.586659	0.583805	0.580695	0.577323	0.573684	0.569772	0.565582	0.561108	0.556341	0.551276	0.545905	0.540222	0.534219	0.527893	0.52124	0.514261	0.506964	0.499365	0.491492	0.48339	0.475122	0.466762	0.458392	0.450088	0.441912	0.433908	0.426104	0.418517	0.411153	0.404012	0.397092	0.390387	0.38389	0.377593	0.371488	0.365568	0.359824	0.35425	0.348837	0.343579	0.338469	0.333502	0.328671	0.32397	0.319395	0.314941	0.310602	0.306375	0.302255	0.298238	0.29432	0.290498	0.286768	
0.288842	0.292654	0.296563	0.300573	0.304688	0.308911	0.313247	0.317702	0.322279	0.326984	0.331824	0.336803	0.34193	0.347209	0.352649	0.358259	0.364045	0.370017	0.376186	0.38256	0.389152	0.395973	0.403034	0.410347	0.417924	0.425775	0.433908	0.442322	0.45101	0.459946	0.46908	0.478331	0.48759	0.496739	0.505667	0.514294	0.522571	0.530471	0.537985	0.545113	0.551863	0.558244	0.564266	0.569941	0.57528	0.580294	0.584992	0.589384	0.593478	0.597282	0.600803	0.604048	0.607022	0.609731	0.61218	0.614372	0.616312	0.618003	0.619447	0.620646	0.621604	0.622321	0.622798	0.623036	0.623036	0.622798	0.622321	0.621604	0.620646	0.619447	0.618003	0.616312	0.614372	0.61218	0.609731	0.607022	0.604048	0.600803	0.597282	0.593478	0.589384	0.584992	0.580294	0.57528	0.569941	0.564266	0.558244	0.551863	0.545113	0.537985	0.530471	0.522571	0.514294	0.505667	0.496739	0.48759	0.478331	0.46908	0.459946	0.45101	0.442322	0.433908	0.425775	0.417924	0.410347	0.403034	0.395973	0.389152	0.38256	0.376186	0.370017	0.364045	0.358259	0.352649	0.347209	0.34193	0.336803	0.331824	0.326984	0.322279	0.317702	0.313247	0.308911	0.304688	0.300573	0.296563	0.292654	0.288842	
0.290896	0.294791	0.298788	0.30289	0.307103	0.311429	0.315875	0.320446	0.325147	0.329984	0.334964	0.340094	0.34538	0.350832	0.356458	0.362266	0.368268	0.374475	0.380897	0.38755	0.394446	0.401603	0.409035	0.416763	0.424806	0.433182	0.441912	0.45101	0.460484	0.470322	0.480474	0.490837	0.501246	0.511505	0.521449	0.530973	0.540029	0.548605	0.556706	0.564348	0.571549	0.578329	0.584707	0.590699	0.596322	0.601591	0.606519	0.611118	0.615399	0.619371	0.623044	0.626426	0.629523	0.632341	0.634887	0.637165	0.63918	0.640935	0.642433	0.643678	0.644671	0.645414	0.645909	0.646156	0.646156	0.645909	0.645414	0.644671	0.643678	0.642433	0.640935	0.63918	0.637165	0.634887	0.632341	0.629523	0.626426	0.623044	0.619371	0.615399	0.611118	0.606519	0.601591	0.596322	0.590699	0.584707	0.578329	0.571549	0.564348	0.556706	0.548605	0.540029	0.530973	0.521449	0.511505	0.501246	0.490837	0.480474	0.470322	0.460484	0.45101	0.441912	0.433182	0.424806	0.416763	0.409035	0.401603	0.394446	0.38755	0.380897	0.374475	0.368268	0.362266	0.356458	0.350832	0.34538	0.340094	0.334964	0.329984	0.325147	0.320446	0.315875	0.311429	0.307103	0.30289	0.298788	0.294791	0.290896	
0.292929	0.296908	0.300992	0.305186	0.309496	0.313927	0.318482	0.32317	0.327995	0.332965	0.338086	0.343367	0.348815	0.354441	0.360254	0.366265	0.372486	0.37893	0.385612	0.392549	0.399758	0.407261	0.415079	0.42324	0.431773	0.44071	0.450088	0.459946	0.470322	0.481238	0.492678	0.504523	0.516499	0.528239	0.539467	0.550065	0.560016	0.569343	0.578083	0.586274	0.593952	0.60115	0.607897	0.614216	0.620132	0.625662	0.630825	0.635636	0.640107	0.644251	0.648078	0.651598	0.654819	0.657748	0.660393	0.662757	0.664847	0.666667	0.668221	0.66951	0.670539	0.671309	0.671822	0.672078	0.672078	0.671822	0.671309	0.670539	0.66951	0.668221	0.666667	0.664847	0.662757	0.660393	0.657748	0.654819	0.651598	0.648078	0.644251	0.640107	0.635636	0.630825	0.625662	0.620132	0.614216	0.607897	0.60115	0.593952	0.586274	0.578083	0.569343	0.560016	0.550065	0.539467	0.528239	0.516499	0.504523	0.492678	0.481238	0.470322	0.459946	0.450088	0.44071	0.431773	0.42324	0.415079	0.407261	0.399758	0.392549	0.385612	0.37893	0.372486	0.366265	0.360254	0.354441	0.348815	0.343367	0.338086	0.332965	0.327995	0.32317	0.318482	0.313927	0.309496	0.305186	0.300992	0.296908	0.292929	
0.294939	0.299	0.303171	0.307458	0.311866	0.316399	0.321065	0.32587	0.330819	0.335922	0.341185	0.346617	0.352228	0.358029	0.36403	0.370245	0.376687	0.383372	0.390317	0.397542	0.40507	0.412927	0.421142	0.42975	0.438794	0.448321	0.458392	0.46908	0.480474	0.492678	0.505788	0.519779	0.534168	0.548052	0.560947	0.572827	0.583791	0.593939	0.603362	0.612132	0.620308	0.627939	0.635064	0.64172	0.647934	0.653731	0.659132	0.664157	0.668821	0.673138	0.677121	0.680781	0.684127	0.687168	0.689911	0.692363	0.694529	0.696414	0.698023	0.699358	0.700423	0.70122	0.70175	0.702015	0.702015	0.70175	0.70122	0.700423	0.699358	0.698023	0.696414	0.694529	0.692363	0.689911	0.687168	0.684127	0.680781	0.677121	0.673138	0.668821	0.664157	0.659132	0.653731	0.647934	0.64172	0.635064	0.627939	0.620308	0.612132	0.603362	0.593939	0.583791	0.572827	0.560947	0.548052	0.534168	0.519779	0.505788	0.492678	0.480474	0.46908	0.458392	0.448321	0.438794	0.42975	0.421142	0.412927	0.40507	0.397542	0.390317	0.383372	0.376687	0.370245	0.36403	0.358029	0.352228	0.346617	0.341185	0.335922	0.330819	0.32587	0.321065	0.316399	0.311866	0.307458	0.303171	0.299	0.294939	
0.296922	0.301065	0.305323	0.309702	0.314207	0.318844	0.323619	0.32854	0.333614	0.338849	0.344254	0.349838	0.355612	0.361588	0.367779	0.374198	0.380862	0.387789	0.394999	0.402515	0.410366	0.418581	0.427199	0.436264	0.44583	0.455967	0.466762	0.478331	0.490837	0.504523	0.519779	0.537275	0.556728	0.574115	0.589152	0.60251	0.614579	0.625601	0.635738	0.645106	0.653792	0.661865	0.669377	0.676373	0.682889	0.688955	0.694597	0.699838	0.704696	0.709187	0.713327	0.717127	0.720599	0.723752	0.726594	0.729133	0.731375	0.733326	0.73499	0.736371	0.737472	0.738295	0.738843	0.739117	0.739117	0.738843	0.738295	0.737472	0.736371	0.73499	0.733326	0.731375	0.729133	0.726594	0.723752	0.720599	0.717127	0.713327	0.709187	0.704696	0.699838	0.694597	0.688955	0.682889	0.676373	0.669377	0.661865	0.653792	0.645106	0.635738	0.625601	0.614579	0.60251	0.589152	0.574115	0.556728	0.537275	0.519779	0.504523	0.490837	0.478331	0.466762	0.455967	0.44583	0.436264	0.427199	0.418581	0.410366	0.402515	0.394999	0.387789	0.380862	0.374198	0.367779	0.361588	0.355612	0.349838	0.344254	0.338849	0.333614	0.32854	0.323619	0.318844	0.314207	0.309702	0.305323	0.301065	0.296922	
0.298876	0.303101	0.307445	0.311915	0.316517	0.321257	0.326141	0.331178	0.336376	0.341743	0.347289	0.353024	0.358961	0.365111	0.37149	0.378114	0.385	0.392169	0.399644	0.407452	0.415625	0.4242	0.433223	0.442746	0.452841	0.463593	0.475122	0.48759	0.501246	0.516499	0.534168	0.556728	0.593614	0.616063	0.63351	0.648431	0.661643	0.673556	0.684417	0.69439	0.703591	0.712108	0.720008	0.727346	0.734164	0.7405	0.746384	0.751841	0.756893	0.761558	0.765855	0.769795	0.773392	0.776657	0.779599	0.782225	0.784543	0.786559	0.788279	0.789705	0.790842	0.791692	0.792258	0.792541	0.792541	0.792258	0.791692	0.790842	0.789705	0.788279	0.786559	0.784543	0.782225	0.779599	0.776657	0.773392	0.769795	0.765855	0.761558	0.756893	0.751841	0.746384	0.7405	0.734164	0.727346	0.720008	0.712108	0.703591	0.69439	0.684417	0.673556	0.661643	0.648431	0.63351	0.616063	0.593614	0.556728	0.534168	0.516499	0.501246	0.48759	0.475122	0.463593	0.452841	0.442746	0.433223	0.4242	0.415625	0.407452	0.399644	0.392169	0.385	0.378114	0.37149	0.365111	0.358961	0.353024	0.347289	0.341743	0.336376	0.331178	0.326141	0.321257	0.316517	0.311915	0.307445	0.303101	0.298876	
0.300799	0.305104	0.309534	0.314095	0.318792	0.323634	0.328627	0.333779	0.339099	0.344597	0.350283	0.356169	0.362267	0.368591	0.375158	0.381984	0.38909	0.396499	0.404238	0.412336	0.420829	0.429762	0.439185	0.449164	0.45978	0.47114	0.48339	0.496739	0.511505	0.528239	0.548052	0.574115	0.616063	0.642014	0.661602	0.677998	0.692315	0.7051	0.716673	0.727243	0.736953	0.74591	0.754195	0.761872	0.768992	0.775596	0.781719	0.787391	0.792636	0.797475	0.801927	0.806007	0.809729	0.813105	0.816145	0.818859	0.821252	0.823334	0.825108	0.826579	0.827752	0.828629	0.829213	0.829504	0.829504	0.829213	0.828629	0.827752	0.826579	0.825108	0.823334	0.821252	0.818859	0.816145	0.813105	0.809729	0.806007	0.801927	0.797475	0.792636	0.787391	0.781719	0.775596	0.768992	0.761872	0.754195	0.74591	0.736953	0.727243	0.716673	0.7051	0.692315	0.677998	0.661602	0.642014	0.616063	0.574115	0.548052	0.528239	0.511505	0.496739	0.48339	0.47114	0.45978	0.449164	0.439185	0.429762	0.420829	0.412336	0.404238	0.396499	0.38909	0.381984	0.375158	0.368591	0.362267	0.356169	0.350283	0.344597	0.339099	0.333779	0.328627	0.323634	0.318792	0.314095	0.309534	0.305104	0.300799	
0.302687	0.307072	0.311587	0.316237	0.321029	0.325972	0.331072	0.336338	0.341779	0.347407	0.353232	0.359266	0.365523	0.372019	0.378771	0.385798	0.393123	0.400769	0.408767	0.41715	0.425959	0.435243	0.445059	0.455482	0.466605	0.478552	0.491492	0.505667	0.521449	0.539467	0.560947	0.589152	0.63351	0.661602	0.682854	0.70053	0.715856	0.72946	0.741714	0.752859	0.763064	0.772451	0.781113	0.789123	0.796539	0.803407	0.809767	0.815651	0.821087	0.826098	0.830703	0.834922	0.838767	0.842254	0.845391	0.848191	0.850659	0.852805	0.854634	0.85615	0.857358	0.858262	0.858863	0.859163	0.859163	0.858863	0.858262	0.857358	0.85615	0.854634	0.852805	0.850659	0.848191	0.845391	0.842254	0.838767	0.834922	0.830703	0.826098	0.821087	0.815651	0.809767	0.803407	0.796539	0.789123	0.781113	0.772451	0.763064	0.752859	0.741714	0.72946	0.715856	0.70053	0.682854	0.661602	0.63351	0.589152	0.560947	0.539467	0.521449	0.505667	0.491492	0.478552	0.466605	0.455482	0.445059	0.435243	0.425959	0.41715	0.408767	0.400769	0.393123	0.385798	0.378771	0.372019	0.365523	0.359266	0.353232	0.347407	0.341779	0.336338	0.331072	0.325972	0.321029	0.316237	0.311587	0.307072	0.302687	
