121.479	122.579	123.689	124.809	125.94	127.08	128.23	129.388	130.555	131.73	132.911	134.099	135.293	136.492	137.695	138.9	140.108	141.317	142.526	143.733	144.938	146.138	147.333	148.522	149.701	150.871	152.029	153.173	154.303	155.416	156.511	157.585	158.638	159.667	160.671	161.649	162.599	163.519	164.408	165.264	166.086	166.874	167.625	168.339	169.015	169.652	170.248	170.803	171.316	171.787	172.215	172.6	172.94	173.236	173.487	173.692	173.852	173.967	174.036	174.059	174.036	173.967	173.852	173.692	173.487	173.236	172.94	172.6	172.215	171.787	171.316	170.803	170.248	169.652	169.015	168.339	167.625	166.874	166.086	165.264	164.408	163.519	162.599	161.649	160.671	159.667	158.638	157.585	156.511	155.416	154.303	153.173	152.029	150.871	149.701	148.522	147.333	146.138	144.938	143.733	142.526	141.317	140.108	138.9	137.695	136.492	135.293	134.099	132.911	131.73	130.555	129.388	128.23	127.08	125.94	124.809	123.689	122.579	121.479	120.391	
122.579	123.709	124.852	126.005	127.17	128.345	129.531	130.727	131.931	133.145	134.367	135.596	136.832	138.074	139.321	140.571	141.825	143.081	144.337	145.592	146.846	148.095	149.34	150.579	151.809	153.029	154.238	155.433	156.613	157.776	158.92	160.043	161.144	162.221	163.271	164.294	165.288	166.251	167.181	168.077	168.938	169.762	170.549	171.296	172.003	172.669	173.293	173.873	174.41	174.903	175.351	175.753	176.108	176.418	176.68	176.895	177.063	177.182	177.254	177.278	177.254	177.182	177.063	176.895	176.68	176.418	176.108	175.753	175.351	174.903	174.41	173.873	173.293	172.669	172.003	171.296	170.549	169.762	168.938	168.077	167.181	166.251	165.288	164.294	163.271	162.221	161.144	160.043	158.92	157.776	156.613	155.433	154.238	153.029	151.809	150.579	149.34	148.095	146.846	145.592	144.337	143.081	141.825	140.571	139.321	138.074	136.832	135.596	134.367	133.145	131.931	130.727	129.531	128.345	127.17	126.005	124.852	123.709	122.579	121.46	
123.689	124.852	126.027	127.215	128.415	129.627	130.85	132.084	133.328	134.582	135.846	137.118	138.398	139.685	140.977	142.275	143.577	144.882	146.188	147.494	148.799	150.101	151.398	152.69	153.973	155.247	156.509	157.758	158.992	160.208	161.404	162.58	163.732	164.859	165.959	167.03	168.071	169.079	170.053	170.991	171.893	172.756	173.579	174.361	175.102	175.799	176.452	177.059	177.622	178.137	178.605	179.026	179.398	179.722	179.996	180.221	180.396	180.521	180.596	180.621	180.596	180.521	180.396	180.221	179.996	179.722	179.398	179.026	178.605	178.137	177.622	177.059	176.452	175.799	175.102	174.361	173.579	172.756	171.893	170.991	170.053	169.079	168.071	167.03	165.959	164.859	163.732	162.58	161.404	160.208	158.992	157.758	156.509	155.247	153.973	152.69	151.398	150.101	148.799	147.494	146.188	144.882	143.577	142.275	140.977	139.685	138.398	137.118	135.846	134.582	133.328	132.084	130.85	129.627	128.415	127.215	126.027	124.852	123.689	122.539	
124.809	126.005	127.215	128.438	129.674	130.924	132.185	133.459	134.745	136.041	137.348	138.665	139.991	141.325	142.666	144.013	145.366	146.722	148.08	149.44	150.799	152.156	153.509	154.857	156.197	157.528	158.847	160.153	161.443	162.716	163.969	165.199	166.406	167.587	168.739	169.861	170.952	172.008	173.029	174.012	174.957	175.861	176.723	177.543	178.318	179.048	179.732	180.368	180.957	181.496	181.987	182.427	182.816	183.154	183.441	183.677	183.86	183.991	184.07	184.096	184.07	183.991	183.86	183.677	183.441	183.154	182.816	182.427	181.987	181.496	180.957	180.368	179.732	179.048	178.318	177.543	176.723	175.861	174.957	174.012	173.029	172.008	170.952	169.861	168.739	167.587	166.406	165.199	163.969	162.716	161.443	160.153	158.847	157.528	156.197	154.857	153.509	152.156	150.799	149.44	148.08	146.722	145.366	144.013	142.666	141.325	139.991	138.665	137.348	136.041	134.745	133.459	132.185	130.924	129.674	128.438	127.215	126.005	124.809	123.627	
125.94	127.17	128.415	129.674	130.948	132.236	133.538	134.853	136.182	137.522	138.874	140.238	141.612	142.995	144.386	145.786	147.191	148.601	150.015	151.431	152.848	154.263	155.676	157.083	158.483	159.874	161.254	162.621	163.972	165.304	166.617	167.907	169.171	170.409	171.617	172.794	173.937	175.045	176.115	177.146	178.137	179.085	179.989	180.848	181.66	182.425	183.141	183.808	184.424	184.989	185.502	185.963	186.37	186.725	187.025	187.271	187.463	187.6	187.682	187.71	187.682	187.6	187.463	187.271	187.025	186.725	186.37	185.963	185.502	184.989	184.424	183.808	183.141	182.425	181.66	180.848	179.989	179.085	178.137	177.146	176.115	175.045	173.937	172.794	171.617	170.409	169.171	167.907	166.617	165.304	163.972	162.621	161.254	159.874	158.483	157.083	155.676	154.263	152.848	151.431	150.015	148.601	147.191	145.786	144.386	142.995	141.612	140.238	138.874	137.522	136.182	134.853	133.538	132.236	130.948	129.674	128.415	127.17	125.94	124.725	
127.08	128.345	129.627	130.924	132.236	133.565	134.908	136.266	137.638	139.025	140.424	141.836	143.26	144.695	146.139	147.593	149.054	150.522	151.994	153.47	154.947	156.424	157.899	159.37	160.834	162.289	163.734	165.165	166.581	167.977	169.354	170.706	172.033	173.332	174.599	175.834	177.034	178.196	179.319	180.401	181.44	182.434	183.383	184.283	185.135	185.937	186.687	187.386	188.031	188.623	189.16	189.643	190.07	190.44	190.755	191.012	191.213	191.357	191.443	191.471	191.443	191.357	191.213	191.012	190.755	190.44	190.07	189.643	189.16	188.623	188.031	187.386	186.687	185.937	185.135	184.283	183.383	182.434	181.44	180.401	179.319	178.196	177.034	175.834	174.599	173.332	172.033	170.706	169.354	167.977	166.581	165.165	163.734	162.289	160.834	159.37	157.899	156.424	154.947	153.47	151.994	150.522	149.054	147.593	146.139	144.695	143.26	141.836	140.424	139.025	137.638	136.266	134.908	133.565	132.236	130.924	129.627	128.345	127.08	125.831	
128.23	129.531	130.85	132.185	133.538	134.908	136.294	137.697	139.115	140.549	141.998	143.46	144.937	146.425	147.925	149.436	150.956	152.484	154.017	155.556	157.098	158.64	160.181	161.719	163.252	164.776	166.29	167.79	169.274	170.74	172.184	173.604	174.997	176.36	177.692	178.989	180.249	181.469	182.649	183.785	184.875	185.919	186.914	187.858	188.752	189.592	190.379	191.112	191.788	192.408	192.971	193.476	193.923	194.312	194.641	194.91	195.12	195.271	195.361	195.391	195.361	195.271	195.12	194.91	194.641	194.312	193.923	193.476	192.971	192.408	191.788	191.112	190.379	189.592	188.752	187.858	186.914	185.919	184.875	183.785	182.649	181.469	180.249	178.989	177.692	176.36	174.997	173.604	172.184	170.74	169.274	167.79	166.29	164.776	163.252	161.719	160.181	158.64	157.098	155.556	154.017	152.484	150.956	149.436	147.925	146.425	144.937	143.46	141.998	140.549	139.115	137.697	136.294	134.908	133.538	132.185	130.85	129.531	128.23	126.946	
129.388	130.727	132.084	133.459	134.853	136.266	137.697	139.145	140.612	142.095	143.595	145.11	146.641	148.186	149.745	151.315	152.897	154.488	156.087	157.692	159.302	160.914	162.526	164.135	165.74	167.338	168.925	170.499	172.057	173.596	175.113	176.605	178.069	179.502	180.902	182.265	183.59	184.872	186.112	187.305	188.451	189.546	190.591	191.583	192.52	193.402	194.228	194.995	195.705	196.354	196.944	197.474	197.942	198.348	198.693	198.975	199.195	199.352	199.447	199.478	199.447	199.352	199.195	198.975	198.693	198.348	197.942	197.474	196.944	196.354	195.705	194.995	194.228	193.402	192.52	191.583	190.591	189.546	188.451	187.305	186.112	184.872	183.59	182.265	180.902	179.502	178.069	176.605	175.113	173.596	172.057	170.499	168.925	167.338	165.74	164.135	162.526	160.914	159.302	157.692	156.087	154.488	152.897	151.315	149.745	148.186	146.641	145.11	143.595	142.095	140.612	139.145	137.697	136.266	134.853	133.459	132.084	130.727	129.388	128.069	
130.555	131.931	133.328	134.745	136.182	137.638	139.115	140.612	142.127	143.662	145.215	146.786	148.374	149.978	151.597	153.231	154.877	156.535	158.203	159.879	161.561	163.247	164.934	166.62	168.303	169.978	171.644	173.298	174.935	176.553	178.148	179.717	181.257	182.765	184.238	185.672	187.065	188.415	189.718	190.972	192.177	193.328	194.425	195.467	196.451	197.377	198.243	199.048	199.792	200.473	201.091	201.646	202.136	202.562	202.923	203.219	203.449	203.613	203.712	203.745	203.712	203.613	203.449	203.219	202.923	202.562	202.136	201.646	201.091	200.473	199.792	199.048	198.243	197.377	196.451	195.467	194.425	193.328	192.177	190.972	189.718	188.415	187.065	185.672	184.238	182.765	181.257	179.717	178.148	176.553	174.935	173.298	171.644	169.978	168.303	166.62	164.934	163.247	161.561	159.879	158.203	156.535	154.877	153.231	151.597	149.978	148.374	146.786	145.215	143.662	142.127	140.612	139.115	137.638	136.182	134.745	133.328	131.931	130.555	129.199	
131.73	133.145	134.582	136.041	137.522	139.025	140.549	142.095	143.662	145.25	146.858	148.486	150.134	151.8	153.484	155.183	156.898	158.627	160.368	162.118	163.877	165.641	167.409	169.177	170.942	172.702	174.452	176.19	177.913	179.615	181.295	182.947	184.569	186.157	187.708	189.218	190.685	192.106	193.477	194.797	196.064	197.275	198.428	199.522	200.556	201.528	202.437	203.282	204.062	204.776	205.424	206.005	206.519	206.965	207.343	207.653	207.894	208.066	208.17	208.204	208.17	208.066	207.894	207.653	207.343	206.965	206.519	206.005	205.424	204.776	204.062	203.282	202.437	201.528	200.556	199.522	198.428	197.275	196.064	194.797	193.477	192.106	190.685	189.218	187.708	186.157	184.569	182.947	181.295	179.615	177.913	176.19	174.452	172.702	170.942	169.177	167.409	165.641	163.877	162.118	160.368	158.627	156.898	155.183	153.484	151.8	150.134	148.486	146.858	145.25	143.662	142.095	140.549	139.025	137.522	136.041	134.582	133.145	131.73	130.336	
132.911	134.367	135.846	137.348	138.874	140.424	141.998	143.595	145.215	146.858	148.524	150.212	151.922	153.653	155.404	157.173	158.96	160.764	162.581	164.411	166.252	168.1	169.953	171.808	173.662	175.512	177.354	179.183	180.997	182.791	184.561	186.303	188.013	189.688	191.323	192.915	194.461	195.958	197.402	198.792	200.125	201.399	202.612	203.762	204.849	205.869	206.823	207.71	208.528	209.278	209.957	210.566	211.104	211.572	211.968	212.292	212.544	212.725	212.833	212.869	212.833	212.725	212.544	212.292	211.968	211.572	211.104	210.566	209.957	209.278	208.528	207.71	206.823	205.869	204.849	203.762	202.612	201.399	200.125	198.792	197.402	195.958	194.461	192.915	191.323	189.688	188.013	186.303	184.561	182.791	180.997	179.183	177.354	175.512	173.662	171.808	169.953	168.1	166.252	164.411	162.581	160.764	158.96	157.173	155.404	153.653	151.922	150.212	148.524	146.858	145.215	143.595	141.998	140.424	138.874	137.348	135.846	134.367	132.911	131.479	
134.099	135.596	137.118	138.665	140.238	141.836	143.46	145.11	146.786	148.486	150.212	151.963	153.738	155.537	157.358	159.201	161.064	162.946	164.845	166.759	168.686	170.624	172.569	174.518	176.467	178.414	180.354	182.282	184.195	186.087	187.955	189.794	191.599	193.367	195.093	196.773	198.404	199.983	201.506	202.97	204.374	205.715	206.992	208.201	209.343	210.415	211.417	212.348	213.207	213.993	214.705	215.343	215.907	216.397	216.812	217.151	217.415	217.604	217.718	217.755	217.718	217.604	217.415	217.151	216.812	216.397	215.907	215.343	214.705	213.993	213.207	212.348	211.417	210.415	209.343	208.201	206.992	205.715	204.374	202.97	201.506	199.983	198.404	196.773	195.093	193.367	191.599	189.794	187.955	186.087	184.195	182.282	180.354	178.414	176.467	174.518	172.569	170.624	168.686	166.759	164.845	162.946	161.064	159.201	157.358	155.537	153.738	151.963	150.212	148.486	146.786	145.11	143.46	141.836	140.238	138.665	137.118	135.596	134.099	132.628	
135.293	136.832	138.398	139.991	141.612	143.26	144.937	146.641	148.374	150.134	151.922	153.738	155.581	157.45	159.346	161.265	163.209	165.174	167.16	169.163	171.183	173.216	175.259	177.309	179.361	181.413	183.458	185.493	187.513	189.513	191.487	193.431	195.339	197.208	199.032	200.807	202.529	204.196	205.803	207.347	208.827	210.239	211.583	212.856	214.056	215.183	216.236	217.213	218.114	218.938	219.685	220.354	220.945	221.458	221.892	222.248	222.524	222.722	222.841	222.88	222.841	222.722	222.524	222.248	221.892	221.458	220.945	220.354	219.685	218.938	218.114	217.213	216.236	215.183	214.056	212.856	211.583	210.239	208.827	207.347	205.803	204.196	202.529	200.807	199.032	197.208	195.339	193.431	191.487	189.513	187.513	185.493	183.458	181.413	179.361	177.309	175.259	173.216	171.183	169.163	167.16	165.174	163.209	161.265	159.346	157.45	155.581	153.738	151.922	150.134	148.374	146.641	144.937	143.26	141.612	139.991	138.398	136.832	135.293	133.781	
136.492	138.074	139.685	141.325	142.995	144.695	146.425	148.186	149.978	151.8	153.653	155.537	157.45	159.394	161.367	163.367	165.395	167.449	169.526	171.625	173.744	175.879	178.027	180.185	182.349	184.513	186.674	188.825	190.961	193.077	195.167	197.224	199.245	201.223	203.153	205.031	206.852	208.613	210.31	211.94	213.501	214.989	216.404	217.744	219.007	220.191	221.297	222.323	223.269	224.133	224.916	225.618	226.237	226.774	227.229	227.601	227.891	228.098	228.222	228.263	228.222	228.098	227.891	227.601	227.229	226.774	226.237	225.618	224.916	224.133	223.269	222.323	221.297	220.191	219.007	217.744	216.404	214.989	213.501	211.94	210.31	208.613	206.852	205.031	203.153	201.223	199.245	197.224	195.167	193.077	190.961	188.825	186.674	184.513	182.349	180.185	178.027	175.879	173.744	171.625	169.526	167.449	165.395	163.367	161.367	159.394	157.45	155.537	153.653	151.8	149.978	148.186	146.425	144.695	142.995	141.325	139.685	138.074	136.492	134.939	
137.695	139.321	140.977	142.666	144.386	146.139	147.925	149.745	151.597	153.484	155.404	157.358	159.346	161.367	163.42	165.506	167.623	169.77	171.945	174.145	176.37	178.614	180.876	183.151	185.435	187.722	190.007	192.285	194.548	196.791	199.007	201.189	203.331	205.428	207.474	209.463	211.391	213.253	215.047	216.769	218.416	219.986	221.477	222.887	224.216	225.462	226.623	227.701	228.693	229.6	230.421	231.156	231.805	232.368	232.844	233.233	233.536	233.753	233.883	233.926	233.883	233.753	233.536	233.233	232.844	232.368	231.805	231.156	230.421	229.6	228.693	227.701	226.623	225.462	224.216	222.887	221.477	219.986	218.416	216.769	215.047	213.253	211.391	209.463	207.474	205.428	203.331	201.189	199.007	196.791	194.548	192.285	190.007	187.722	185.435	183.151	180.876	178.614	176.37	174.145	171.945	169.77	167.623	165.506	163.42	161.367	159.346	157.358	155.404	153.484	151.597	149.745	147.925	146.139	144.386	142.666	140.977	139.321	137.695	136.099	
138.9	140.571	142.275	144.013	145.786	147.593	149.436	151.315	153.231	155.183	157.173	159.201	161.265	163.367	165.506	167.682	169.893	172.138	174.416	176.725	179.062	181.424	183.809	186.21	188.624	191.045	193.467	195.882	198.285	200.667	203.021	205.339	207.615	209.842	212.013	214.123	216.166	218.139	220.037	221.857	223.596	225.252	226.824	228.31	229.708	231.018	232.239	233.37	234.412	235.363	236.224	236.994	237.673	238.262	238.761	239.168	239.485	239.712	239.848	239.893	239.848	239.712	239.485	239.168	238.761	238.262	237.673	236.994	236.224	235.363	234.412	233.37	232.239	231.018	229.708	228.31	226.824	225.252	223.596	221.857	220.037	218.139	216.166	214.123	212.013	209.842	207.615	205.339	203.021	200.667	198.285	195.882	193.467	191.045	188.624	186.21	183.809	181.424	179.062	176.725	174.416	172.138	169.893	167.682	165.506	163.367	161.265	159.201	157.173	155.183	153.231	151.315	149.436	147.593	145.786	144.013	142.275	140.571	138.9	137.262	
140.108	141.825	143.577	145.366	147.191	149.054	150.956	152.897	154.877	156.898	158.96	161.064	163.209	165.395	167.623	169.893	172.202	174.552	176.94	179.364	181.822	184.311	186.828	189.367	191.923	194.49	197.061	199.628	202.184	204.72	207.226	209.694	212.117	214.486	216.794	219.035	221.204	223.295	225.305	227.23	229.068	230.817	232.475	234.04	235.511	236.889	238.172	239.36	240.452	241.45	242.352	243.159	243.871	244.487	245.008	245.435	245.767	246.003	246.145	246.193	246.145	246.003	245.767	245.435	245.008	244.487	243.871	243.159	242.352	241.45	240.452	239.36	238.172	236.889	235.511	234.04	232.475	230.817	229.068	227.23	225.305	223.295	221.204	219.035	216.794	214.486	212.117	209.694	207.226	204.72	202.184	199.628	197.061	194.49	191.923	189.367	186.828	184.311	181.822	179.364	176.94	174.552	172.202	169.893	167.623	165.395	163.209	161.064	158.96	156.898	154.877	152.897	150.956	149.054	147.191	145.366	143.577	141.825	140.108	138.426	
141.317	143.081	144.882	146.722	148.601	150.522	152.484	154.488	156.535	158.627	160.764	162.946	165.174	167.449	169.77	172.138	174.552	177.012	179.516	182.064	184.652	187.277	189.936	192.624	195.336	198.063	200.799	203.535	206.26	208.966	211.641	214.275	216.86	219.385	221.844	224.228	226.533	228.753	230.883	232.922	234.865	236.712	238.46	240.109	241.658	243.107	244.455	245.702	246.849	247.894	248.84	249.685	250.429	251.075	251.62	252.066	252.413	252.66	252.809	252.858	252.809	252.66	252.413	252.066	251.62	251.075	250.429	249.685	248.84	247.894	246.849	245.702	244.455	243.107	241.658	240.109	238.46	236.712	234.865	232.922	230.883	228.753	226.533	224.228	221.844	219.385	216.86	214.275	211.641	208.966	206.26	203.535	200.799	198.063	195.336	192.624	189.936	187.277	184.652	182.064	179.516	177.012	174.552	172.138	169.77	167.449	165.174	162.946	160.764	158.627	156.535	154.488	152.484	150.522	148.601	146.722	144.882	143.081	141.317	139.591	
142.526	144.337	146.188	148.08	150.015	151.994	154.017	156.087	158.203	160.368	162.581	164.845	167.16	169.526	171.945	174.416	176.94	179.516	182.144	184.823	187.55	190.323	193.137	195.988	198.87	201.774	204.693	207.615	210.53	213.425	216.288	219.107	221.872	224.57	227.194	229.736	232.189	234.547	236.808	238.968	241.024	242.975	244.819	246.557	248.188	249.711	251.127	252.436	253.639	254.735	255.725	256.609	257.389	258.063	258.633	259.1	259.462	259.72	259.875	259.927	259.875	259.72	259.462	259.1	258.633	258.063	257.389	256.609	255.725	254.735	253.639	252.436	251.127	249.711	248.188	246.557	244.819	242.975	241.024	238.968	236.808	234.547	232.189	229.736	227.194	224.57	221.872	219.107	216.288	213.425	210.53	207.615	204.693	201.774	198.87	195.988	193.137	190.323	187.55	184.823	182.144	179.516	176.94	174.416	171.945	169.526	167.16	164.845	162.581	160.368	158.203	156.087	154.017	151.994	150.015	148.08	146.188	144.337	142.526	140.754	
143.733	145.592	147.494	149.44	151.431	153.47	155.556	157.692	159.879	162.118	164.411	166.759	169.163	171.625	174.145	176.725	179.364	182.064	184.823	187.642	190.518	193.449	196.432	199.462	202.531	205.632	208.754	211.886	215.013	218.121	221.196	224.223	227.188	230.079	232.885	235.599	238.214	240.723	243.124	245.414	247.59	249.652	251.598	253.43	255.146	256.747	258.234	259.608	260.869	262.017	263.053	263.979	264.794	265.499	266.095	266.582	266.96	267.23	267.392	267.446	267.392	267.23	266.96	266.582	266.095	265.499	264.794	263.979	263.053	262.017	260.869	259.608	258.234	256.747	255.146	253.43	251.598	249.652	247.59	245.414	243.124	240.723	238.214	235.599	232.885	230.079	227.188	224.223	221.196	218.121	215.013	211.886	208.754	205.632	202.531	199.462	196.432	193.449	190.518	187.642	184.823	182.064	179.364	176.725	174.145	171.625	169.163	166.759	164.411	162.118	159.879	157.692	155.556	153.47	151.431	149.44	147.494	145.592	143.733	141.916	
144.938	146.846	148.799	150.799	152.848	154.947	157.098	159.302	161.561	163.877	166.252	168.686	171.183	173.744	176.37	179.062	181.822	184.652	187.55	190.518	193.554	196.657	199.824	203.049	206.326	209.646	212.997	216.365	219.733	223.084	226.399	229.66	232.851	235.957	238.967	241.87	244.661	247.335	249.886	252.315	254.619	256.798	258.852	260.782	262.588	264.271	265.832	267.273	268.593	269.796	270.88	271.848	272.7	273.436	274.059	274.567	274.962	275.243	275.412	275.469	275.412	275.243	274.962	274.567	274.059	273.436	272.7	271.848	270.88	269.796	268.593	267.273	265.832	264.271	262.588	260.782	258.852	256.798	254.619	252.315	249.886	247.335	244.661	241.87	238.967	235.957	232.851	229.66	226.399	223.084	219.733	216.365	212.997	209.646	206.326	203.049	199.824	196.657	193.554	190.518	187.55	184.652	181.822	179.062	176.37	173.744	171.183	168.686	166.252	163.877	161.561	159.302	157.098	154.947	152.848	150.799	148.799	146.846	144.938	143.074	
146.138	148.095	150.101	152.156	154.263	156.424	158.64	160.914	163.247	165.641	168.1	170.624	173.216	175.879	178.614	181.424	184.311	187.277	190.323	193.449	196.657	199.945	203.312	206.752	210.26	213.826	217.436	221.074	224.72	228.35	231.941	235.47	238.917	242.265	245.501	248.614	251.598	254.448	257.163	259.74	262.18	264.483	266.65	268.682	270.582	272.35	273.989	275.499	276.882	278.14	279.274	280.285	281.175	281.944	282.593	283.123	283.535	283.829	284.005	284.063	284.005	283.829	283.535	283.123	282.593	281.944	281.175	280.285	279.274	278.14	276.882	275.499	273.989	272.35	270.582	268.682	266.65	264.483	262.18	259.74	257.163	254.448	251.598	248.614	245.501	242.265	238.917	235.47	231.941	228.35	224.72	221.074	217.436	213.826	210.26	206.752	203.312	199.945	196.657	193.449	190.323	187.277	184.311	181.424	178.614	175.879	173.216	170.624	168.1	165.641	163.247	160.914	158.64	156.424	154.263	152.156	150.101	148.095	146.138	144.228	
147.333	149.34	151.398	153.509	155.676	157.899	160.181	162.526	164.934	167.409	169.953	172.569	175.259	178.027	180.876	183.809	186.828	189.936	193.137	196.432	199.824	203.312	206.896	210.574	214.34	218.183	222.091	226.041	230.009	233.965	237.878	241.718	245.459	249.081	252.569	255.914	259.109	262.151	265.04	267.776	270.359	272.793	275.079	277.219	279.216	281.072	282.79	284.372	285.82	287.135	288.32	289.376	290.304	291.107	291.783	292.336	292.765	293.071	293.255	293.316	293.255	293.071	292.765	292.336	291.783	291.107	290.304	289.376	288.32	287.135	285.82	284.372	282.79	281.072	279.216	277.219	275.079	272.793	270.359	267.776	265.04	262.151	259.109	255.914	252.569	249.081	245.459	241.718	237.878	233.965	230.009	226.041	222.091	218.183	214.34	210.574	206.896	203.312	199.824	196.432	193.137	189.936	186.828	183.809	180.876	178.027	175.259	172.569	169.953	167.409	164.934	162.526	160.181	157.899	155.676	153.509	151.398	149.34	147.333	145.376	
148.522	150.579	152.69	154.857	157.083	159.37	161.719	164.135	166.62	169.177	171.808	174.518	177.309	180.185	183.151	186.21	189.367	192.624	195.988	199.462	203.049	206.752	210.574	214.514	218.568	222.728	226.979	231.297	235.648	239.993	244.289	248.494	252.575	256.51	260.282	263.882	267.308	270.558	273.633	276.537	279.273	281.843	284.253	286.505	288.603	290.55	292.351	294.006	295.52	296.894	298.131	299.233	300.201	301.037	301.742	302.317	302.764	303.083	303.274	303.337	303.274	303.083	302.764	302.317	301.742	301.037	300.201	299.233	298.131	296.894	295.52	294.006	292.351	290.55	288.603	286.505	284.253	281.843	279.273	276.537	273.633	270.558	267.308	263.882	260.282	256.51	252.575	248.494	244.289	239.993	235.648	231.297	226.979	222.728	218.568	214.514	210.574	206.752	203.049	199.462	195.988	192.624	189.367	186.21	183.151	180.185	177.309	174.518	171.808	169.177	166.62	164.135	161.719	159.37	157.083	154.857	152.69	150.579	148.522	146.517	
149.701	151.809	153.973	156.197	158.483	160.834	163.252	165.74	168.303	170.942	173.662	176.467	179.361	182.349	185.435	188.624	191.923	195.336	198.87	202.531	206.326	210.26	214.34	218.568	222.946	227.469	232.122	236.88	241.699	246.522	251.283	255.927	260.408	264.701	268.792	272.675	276.352	279.825	283.099	286.18	289.075	291.789	294.327	296.694	298.897	300.938	302.823	304.554	306.135	307.57	308.86	310.008	311.016	311.887	312.621	313.22	313.684	314.016	314.214	314.28	314.214	314.016	313.684	313.22	312.621	311.887	311.016	310.008	308.86	307.57	306.135	304.554	302.823	300.938	298.897	296.694	294.327	291.789	289.075	286.18	283.099	279.825	276.352	272.675	268.792	264.701	260.408	255.927	251.283	246.522	241.699	236.88	232.122	227.469	222.946	218.568	214.34	210.26	206.326	202.531	198.87	195.336	191.923	188.624	185.435	182.349	179.361	176.467	173.662	170.942	168.303	165.74	163.252	160.834	158.483	156.197	153.973	151.809	149.701	147.649	
150.871	153.029	155.247	157.528	159.874	162.289	164.776	167.338	169.978	172.702	175.512	178.414	181.413	184.513	187.722	191.045	194.49	198.063	201.774	205.632	209.646	213.826	218.183	222.728	227.469	232.408	237.54	242.839	248.249	253.682	259.033	264.216	269.173	273.879	278.327	282.521	286.469	290.179	293.664	296.931	299.992	302.854	305.525	308.012	310.321	312.458	314.429	316.237	317.888	319.383	320.727	321.923	322.972	323.878	324.641	325.263	325.746	326.09	326.297	326.365	326.297	326.09	325.746	325.263	324.641	323.878	322.972	321.923	320.727	319.383	317.888	316.237	314.429	312.458	310.321	308.012	305.525	302.854	299.992	296.931	293.664	290.179	286.469	282.521	278.327	273.879	269.173	264.216	259.033	253.682	248.249	242.839	237.54	232.408	227.469	222.728	218.183	213.826	209.646	205.632	201.774	198.063	194.49	191.045	187.722	184.513	181.413	178.414	175.512	172.702	169.978	167.338	164.776	162.289	159.874	157.528	155.247	153.029	150.871	148.77	
152.029	154.238	156.509	158.847	161.254	163.734	166.29	168.925	171.644	174.452	177.354	180.354	183.458	186.674	190.007	193.467	197.061	200.799	204.693	208.754	212.997	217.436	222.091	226.979	232.122	237.54	243.245	249.228	255.426	261.692	267.831	273.695	279.223	284.404	289.25	293.782	298.019	301.981	305.685	309.147	312.379	315.394	318.201	320.81	323.228	325.463	327.522	329.408	331.128	332.686	334.085	335.328	336.419	337.36	338.152	338.798	339.3	339.657	339.871	339.942	339.871	339.657	339.3	338.798	338.152	337.36	336.419	335.328	334.085	332.686	331.128	329.408	327.522	325.463	323.228	320.81	318.201	315.394	312.379	309.147	305.685	301.981	298.019	293.782	289.25	284.404	279.223	273.695	267.831	261.692	255.426	249.228	243.245	237.54	232.122	226.979	222.091	217.436	212.997	208.754	204.693	200.799	197.061	193.467	190.007	186.674	183.458	180.354	177.354	174.452	171.644	168.925	166.29	163.734	161.254	158.847	156.509	154.238	152.029	149.881	
153.173	155.433	157.758	160.153	162.621	165.165	167.79	170.499	173.298	176.19	179.183	182.282	185.493	188.825	192.285	195.882	199.628	203.535	207.615	211.886	216.365	221.074	226.041	231.297	236.88	242.839	249.228	256.099	263.439	270.99	278.269	285.02	291.229	296.947	302.229	307.122	311.665	315.889	319.821	323.482	326.89	330.061	333.007	335.739	338.269	340.603	342.75	344.716	346.506	348.126	349.58	350.872	352.004	352.981	353.803	354.473	354.993	355.363	355.585	355.659	355.585	355.363	354.993	354.473	353.803	352.981	352.004	350.872	349.58	348.126	346.506	344.716	342.75	340.603	338.269	335.739	333.007	330.061	326.89	323.482	319.821	315.889	311.665	307.122	302.229	296.947	291.229	285.02	278.269	270.99	263.439	256.099	249.228	242.839	236.88	231.297	226.041	221.074	216.365	211.886	207.615	203.535	199.628	195.882	192.285	188.825	185.493	182.282	179.183	176.19	173.298	170.499	167.79	165.165	162.621	160.153	157.758	155.433	153.173	150.977	
154.303	156.613	158.992	161.443	163.972	166.581	169.274	172.057	174.935	177.913	180.997	184.195	187.513	190.961	194.548	198.285	202.184	206.26	210.53	215.013	219.733	224.72	230.009	235.648	241.699	248.249	255.426	263.439	272.646	282.894	292.04	299.931	306.925	313.23	318.974	324.245	329.104	333.598	337.763	341.626	345.213	348.541	351.627	354.485	357.125	359.56	361.796	363.841	365.702	367.385	368.894	370.234	371.409	372.421	373.272	373.967	374.505	374.888	375.118	375.194	375.118	374.888	374.505	373.967	373.272	372.421	371.409	370.234	368.894	367.385	365.702	363.841	361.796	359.56	357.125	354.485	351.627	348.541	345.213	341.626	337.763	333.598	329.104	324.245	318.974	313.23	306.925	299.931	292.04	282.894	272.646	263.439	255.426	248.249	241.699	235.648	230.009	224.72	219.733	215.013	210.53	206.26	202.184	198.285	194.548	190.961	187.513	184.195	180.997	177.913	174.935	172.057	169.274	166.581	163.972	161.443	158.992	156.613	154.303	152.06	
155.416	157.776	160.208	162.716	165.304	167.977	170.74	173.596	176.553	179.615	182.791	186.087	189.513	193.077	196.791	200.667	204.72	208.966	213.425	218.121	223.084	228.35	233.965	239.993	246.522	253.682	261.692	270.99	282.894	302.438	314.281	323.454	331.279	338.19	344.408	350.062	355.241	360.006	364.404	368.472	372.237	375.724	378.95	381.933	384.686	387.22	389.545	391.67	393.602	395.347	396.912	398.3	399.516	400.563	401.445	402.163	402.72	403.116	403.354	403.433	403.354	403.116	402.72	402.163	401.445	400.563	399.516	398.3	396.912	395.347	393.602	391.67	389.545	387.22	384.686	381.933	378.95	375.724	372.237	368.472	364.404	360.006	355.241	350.062	344.408	338.19	331.279	323.454	314.281	302.438	282.894	270.99	261.692	253.682	246.522	239.993	233.965	228.35	223.084	218.121	213.425	208.966	204.72	200.667	196.791	193.077	189.513	186.087	182.791	179.615	176.553	173.596	170.74	167.977	165.304	162.716	160.208	157.776	155.416	153.125	
156.511	158.92	161.404	163.969	166.617	169.354	172.184	175.113	178.148	181.295	184.561	187.955	191.487	195.167	199.007	203.021	207.226	211.641	216.288	221.196	226.399	231.941	237.878	244.289	251.283	259.033	267.831	278.269	292.04	314.281	327.988	338.301	346.91	354.408	361.087	367.118	372.612	377.646	382.276	386.546	390.489	394.132	397.498	400.605	403.469	406.102	408.516	410.72	412.722	414.53	416.15	417.586	418.844	419.926	420.837	421.579	422.154	422.564	422.809	422.891	422.809	422.564	422.154	421.579	420.837	419.926	418.844	417.586	416.15	414.53	412.722	410.72	408.516	406.102	403.469	400.605	397.498	394.132	390.489	386.546	382.276	377.646	372.612	367.118	361.087	354.408	346.91	338.301	327.988	314.281	292.04	278.269	267.831	259.033	251.283	244.289	237.878	231.941	226.399	221.196	216.288	211.641	207.226	203.021	199.007	195.167	191.487	187.955	184.561	181.295	178.148	175.113	172.184	169.354	166.617	163.969	161.404	158.92	156.511	154.173	
157.585	160.043	162.58	165.199	167.907	170.706	173.604	176.605	179.717	182.947	186.303	189.794	193.431	197.224	201.189	205.339	209.694	214.275	219.107	224.223	229.66	235.47	241.718	248.494	255.927	264.216	273.695	285.02	299.931	323.454	338.301	349.498	358.787	366.82	373.933	380.324	386.122	391.416	396.273	400.74	404.858	408.656	412.159	415.389	418.362	421.094	423.595	425.877	427.949	429.819	431.493	432.977	434.275	435.393	436.333	437.099	437.692	438.114	438.367	438.451	438.367	438.114	437.692	437.099	436.333	435.393	434.275	432.977	431.493	429.819	427.949	425.877	423.595	421.094	418.362	415.389	412.159	408.656	404.858	400.74	396.273	391.416	386.122	380.324	373.933	366.82	358.787	349.498	338.301	323.454	299.931	285.02	273.695	264.216	255.927	248.494	241.718	235.47	229.66	224.223	219.107	214.275	209.694	205.339	201.189	197.224	193.431	189.794	186.303	182.947	179.717	176.605	173.604	170.706	167.907	165.199	162.58	160.043	157.585	155.202	
158.638	161.144	163.732	166.406	169.171	172.033	174.997	178.069	181.257	184.569	188.013	191.599	195.339	199.245	203.331	207.615	212.117	216.86	221.872	227.188	232.851	238.917	245.459	252.575	260.408	269.173	279.223	291.229	306.925	331.279	346.91	358.787	368.642	377.148	384.656	391.383	397.468	403.012	408.086	412.745	417.032	420.98	424.618	427.968	431.049	433.876	436.464	438.823	440.963	442.894	444.621	446.152	447.491	448.643	449.612	450.401	451.012	451.447	451.708	451.795	451.708	451.447	451.012	450.401	449.612	448.643	447.491	446.152	444.621	442.894	440.963	438.823	436.464	433.876	431.049	427.968	424.618	420.98	417.032	412.745	408.086	403.012	397.468	391.383	384.656	377.148	368.642	358.787	346.91	331.279	306.925	291.229	279.223	269.173	260.408	252.575	245.459	238.917	232.851	227.188	221.872	216.86	212.117	207.615	203.331	199.245	195.339	191.599	188.013	184.569	181.257	178.069	174.997	172.033	169.171	166.406	163.732	161.144	158.638	156.209	
159.667	162.221	164.859	167.587	170.409	173.332	176.36	179.502	182.765	186.157	189.688	193.367	197.208	201.223	205.428	209.842	214.486	219.385	224.57	230.079	235.957	242.265	249.081	256.51	264.701	273.879	284.404	296.947	313.23	338.19	354.408	366.82	377.148	386.062	393.925	400.959	407.312	413.091	418.372	423.214	427.664	431.758	435.527	438.993	442.179	445.1	447.771	450.206	452.413	454.403	456.183	457.76	459.139	460.325	461.322	462.134	462.762	463.21	463.478	463.567	463.478	463.21	462.762	462.134	461.322	460.325	459.139	457.76	456.183	454.403	452.413	450.206	447.771	445.1	442.179	438.993	435.527	431.758	427.664	423.214	418.372	413.091	407.312	400.959	393.925	386.062	377.148	366.82	354.408	338.19	313.23	296.947	284.404	273.879	264.701	256.51	249.081	242.265	235.957	230.079	224.57	219.385	214.486	209.842	205.428	201.223	197.208	193.367	189.688	186.157	182.765	179.502	176.36	173.332	170.409	167.587	164.859	162.221	159.667	157.194	
160.671	163.271	165.959	168.739	171.617	174.599	177.692	180.902	184.238	187.708	191.323	195.093	199.032	203.153	207.474	212.013	216.794	221.844	227.194	232.885	238.967	245.501	252.569	260.282	268.792	278.327	289.25	302.229	318.974	344.408	361.087	373.933	384.656	393.925	402.103	409.415	416.015	422.012	427.488	432.505	437.11	441.344	445.238	448.817	452.104	455.116	457.869	460.377	462.65	464.698	466.529	468.15	469.568	470.788	471.812	472.646	473.292	473.752	474.028	474.119	474.028	473.752	473.292	472.646	471.812	470.788	469.568	468.15	466.529	464.698	462.65	460.377	457.869	455.116	452.104	448.817	445.238	441.344	437.11	432.505	427.488	422.012	416.015	409.415	402.103	393.925	384.656	373.933	361.087	344.408	318.974	302.229	289.25	278.327	268.792	260.282	252.569	245.501	238.967	232.885	227.194	221.844	216.794	212.013	207.474	203.153	199.032	195.093	191.323	187.708	184.238	180.902	177.692	174.599	171.617	168.739	165.959	163.271	160.671	158.155	
161.649	164.294	167.03	169.861	172.794	175.834	178.989	182.265	185.672	189.218	192.915	196.773	200.807	205.031	209.463	214.123	219.035	224.228	229.736	235.599	241.87	248.614	255.914	263.882	272.675	282.521	293.782	307.122	324.245	350.062	367.118	380.324	391.383	400.959	409.415	416.978	423.804	430.004	435.662	440.842	445.595	449.962	453.975	457.663	461.047	464.147	466.979	469.558	471.894	473.998	475.879	477.545	479	480.252	481.304	482.159	482.822	483.294	483.576	483.67	483.576	483.294	482.822	482.159	481.304	480.252	479	477.545	475.879	473.998	471.894	469.558	466.979	464.147	461.047	457.663	453.975	449.962	445.595	440.842	435.662	430.004	423.804	416.978	409.415	400.959	391.383	380.324	367.118	350.062	324.245	307.122	293.782	282.521	272.675	263.882	255.914	248.614	241.87	235.599	229.736	224.228	219.035	214.123	209.463	205.031	200.807	196.773	192.915	189.218	185.672	182.265	178.989	175.834	172.794	169.861	167.03	164.294	161.649	159.09	
162.599	165.288	168.071	170.952	173.937	177.034	180.249	183.59	187.065	190.685	194.461	198.404	202.529	206.852	211.391	216.166	221.204	226.533	232.189	238.214	244.661	251.598	259.109	267.308	276.352	286.469	298.019	311.665	329.104	355.241	372.612	386.122	397.468	407.312	416.015	423.804	430.835	437.221	443.048	448.382	453.274	457.766	461.894	465.684	469.162	472.346	475.255	477.901	480.299	482.457	484.387	486.094	487.587	488.87	489.948	490.824	491.503	491.987	492.276	492.373	492.276	491.987	491.503	490.824	489.948	488.87	487.587	486.094	484.387	482.457	480.299	477.901	475.255	472.346	469.162	465.684	461.894	457.766	453.274	448.382	443.048	437.221	430.835	423.804	416.015	407.312	397.468	386.122	372.612	355.241	329.104	311.665	298.019	286.469	276.352	267.308	259.109	251.598	244.661	238.214	232.189	226.533	221.204	216.166	211.391	206.852	202.529	198.404	194.461	190.685	187.065	183.59	180.249	177.034	173.937	170.952	168.071	165.288	162.599	159.998	
163.519	166.251	169.079	172.008	175.045	178.196	181.469	184.872	188.415	192.106	195.958	199.983	204.196	208.613	213.253	218.139	223.295	228.753	234.547	240.723	247.335	254.448	262.151	270.558	279.825	290.179	301.981	315.889	333.598	360.006	377.646	391.416	403.012	413.091	422.012	430.004	437.221	443.779	449.762	455.238	460.261	464.872	469.107	472.995	476.561	479.826	482.807	485.52	487.976	490.187	492.163	493.911	495.439	496.752	497.855	498.753	499.447	499.942	500.238	500.337	500.238	499.942	499.447	498.753	497.855	496.752	495.439	493.911	492.163	490.187	487.976	485.52	482.807	479.826	476.561	472.995	469.107	464.872	460.261	455.238	449.762	443.779	437.221	430.004	422.012	413.091	403.012	391.416	377.646	360.006	333.598	315.889	301.981	290.179	279.825	270.558	262.151	254.448	247.335	240.723	234.547	228.753	223.295	218.139	213.253	208.613	204.196	199.983	195.958	192.106	188.415	184.872	181.469	178.196	175.045	172.008	169.079	166.251	163.519	160.877	
164.408	167.181	170.053	173.029	176.115	179.319	182.649	186.112	189.718	193.477	197.402	201.506	205.803	210.31	215.047	220.037	225.305	230.883	236.808	243.124	249.886	257.163	265.04	273.633	283.099	293.664	305.685	319.821	337.763	364.404	382.276	396.273	408.086	418.372	427.488	435.662	443.048	449.762	455.89	461.498	466.642	471.364	475.7	479.681	483.332	486.673	489.724	492.498	495.011	497.272	499.292	501.08	502.642	503.984	505.111	506.029	506.739	507.244	507.546	507.647	507.546	507.244	506.739	506.029	505.111	503.984	502.642	501.08	499.292	497.272	495.011	492.498	489.724	486.673	483.332	479.681	475.7	471.364	466.642	461.498	455.89	449.762	443.048	435.662	427.488	418.372	408.086	396.273	382.276	364.404	337.763	319.821	305.685	293.664	283.099	273.633	265.04	257.163	249.886	243.124	236.808	230.883	225.305	220.037	215.047	210.31	205.803	201.506	197.402	193.477	189.718	186.112	182.649	179.319	176.115	173.029	170.053	167.181	164.408	161.727	
165.264	168.077	170.991	174.012	177.146	180.401	183.785	187.305	190.972	194.797	198.792	202.97	207.347	211.94	216.769	221.857	227.23	232.922	238.968	245.414	252.315	259.74	267.776	276.537	286.18	296.931	309.147	323.482	341.626	368.472	386.546	400.74	412.745	423.214	432.505	440.842	448.382	455.238	461.498	467.229	472.485	477.311	481.742	485.811	489.541	492.955	496.071	498.905	501.471	503.78	505.843	507.668	509.262	510.632	511.783	512.719	513.444	513.96	514.268	514.371	514.268	513.96	513.444	512.719	511.783	510.632	509.262	507.668	505.843	503.78	501.471	498.905	496.071	492.955	489.541	485.811	481.742	477.311	472.485	467.229	461.498	455.238	448.382	440.842	432.505	423.214	412.745	400.74	386.546	368.472	341.626	323.482	309.147	296.931	286.18	276.537	267.776	259.74	252.315	245.414	238.968	232.922	227.23	221.857	216.769	211.94	207.347	202.97	198.792	194.797	190.972	187.305	183.785	180.401	177.146	174.012	170.991	168.077	165.264	162.546	
166.086	168.938	171.893	174.957	178.137	181.44	184.875	188.451	192.177	196.064	200.125	204.374	208.827	213.501	218.416	223.596	229.068	234.865	241.024	247.59	254.619	262.18	270.359	279.273	289.075	299.992	312.379	326.89	345.213	372.237	390.489	404.858	417.032	427.664	437.11	445.595	453.274	460.261	466.642	472.485	477.846	482.768	487.288	491.438	495.243	498.725	501.903	504.794	507.411	509.765	511.869	513.729	515.355	516.751	517.924	518.878	519.617	520.143	520.457	520.562	520.457	520.143	519.617	518.878	517.924	516.751	515.355	513.729	511.869	509.765	507.411	504.794	501.903	498.725	495.243	491.438	487.288	482.768	477.846	472.485	466.642	460.261	453.274	445.595	437.11	427.664	417.032	404.858	390.489	372.237	345.213	326.89	312.379	299.992	289.075	279.273	270.359	262.18	254.619	247.59	241.024	234.865	229.068	223.596	218.416	213.501	208.827	204.374	200.125	196.064	192.177	188.451	184.875	181.44	178.137	174.957	171.893	168.938	166.086	163.332	
166.874	169.762	172.756	175.861	179.085	182.434	185.919	189.546	193.328	197.275	201.399	205.715	210.239	214.989	219.986	225.252	230.817	236.712	242.975	249.652	256.798	264.483	272.793	281.843	291.789	302.854	315.394	330.061	348.541	375.724	394.132	408.656	420.98	431.758	441.344	449.962	457.766	464.872	471.364	477.311	482.768	487.779	492.383	496.609	500.484	504.03	507.266	510.21	512.875	515.273	517.414	519.309	520.963	522.385	523.58	524.551	525.303	525.838	526.158	526.265	526.158	525.838	525.303	524.551	523.58	522.385	520.963	519.309	517.414	515.273	512.875	510.21	507.266	504.03	500.484	496.609	492.383	487.779	482.768	477.311	471.364	464.872	457.766	449.962	441.344	431.758	420.98	408.656	394.132	375.724	348.541	330.061	315.394	302.854	291.789	281.843	272.793	264.483	256.798	249.652	242.975	236.712	230.817	225.252	219.986	214.989	210.239	205.715	201.399	197.275	193.328	189.546	185.919	182.434	179.085	175.861	172.756	169.762	166.874	164.085	
