115.952	116.571	117.193	117.818	118.447	119.079	119.715	120.354	120.996	121.641	122.289	122.94	123.594	124.251	124.91	125.572	126.236	126.903	127.572	128.242	128.915	129.589	130.265	130.942	131.62	132.299	132.979	133.659	134.34	135.021	135.702	136.383	137.063	137.742	138.421	139.098	139.773	140.446	141.118	141.786	142.452	143.115	143.775	144.431	145.082	145.73	146.373	147.01	147.643	148.27	148.891	149.505	150.113	150.714	151.307	151.893	152.471	153.04	153.601	154.153	154.695	155.228	155.752	156.265	156.767	157.259	157.74	158.209	158.667	159.113	159.547	159.969	160.378	160.775	161.158	161.529	161.886	162.23	162.559	162.875	163.177	163.465	163.739	163.998	164.242	164.472	164.687	164.887	165.072	165.242	165.396	165.536	165.66	165.768	165.862	165.939	166.002	166.048	166.08	166.095	166.095	166.08	166.048	166.002	165.939	165.862	165.768	165.66	165.536	165.396	165.242	165.072	164.887	164.687	164.472	164.242	163.998	163.739	163.465	163.177	162.875	162.559	162.23	161.886	161.529	161.158	160.775	160.378	159.969	159.547	159.113	158.667	158.209	157.74	157.259	156.767	156.265	155.752	155.228	154.695	154.153	153.601	153.04	152.471	151.893	151.307	150.714	150.113	149.505	148.891	148.27	147.643	147.01	146.373	145.73	145.082	144.431	143.775	143.115	142.452	141.786	141.118	140.446	139.773	139.098	138.421	137.742	137.063	136.383	135.702	135.021	134.34	133.659	132.979	132.299	131.62	130.942	130.265	129.589	128.915	128.242	127.572	126.903	126.236	125.572	124.91	124.251	123.594	122.94	122.289	121.641	120.996	120.354	119.715	119.079	118.447	117.818	117.193	116.571	115.952	
116.571	117.199	117.832	118.468	119.107	119.751	120.397	121.048	121.701	122.358	123.018	123.681	124.348	125.017	125.689	126.363	127.041	127.721	128.403	129.087	129.773	130.461	131.151	131.843	132.535	133.229	133.924	134.62	135.316	136.012	136.709	137.405	138.101	138.796	139.491	140.184	140.875	141.565	142.253	142.938	143.62	144.3	144.976	145.649	146.317	146.981	147.641	148.295	148.944	149.587	150.224	150.855	151.479	152.096	152.705	153.307	153.9	154.485	155.061	155.628	156.185	156.733	157.27	157.797	158.314	158.819	159.313	159.795	160.266	160.724	161.17	161.603	162.024	162.431	162.826	163.206	163.573	163.926	164.265	164.59	164.9	165.196	165.477	165.743	165.994	166.23	166.451	166.656	166.846	167.021	167.179	167.323	167.45	167.562	167.657	167.737	167.801	167.849	167.881	167.897	167.897	167.881	167.849	167.801	167.737	167.657	167.562	167.45	167.323	167.179	167.021	166.846	166.656	166.451	166.23	165.994	165.743	165.477	165.196	164.9	164.59	164.265	163.926	163.573	163.206	162.826	162.431	162.024	161.603	161.17	160.724	160.266	159.795	159.313	158.819	158.314	157.797	157.27	156.733	156.185	155.628	155.061	154.485	153.9	153.307	152.705	152.096	151.479	150.855	150.224	149.587	148.944	148.295	147.641	146.981	146.317	145.649	144.976	144.3	143.62	142.938	142.253	141.565	140.875	140.184	139.491	138.796	138.101	137.405	136.709	136.012	135.316	134.62	133.924	133.229	132.535	131.843	131.151	130.461	129.773	129.087	128.403	127.721	127.041	126.363	125.689	125.017	124.348	123.681	123.018	122.358	121.701	121.048	120.397	119.751	119.107	118.468	117.832	117.199	116.571	
117.193	117.832	118.475	119.121	119.772	120.426	121.085	121.746	122.412	123.08	123.753	124.428	125.107	125.789	126.474	127.162	127.853	128.546	129.242	129.94	130.64	131.343	132.047	132.754	133.461	134.17	134.88	135.592	136.303	137.016	137.728	138.441	139.153	139.864	140.575	141.285	141.993	142.7	143.405	144.107	144.807	145.503	146.197	146.886	147.572	148.253	148.93	149.601	150.267	150.928	151.582	152.23	152.87	153.504	154.13	154.748	155.357	155.958	156.55	157.132	157.705	158.267	158.82	159.361	159.892	160.411	160.919	161.414	161.898	162.369	162.827	163.273	163.705	164.124	164.529	164.92	165.297	165.66	166.008	166.342	166.66	166.964	167.253	167.526	167.784	168.027	168.254	168.465	168.66	168.839	169.002	169.149	169.28	169.395	169.493	169.575	169.641	169.69	169.723	169.74	169.74	169.723	169.69	169.641	169.575	169.493	169.395	169.28	169.149	169.002	168.839	168.66	168.465	168.254	168.027	167.784	167.526	167.253	166.964	166.66	166.342	166.008	165.66	165.297	164.92	164.529	164.124	163.705	163.273	162.827	162.369	161.898	161.414	160.919	160.411	159.892	159.361	158.82	158.267	157.705	157.132	156.55	155.958	155.357	154.748	154.13	153.504	152.87	152.23	151.582	150.928	150.267	149.601	148.93	148.253	147.572	146.886	146.197	145.503	144.807	144.107	143.405	142.7	141.993	141.285	140.575	139.864	139.153	138.441	137.728	137.016	136.303	135.592	134.88	134.17	133.461	132.754	132.047	131.343	130.64	129.94	129.242	128.546	127.853	127.162	126.474	125.789	125.107	124.428	123.753	123.08	122.412	121.746	121.085	120.426	119.772	119.121	118.475	117.832	117.193	
117.818	118.468	119.121	119.779	120.441	121.107	121.776	122.45	123.127	123.808	124.493	125.181	125.873	126.568	127.266	127.967	128.672	129.379	130.089	130.801	131.516	132.234	132.953	133.674	134.397	135.122	135.848	136.575	137.303	138.031	138.76	139.49	140.219	140.947	141.675	142.402	143.128	143.852	144.574	145.294	146.011	146.725	147.437	148.144	148.848	149.547	150.241	150.931	151.614	152.292	152.964	153.629	154.287	154.938	155.581	156.216	156.842	157.459	158.068	158.666	159.255	159.833	160.401	160.957	161.503	162.036	162.558	163.068	163.565	164.049	164.52	164.978	165.422	165.852	166.269	166.671	167.058	167.431	167.789	168.132	168.46	168.772	169.068	169.349	169.615	169.864	170.097	170.314	170.514	170.698	170.866	171.017	171.152	171.27	171.371	171.455	171.523	171.573	171.607	171.624	171.624	171.607	171.573	171.523	171.455	171.371	171.27	171.152	171.017	170.866	170.698	170.514	170.314	170.097	169.864	169.615	169.349	169.068	168.772	168.46	168.132	167.789	167.431	167.058	166.671	166.269	165.852	165.422	164.978	164.52	164.049	163.565	163.068	162.558	162.036	161.503	160.957	160.401	159.833	159.255	158.666	158.068	157.459	156.842	156.216	155.581	154.938	154.287	153.629	152.964	152.292	151.614	150.931	150.241	149.547	148.848	148.144	147.437	146.725	146.011	145.294	144.574	143.852	143.128	142.402	141.675	140.947	140.219	139.49	138.76	138.031	137.303	136.575	135.848	135.122	134.397	133.674	132.953	132.234	131.516	130.801	130.089	129.379	128.672	127.967	127.266	126.568	125.873	125.181	124.493	123.808	123.127	122.45	121.776	121.107	120.441	119.779	119.121	118.468	117.818	
118.447	119.107	119.772	120.441	121.114	121.791	122.473	123.159	123.848	124.542	125.239	125.94	126.645	127.353	128.065	128.78	129.498	130.22	130.944	131.671	132.401	133.134	133.868	134.605	135.344	136.085	136.827	137.57	138.315	139.06	139.806	140.552	141.299	142.045	142.79	143.535	144.278	145.02	145.761	146.499	147.234	147.967	148.697	149.423	150.145	150.862	151.575	152.283	152.985	153.681	154.371	155.055	155.731	156.399	157.06	157.712	158.356	158.991	159.616	160.231	160.836	161.431	162.014	162.586	163.147	163.696	164.232	164.756	165.267	165.765	166.249	166.72	167.177	167.619	168.047	168.46	168.859	169.242	169.61	169.962	170.299	170.62	170.925	171.214	171.486	171.742	171.982	172.205	172.411	172.6	172.772	172.928	173.066	173.187	173.291	173.378	173.447	173.499	173.534	173.551	173.551	173.534	173.499	173.447	173.378	173.291	173.187	173.066	172.928	172.772	172.6	172.411	172.205	171.982	171.742	171.486	171.214	170.925	170.62	170.299	169.962	169.61	169.242	168.859	168.46	168.047	167.619	167.177	166.72	166.249	165.765	165.267	164.756	164.232	163.696	163.147	162.586	162.014	161.431	160.836	160.231	159.616	158.991	158.356	157.712	157.06	156.399	155.731	155.055	154.371	153.681	152.985	152.283	151.575	150.862	150.145	149.423	148.697	147.967	147.234	146.499	145.761	145.02	144.278	143.535	142.79	142.045	141.299	140.552	139.806	139.06	138.315	137.57	136.827	136.085	135.344	134.605	133.868	133.134	132.401	131.671	130.944	130.22	129.498	128.78	128.065	127.353	126.645	125.94	125.239	124.542	123.848	123.159	122.473	121.791	121.114	120.441	119.772	119.107	118.447	
119.079	119.751	120.426	121.107	121.791	122.481	123.174	123.872	124.574	125.28	125.99	126.705	127.423	128.145	128.87	129.6	130.332	131.068	131.808	132.55	133.295	134.043	134.793	135.546	136.301	137.058	137.817	138.577	139.339	140.102	140.865	141.629	142.393	143.157	143.921	144.684	145.446	146.207	146.966	147.723	148.477	149.229	149.978	150.723	151.464	152.2	152.932	153.659	154.381	155.096	155.805	156.507	157.202	157.889	158.568	159.238	159.9	160.553	161.195	161.828	162.45	163.061	163.661	164.25	164.826	165.391	165.942	166.481	167.006	167.518	168.016	168.5	168.97	169.425	169.865	170.29	170.7	171.094	171.472	171.834	172.181	172.511	172.824	173.121	173.401	173.664	173.91	174.139	174.351	174.546	174.723	174.882	175.024	175.149	175.256	175.345	175.416	175.469	175.505	175.523	175.523	175.505	175.469	175.416	175.345	175.256	175.149	175.024	174.882	174.723	174.546	174.351	174.139	173.91	173.664	173.401	173.121	172.824	172.511	172.181	171.834	171.472	171.094	170.7	170.29	169.865	169.425	168.97	168.5	168.016	167.518	167.006	166.481	165.942	165.391	164.826	164.25	163.661	163.061	162.45	161.828	161.195	160.553	159.9	159.238	158.568	157.889	157.202	156.507	155.805	155.096	154.381	153.659	152.932	152.2	151.464	150.723	149.978	149.229	148.477	147.723	146.966	146.207	145.446	144.684	143.921	143.157	142.393	141.629	140.865	140.102	139.339	138.577	137.817	137.058	136.301	135.546	134.793	134.043	133.295	132.55	131.808	131.068	130.332	129.6	128.87	128.145	127.423	126.705	125.99	125.28	124.574	123.872	123.174	122.481	121.791	121.107	120.426	119.751	119.079	
119.715	120.397	121.085	121.776	122.473	123.174	123.88	124.59	125.305	126.024	126.748	127.475	128.207	128.943	129.683	130.426	131.174	131.925	132.679	133.437	134.198	134.961	135.728	136.497	137.269	138.043	138.819	139.597	140.376	141.156	141.938	142.72	143.502	144.285	145.068	145.85	146.631	147.411	148.189	148.965	149.74	150.511	151.279	152.044	152.805	153.562	154.314	155.06	155.801	156.536	157.265	157.987	158.701	159.407	160.105	160.795	161.475	162.146	162.807	163.458	164.098	164.726	165.343	165.949	166.542	167.122	167.69	168.244	168.784	169.311	169.823	170.321	170.804	171.272	171.724	172.161	172.583	172.988	173.377	173.749	174.105	174.444	174.767	175.072	175.36	175.63	175.883	176.119	176.337	176.537	176.719	176.883	177.029	177.157	177.266	177.358	177.431	177.486	177.523	177.541	177.541	177.523	177.486	177.431	177.358	177.266	177.157	177.029	176.883	176.719	176.537	176.337	176.119	175.883	175.63	175.36	175.072	174.767	174.444	174.105	173.749	173.377	172.988	172.583	172.161	171.724	171.272	170.804	170.321	169.823	169.311	168.784	168.244	167.69	167.122	166.542	165.949	165.343	164.726	164.098	163.458	162.807	162.146	161.475	160.795	160.105	159.407	158.701	157.987	157.265	156.536	155.801	155.06	154.314	153.562	152.805	152.044	151.279	150.511	149.74	148.965	148.189	147.411	146.631	145.85	145.068	144.285	143.502	142.72	141.938	141.156	140.376	139.597	138.819	138.043	137.269	136.497	135.728	134.961	134.198	133.437	132.679	131.925	131.174	130.426	129.683	128.943	128.207	127.475	126.748	126.024	125.305	124.59	123.88	123.174	122.473	121.776	121.085	120.397	119.715	
120.354	121.048	121.746	122.45	123.159	123.872	124.59	125.313	126.041	126.773	127.51	128.252	128.997	129.747	130.502	131.26	132.023	132.789	133.559	134.332	135.109	135.889	136.673	137.459	138.248	139.039	139.832	140.628	141.425	142.224	143.024	143.825	144.627	145.428	146.23	147.032	147.833	148.633	149.431	150.228	151.022	151.814	152.603	153.388	154.17	154.947	155.719	156.487	157.248	158.004	158.753	159.494	160.229	160.955	161.673	162.382	163.082	163.772	164.452	165.122	165.78	166.427	167.062	167.684	168.295	168.892	169.476	170.046	170.602	171.143	171.67	172.182	172.679	173.161	173.626	174.076	174.509	174.926	175.326	175.709	176.075	176.424	176.755	177.069	177.365	177.643	177.903	178.145	178.369	178.575	178.762	178.93	179.08	179.212	179.325	179.419	179.494	179.55	179.588	179.607	179.607	179.588	179.55	179.494	179.419	179.325	179.212	179.08	178.93	178.762	178.575	178.369	178.145	177.903	177.643	177.365	177.069	176.755	176.424	176.075	175.709	175.326	174.926	174.509	174.076	173.626	173.161	172.679	172.182	171.67	171.143	170.602	170.046	169.476	168.892	168.295	167.684	167.062	166.427	165.78	165.122	164.452	163.772	163.082	162.382	161.673	160.955	160.229	159.494	158.753	158.004	157.248	156.487	155.719	154.947	154.17	153.388	152.603	151.814	151.022	150.228	149.431	148.633	147.833	147.032	146.23	145.428	144.627	143.825	143.024	142.224	141.425	140.628	139.832	139.039	138.248	137.459	136.673	135.889	135.109	134.332	133.559	132.789	132.023	131.26	130.502	129.747	128.997	128.252	127.51	126.773	126.041	125.313	124.59	123.872	123.159	122.45	121.746	121.048	120.354	
120.996	121.701	122.412	123.127	123.848	124.574	125.305	126.041	126.782	127.528	128.278	129.034	129.794	130.558	131.328	132.101	132.879	133.661	134.447	135.236	136.03	136.827	137.627	138.43	139.237	140.046	140.858	141.672	142.488	143.305	144.124	144.945	145.766	146.588	147.41	148.232	149.053	149.873	150.693	151.51	152.326	153.139	153.949	154.755	155.558	156.357	157.15	157.939	158.722	159.499	160.269	161.032	161.787	162.534	163.273	164.002	164.723	165.433	166.132	166.821	167.498	168.164	168.817	169.458	170.086	170.701	171.301	171.888	172.46	173.018	173.56	174.087	174.598	175.093	175.572	176.035	176.48	176.909	177.32	177.715	178.091	178.45	178.79	179.113	179.418	179.704	179.971	180.22	180.45	180.661	180.854	181.027	181.181	181.316	181.432	181.529	181.606	181.664	181.703	181.723	181.723	181.703	181.664	181.606	181.529	181.432	181.316	181.181	181.027	180.854	180.661	180.45	180.22	179.971	179.704	179.418	179.113	178.79	178.45	178.091	177.715	177.32	176.909	176.48	176.035	175.572	175.093	174.598	174.087	173.56	173.018	172.46	171.888	171.301	170.701	170.086	169.458	168.817	168.164	167.498	166.821	166.132	165.433	164.723	164.002	163.273	162.534	161.787	161.032	160.269	159.499	158.722	157.939	157.15	156.357	155.558	154.755	153.949	153.139	152.326	151.51	150.693	149.873	149.053	148.232	147.41	146.588	145.766	144.945	144.124	143.305	142.488	141.672	140.858	140.046	139.237	138.43	137.627	136.827	136.03	135.236	134.447	133.661	132.879	132.101	131.328	130.558	129.794	129.034	128.278	127.528	126.782	126.041	125.305	124.574	123.848	123.127	122.412	121.701	120.996	
121.641	122.358	123.08	123.808	124.542	125.28	126.024	126.773	127.528	128.287	129.052	129.822	130.596	131.376	132.16	132.949	133.743	134.54	135.343	136.149	136.959	137.773	138.591	139.412	140.237	141.065	141.895	142.728	143.563	144.4	145.239	146.079	146.921	147.763	148.606	149.449	150.291	151.133	151.974	152.813	153.65	154.485	155.317	156.146	156.971	157.792	158.608	159.418	160.223	161.022	161.814	162.599	163.376	164.145	164.905	165.656	166.397	167.128	167.848	168.557	169.254	169.939	170.612	171.272	171.918	172.55	173.169	173.773	174.362	174.935	175.493	176.036	176.562	177.071	177.564	178.04	178.498	178.939	179.363	179.768	180.155	180.524	180.875	181.207	181.52	181.814	182.089	182.345	182.582	182.799	182.997	183.175	183.333	183.472	183.591	183.691	183.77	183.83	183.87	183.89	183.89	183.87	183.83	183.77	183.691	183.591	183.472	183.333	183.175	182.997	182.799	182.582	182.345	182.089	181.814	181.52	181.207	180.875	180.524	180.155	179.768	179.363	178.939	178.498	178.04	177.564	177.071	176.562	176.036	175.493	174.935	174.362	173.773	173.169	172.55	171.918	171.272	170.612	169.939	169.254	168.557	167.848	167.128	166.397	165.656	164.905	164.145	163.376	162.599	161.814	161.022	160.223	159.418	158.608	157.792	156.971	156.146	155.317	154.485	153.65	152.813	151.974	151.133	150.291	149.449	148.606	147.763	146.921	146.079	145.239	144.4	143.563	142.728	141.895	141.065	140.237	139.412	138.591	137.773	136.959	136.149	135.343	134.54	133.743	132.949	132.16	131.376	130.596	129.822	129.052	128.287	127.528	126.773	126.024	125.28	124.542	123.808	123.08	122.358	121.641	
122.289	123.018	123.753	124.493	125.239	125.99	126.748	127.51	128.278	129.052	129.831	130.615	131.405	132.199	132.999	133.804	134.614	135.428	136.247	137.07	137.898	138.73	139.565	140.405	141.248	142.094	142.944	143.796	144.651	145.509	146.368	147.229	148.091	148.955	149.819	150.683	151.548	152.412	153.275	154.136	154.996	155.854	156.709	157.56	158.408	159.252	160.091	160.925	161.753	162.575	163.39	164.198	164.997	165.789	166.571	167.344	168.107	168.859	169.601	170.331	171.049	171.754	172.447	173.126	173.791	174.443	175.079	175.701	176.307	176.898	177.473	178.031	178.572	179.097	179.604	180.093	180.565	181.019	181.455	181.872	182.27	182.65	183.01	183.351	183.673	183.976	184.259	184.522	184.765	184.989	185.192	185.375	185.538	185.681	185.804	185.906	185.988	186.049	186.09	186.11	186.11	186.09	186.049	185.988	185.906	185.804	185.681	185.538	185.375	185.192	184.989	184.765	184.522	184.259	183.976	183.673	183.351	183.01	182.65	182.27	181.872	181.455	181.019	180.565	180.093	179.604	179.097	178.572	178.031	177.473	176.898	176.307	175.701	175.079	174.443	173.791	173.126	172.447	171.754	171.049	170.331	169.601	168.859	168.107	167.344	166.571	165.789	164.997	164.198	163.39	162.575	161.753	160.925	160.091	159.252	158.408	157.56	156.709	155.854	154.996	154.136	153.275	152.412	151.548	150.683	149.819	148.955	148.091	147.229	146.368	145.509	144.651	143.796	142.944	142.094	141.248	140.405	139.565	138.73	137.898	137.07	136.247	135.428	134.614	133.804	132.999	132.199	131.405	130.615	129.831	129.052	128.278	127.51	126.748	125.99	125.239	124.493	123.753	123.018	122.289	
122.94	123.681	124.428	125.181	125.94	126.705	127.475	128.252	129.034	129.822	130.615	131.414	132.219	133.029	133.845	134.666	135.492	136.323	137.159	138	138.845	139.695	140.55	141.408	142.27	143.136	144.005	144.878	145.753	146.631	147.512	148.394	149.278	150.163	151.05	151.937	152.824	153.71	154.596	155.481	156.365	157.246	158.125	159	159.872	160.74	161.603	162.461	163.313	164.158	164.997	165.829	166.652	167.467	168.272	169.068	169.854	170.629	171.392	172.144	172.883	173.61	174.323	175.023	175.708	176.379	177.035	177.675	178.299	178.907	179.499	180.074	180.631	181.171	181.693	182.197	182.683	183.15	183.598	184.027	184.437	184.827	185.198	185.549	185.881	186.192	186.483	186.753	187.004	187.233	187.442	187.631	187.798	187.945	188.071	188.176	188.26	188.323	188.366	188.387	188.387	188.366	188.323	188.26	188.176	188.071	187.945	187.798	187.631	187.442	187.233	187.004	186.753	186.483	186.192	185.881	185.549	185.198	184.827	184.437	184.027	183.598	183.15	182.683	182.197	181.693	181.171	180.631	180.074	179.499	178.907	178.299	177.675	177.035	176.379	175.708	175.023	174.323	173.61	172.883	172.144	171.392	170.629	169.854	169.068	168.272	167.467	166.652	165.829	164.997	164.158	163.313	162.461	161.603	160.74	159.872	159	158.125	157.246	156.365	155.481	154.596	153.71	152.824	151.937	151.05	150.163	149.278	148.394	147.512	146.631	145.753	144.878	144.005	143.136	142.27	141.408	140.55	139.695	138.845	138	137.159	136.323	135.492	134.666	133.845	133.029	132.219	131.414	130.615	129.822	129.034	128.252	127.475	126.705	125.94	125.181	124.428	123.681	122.94	
123.594	124.348	125.107	125.873	126.645	127.423	128.207	128.997	129.794	130.596	131.405	132.219	133.039	133.866	134.697	135.535	136.378	137.226	138.08	138.938	139.802	140.671	141.544	142.421	143.303	144.189	145.079	145.972	146.868	147.768	148.67	149.574	150.481	151.389	152.298	153.208	154.119	155.029	155.939	156.848	157.756	158.662	159.565	160.465	161.362	162.255	163.143	164.025	164.902	165.773	166.637	167.493	168.341	169.18	170.009	170.829	171.639	172.437	173.224	173.998	174.76	175.508	176.243	176.964	177.67	178.361	179.036	179.696	180.339	180.965	181.575	182.166	182.74	183.296	183.834	184.352	184.852	185.333	185.794	186.236	186.658	187.06	187.441	187.803	188.143	188.463	188.763	189.041	189.298	189.535	189.75	189.943	190.116	190.267	190.396	190.504	190.591	190.656	190.699	190.721	190.721	190.699	190.656	190.591	190.504	190.396	190.267	190.116	189.943	189.75	189.535	189.298	189.041	188.763	188.463	188.143	187.803	187.441	187.06	186.658	186.236	185.794	185.333	184.852	184.352	183.834	183.296	182.74	182.166	181.575	180.965	180.339	179.696	179.036	178.361	177.67	176.964	176.243	175.508	174.76	173.998	173.224	172.437	171.639	170.829	170.009	169.18	168.341	167.493	166.637	165.773	164.902	164.025	163.143	162.255	161.362	160.465	159.565	158.662	157.756	156.848	155.939	155.029	154.119	153.208	152.298	151.389	150.481	149.574	148.67	147.768	146.868	145.972	145.079	144.189	143.303	142.421	141.544	140.671	139.802	138.938	138.08	137.226	136.378	135.535	134.697	133.866	133.039	132.219	131.405	130.596	129.794	128.997	128.207	127.423	126.645	125.873	125.107	124.348	123.594	
124.251	125.017	125.789	126.568	127.353	128.145	128.943	129.747	130.558	131.376	132.199	133.029	133.866	134.708	135.556	136.411	137.271	138.137	139.008	139.885	140.768	141.655	142.548	143.445	144.348	145.254	146.165	147.079	147.997	148.919	149.843	150.77	151.7	152.631	153.564	154.498	155.433	156.368	157.303	158.237	159.17	160.101	161.03	161.956	162.879	163.798	164.712	165.621	166.524	167.42	168.31	169.191	170.065	170.929	171.784	172.629	173.463	174.286	175.096	175.895	176.68	177.451	178.209	178.951	179.679	180.391	181.087	181.766	182.429	183.074	183.701	184.311	184.902	185.475	186.028	186.562	187.077	187.572	188.047	188.501	188.935	189.349	189.741	190.113	190.464	190.793	191.101	191.387	191.652	191.895	192.116	192.315	192.493	192.648	192.781	192.892	192.981	193.048	193.092	193.114	193.114	193.092	193.048	192.981	192.892	192.781	192.648	192.493	192.315	192.116	191.895	191.652	191.387	191.101	190.793	190.464	190.113	189.741	189.349	188.935	188.501	188.047	187.572	187.077	186.562	186.028	185.475	184.902	184.311	183.701	183.074	182.429	181.766	181.087	180.391	179.679	178.951	178.209	177.451	176.68	175.895	175.096	174.286	173.463	172.629	171.784	170.929	170.065	169.191	168.31	167.42	166.524	165.621	164.712	163.798	162.879	161.956	161.03	160.101	159.17	158.237	157.303	156.368	155.433	154.498	153.564	152.631	151.7	150.77	149.843	148.919	147.997	147.079	146.165	145.254	144.348	143.445	142.548	141.655	140.768	139.885	139.008	138.137	137.271	136.411	135.556	134.708	133.866	133.029	132.199	131.376	130.558	129.747	128.943	128.145	127.353	126.568	125.789	125.017	124.251	
124.91	125.689	126.474	127.266	128.065	128.87	129.683	130.502	131.328	132.16	132.999	133.845	134.697	135.556	136.421	137.293	138.171	139.055	139.945	140.841	141.742	142.65	143.562	144.48	145.403	146.331	147.263	148.199	149.14	150.084	151.032	151.982	152.936	153.891	154.849	155.808	156.768	157.729	158.689	159.649	160.609	161.566	162.522	163.475	164.424	165.37	166.311	167.247	168.177	169.101	170.017	170.926	171.826	172.717	173.598	174.469	175.329	176.177	177.013	177.835	178.645	179.44	180.221	180.986	181.736	182.47	183.187	183.888	184.57	185.235	185.882	186.51	187.119	187.708	188.278	188.828	189.358	189.868	190.357	190.825	191.271	191.697	192.101	192.484	192.844	193.183	193.5	193.794	194.067	194.317	194.544	194.749	194.931	195.091	195.228	195.342	195.434	195.502	195.548	195.571	195.571	195.548	195.502	195.434	195.342	195.228	195.091	194.931	194.749	194.544	194.317	194.067	193.794	193.5	193.183	192.844	192.484	192.101	191.697	191.271	190.825	190.357	189.868	189.358	188.828	188.278	187.708	187.119	186.51	185.882	185.235	184.57	183.888	183.187	182.47	181.736	180.986	180.221	179.44	178.645	177.835	177.013	176.177	175.329	174.469	173.598	172.717	171.826	170.926	170.017	169.101	168.177	167.247	166.311	165.37	164.424	163.475	162.522	161.566	160.609	159.649	158.689	157.729	156.768	155.808	154.849	153.891	152.936	151.982	151.032	150.084	149.14	148.199	147.263	146.331	145.403	144.48	143.562	142.65	141.742	140.841	139.945	139.055	138.171	137.293	136.421	135.556	134.697	133.845	132.999	132.16	131.328	130.502	129.683	128.87	128.065	127.266	126.474	125.689	124.91	
125.572	126.363	127.162	127.967	128.78	129.6	130.426	131.26	132.101	132.949	133.804	134.666	135.535	136.411	137.293	138.182	139.078	139.981	140.89	141.805	142.726	143.653	144.586	145.525	146.47	147.419	148.373	149.333	150.296	151.264	152.235	153.21	154.188	155.169	156.152	157.137	158.123	159.11	160.098	161.085	162.071	163.057	164.04	165.021	165.998	166.972	167.942	168.906	169.864	170.816	171.761	172.697	173.625	174.544	175.453	176.351	177.237	178.112	178.974	179.822	180.657	181.477	182.282	183.071	183.845	184.601	185.341	186.062	186.766	187.451	188.118	188.765	189.392	189.999	190.587	191.153	191.699	192.224	192.727	193.209	193.669	194.107	194.523	194.916	195.288	195.636	195.962	196.265	196.545	196.802	197.036	197.247	197.435	197.599	197.74	197.857	197.951	198.022	198.069	198.092	198.092	198.069	198.022	197.951	197.857	197.74	197.599	197.435	197.247	197.036	196.802	196.545	196.265	195.962	195.636	195.288	194.916	194.523	194.107	193.669	193.209	192.727	192.224	191.699	191.153	190.587	189.999	189.392	188.765	188.118	187.451	186.766	186.062	185.341	184.601	183.845	183.071	182.282	181.477	180.657	179.822	178.974	178.112	177.237	176.351	175.453	174.544	173.625	172.697	171.761	170.816	169.864	168.906	167.942	166.972	165.998	165.021	164.04	163.057	162.071	161.085	160.098	159.11	158.123	157.137	156.152	155.169	154.188	153.21	152.235	151.264	150.296	149.333	148.373	147.419	146.47	145.525	144.586	143.653	142.726	141.805	140.89	139.981	139.078	138.182	137.293	136.411	135.535	134.666	133.804	132.949	132.101	131.26	130.426	129.6	128.78	127.967	127.162	126.363	125.572	
126.236	127.041	127.853	128.672	129.498	130.332	131.174	132.023	132.879	133.743	134.614	135.492	136.378	137.271	138.171	139.078	139.993	140.914	141.842	142.777	143.719	144.666	145.621	146.581	147.547	148.519	149.496	150.479	151.466	152.458	153.454	154.455	155.458	156.465	157.474	158.486	159.499	160.514	161.529	162.545	163.559	164.573	165.586	166.596	167.602	168.606	169.604	170.598	171.586	172.567	173.541	174.507	175.464	176.412	177.349	178.275	179.19	180.092	180.981	181.857	182.718	183.564	184.394	185.209	186.006	186.786	187.549	188.293	189.019	189.725	190.412	191.078	191.725	192.351	192.956	193.539	194.102	194.642	195.16	195.656	196.13	196.581	197.009	197.414	197.796	198.155	198.49	198.802	199.09	199.355	199.595	199.812	200.005	200.174	200.319	200.439	200.536	200.609	200.657	200.681	200.681	200.657	200.609	200.536	200.439	200.319	200.174	200.005	199.812	199.595	199.355	199.09	198.802	198.49	198.155	197.796	197.414	197.009	196.581	196.13	195.656	195.16	194.642	194.102	193.539	192.956	192.351	191.725	191.078	190.412	189.725	189.019	188.293	187.549	186.786	186.006	185.209	184.394	183.564	182.718	181.857	180.981	180.092	179.19	178.275	177.349	176.412	175.464	174.507	173.541	172.567	171.586	170.598	169.604	168.606	167.602	166.596	165.586	164.573	163.559	162.545	161.529	160.514	159.499	158.486	157.474	156.465	155.458	154.455	153.454	152.458	151.466	150.479	149.496	148.519	147.547	146.581	145.621	144.666	143.719	142.777	141.842	140.914	139.993	139.078	138.171	137.271	136.378	135.492	134.614	133.743	132.879	132.023	131.174	130.332	129.498	128.672	127.853	127.041	126.236	
126.903	127.721	128.546	129.379	130.22	131.068	131.925	132.789	133.661	134.54	135.428	136.323	137.226	138.137	139.055	139.981	140.914	141.855	142.803	143.758	144.72	145.689	146.665	147.647	148.636	149.631	150.632	151.639	152.651	153.668	154.689	155.715	156.745	157.779	158.816	159.855	160.897	161.94	162.984	164.029	165.073	166.117	167.159	168.2	169.237	170.271	171.3	172.325	173.344	174.356	175.36	176.357	177.344	178.322	179.289	180.245	181.189	182.12	183.038	183.942	184.83	185.703	186.56	187.4	188.223	189.028	189.814	190.582	191.33	192.058	192.766	193.454	194.12	194.765	195.388	195.99	196.569	197.126	197.659	198.17	198.658	199.122	199.563	199.98	200.373	200.742	201.087	201.408	201.704	201.976	202.224	202.447	202.645	202.819	202.968	203.092	203.192	203.266	203.316	203.341	203.341	203.316	203.266	203.192	203.092	202.968	202.819	202.645	202.447	202.224	201.976	201.704	201.408	201.087	200.742	200.373	199.98	199.563	199.122	198.658	198.17	197.659	197.126	196.569	195.99	195.388	194.765	194.12	193.454	192.766	192.058	191.33	190.582	189.814	189.028	188.223	187.4	186.56	185.703	184.83	183.942	183.038	182.12	181.189	180.245	179.289	178.322	177.344	176.357	175.36	174.356	173.344	172.325	171.3	170.271	169.237	168.2	167.159	166.117	165.073	164.029	162.984	161.94	160.897	159.855	158.816	157.779	156.745	155.715	154.689	153.668	152.651	151.639	150.632	149.631	148.636	147.647	146.665	145.689	144.72	143.758	142.803	141.855	140.914	139.981	139.055	138.137	137.226	136.323	135.428	134.54	133.661	132.789	131.925	131.068	130.22	129.379	128.546	127.721	126.903	
127.572	128.403	129.242	130.089	130.944	131.808	132.679	133.559	134.447	135.343	136.247	137.159	138.08	139.008	139.945	140.89	141.842	142.803	143.771	144.747	145.73	146.721	147.719	148.724	149.736	150.755	151.78	152.812	153.849	154.892	155.94	156.993	158.05	159.112	160.177	161.245	162.316	163.389	164.463	165.538	166.613	167.688	168.762	169.834	170.903	171.969	173.031	174.088	175.138	176.183	177.22	178.248	179.267	180.277	181.275	182.262	183.237	184.198	185.146	186.078	186.996	187.897	188.781	189.649	190.498	191.328	192.14	192.931	193.703	194.454	195.184	195.893	196.58	197.245	197.888	198.507	199.104	199.677	200.227	200.753	201.255	201.733	202.187	202.616	203.021	203.401	203.756	204.086	204.391	204.671	204.925	205.155	205.359	205.538	205.691	205.818	205.921	205.997	206.048	206.074	206.074	206.048	205.997	205.921	205.818	205.691	205.538	205.359	205.155	204.925	204.671	204.391	204.086	203.756	203.401	203.021	202.616	202.187	201.733	201.255	200.753	200.227	199.677	199.104	198.507	197.888	197.245	196.58	195.893	195.184	194.454	193.703	192.931	192.14	191.328	190.498	189.649	188.781	187.897	186.996	186.078	185.146	184.198	183.237	182.262	181.275	180.277	179.267	178.248	177.22	176.183	175.138	174.088	173.031	171.969	170.903	169.834	168.762	167.688	166.613	165.538	164.463	163.389	162.316	161.245	160.177	159.112	158.05	156.993	155.94	154.892	153.849	152.812	151.78	150.755	149.736	148.724	147.719	146.721	145.73	144.747	143.771	142.803	141.842	140.89	139.945	139.008	138.08	137.159	136.247	135.343	134.447	133.559	132.679	131.808	130.944	130.089	129.242	128.403	127.572	
128.242	129.087	129.94	130.801	131.671	132.55	133.437	134.332	135.236	136.149	137.07	138	138.938	139.885	140.841	141.805	142.777	143.758	144.747	145.744	146.749	147.762	148.783	149.812	150.848	151.891	152.941	153.998	155.061	156.131	157.206	158.287	159.373	160.463	161.558	162.656	163.757	164.861	165.966	167.073	168.181	169.288	170.395	171.5	172.602	173.702	174.797	175.887	176.972	178.05	179.12	180.182	181.235	182.278	183.309	184.328	185.335	186.328	187.307	188.27	189.217	190.148	191.061	191.956	192.833	193.69	194.528	195.345	196.141	196.916	197.669	198.4	199.108	199.794	200.456	201.095	201.709	202.3	202.867	203.408	203.925	204.418	204.885	205.327	205.743	206.134	206.499	206.839	207.153	207.441	207.703	207.939	208.149	208.332	208.49	208.621	208.727	208.805	208.858	208.884	208.884	208.858	208.805	208.727	208.621	208.49	208.332	208.149	207.939	207.703	207.441	207.153	206.839	206.499	206.134	205.743	205.327	204.885	204.418	203.925	203.408	202.867	202.3	201.709	201.095	200.456	199.794	199.108	198.4	197.669	196.916	196.141	195.345	194.528	193.69	192.833	191.956	191.061	190.148	189.217	188.27	187.307	186.328	185.335	184.328	183.309	182.278	181.235	180.182	179.12	178.05	176.972	175.887	174.797	173.702	172.602	171.5	170.395	169.288	168.181	167.073	165.966	164.861	163.757	162.656	161.558	160.463	159.373	158.287	157.206	156.131	155.061	153.998	152.941	151.891	150.848	149.812	148.783	147.762	146.749	145.744	144.747	143.758	142.777	141.805	140.841	139.885	138.938	138	137.07	136.149	135.236	134.332	133.437	132.55	131.671	130.801	129.94	129.087	128.242	
128.915	129.773	130.64	131.516	132.401	133.295	134.198	135.109	136.03	136.959	137.898	138.845	139.802	140.768	141.742	142.726	143.719	144.72	145.73	146.749	147.777	148.813	149.857	150.91	151.97	153.038	154.114	155.198	156.288	157.385	158.489	159.598	160.713	161.834	162.959	164.088	165.221	166.356	167.495	168.635	169.776	170.917	172.058	173.197	174.335	175.469	176.6	177.725	178.845	179.959	181.065	182.162	183.249	184.326	185.392	186.446	187.486	188.512	189.523	190.519	191.497	192.459	193.402	194.327	195.232	196.117	196.982	197.825	198.647	199.446	200.223	200.977	201.708	202.414	203.097	203.755	204.389	204.998	205.581	206.139	206.672	207.179	207.66	208.115	208.543	208.946	209.322	209.671	209.994	210.29	210.56	210.803	211.018	211.207	211.369	211.505	211.613	211.694	211.748	211.775	211.775	211.748	211.694	211.613	211.505	211.369	211.207	211.018	210.803	210.56	210.29	209.994	209.671	209.322	208.946	208.543	208.115	207.66	207.179	206.672	206.139	205.581	204.998	204.389	203.755	203.097	202.414	201.708	200.977	200.223	199.446	198.647	197.825	196.982	196.117	195.232	194.327	193.402	192.459	191.497	190.519	189.523	188.512	187.486	186.446	185.392	184.326	183.249	182.162	181.065	179.959	178.845	177.725	176.6	175.469	174.335	173.197	172.058	170.917	169.776	168.635	167.495	166.356	165.221	164.088	162.959	161.834	160.713	159.598	158.489	157.385	156.288	155.198	154.114	153.038	151.97	150.91	149.857	148.813	147.777	146.749	145.73	144.72	143.719	142.726	141.742	140.768	139.802	138.845	137.898	136.959	136.03	135.109	134.198	133.295	132.401	131.516	130.64	129.773	128.915	
129.589	130.461	131.343	132.234	133.134	134.043	134.961	135.889	136.827	137.773	138.73	139.695	140.671	141.655	142.65	143.653	144.666	145.689	146.721	147.762	148.813	149.872	150.94	152.018	153.104	154.198	155.3	156.411	157.529	158.655	159.787	160.927	162.072	163.223	164.38	165.542	166.707	167.877	169.049	170.223	171.399	172.576	173.753	174.928	176.102	177.273	178.441	179.604	180.761	181.911	183.054	184.188	185.312	186.426	187.528	188.617	189.692	190.753	191.798	192.827	193.839	194.832	195.807	196.762	197.698	198.612	199.505	200.375	201.224	202.049	202.851	203.628	204.382	205.111	205.815	206.493	207.146	207.773	208.375	208.95	209.498	210.02	210.515	210.984	211.425	211.839	212.226	212.586	212.918	213.223	213.5	213.75	213.972	214.166	214.333	214.472	214.583	214.666	214.722	214.75	214.75	214.722	214.666	214.583	214.472	214.333	214.166	213.972	213.75	213.5	213.223	212.918	212.586	212.226	211.839	211.425	210.984	210.515	210.02	209.498	208.95	208.375	207.773	207.146	206.493	205.815	205.111	204.382	203.628	202.851	202.049	201.224	200.375	199.505	198.612	197.698	196.762	195.807	194.832	193.839	192.827	191.798	190.753	189.692	188.617	187.528	186.426	185.312	184.188	183.054	181.911	180.761	179.604	178.441	177.273	176.102	174.928	173.753	172.576	171.399	170.223	169.049	167.877	166.707	165.542	164.38	163.223	162.072	160.927	159.787	158.655	157.529	156.411	155.3	154.198	153.104	152.018	150.94	149.872	148.813	147.762	146.721	145.689	144.666	143.653	142.65	141.655	140.671	139.695	138.73	137.773	136.827	135.889	134.961	134.043	133.134	132.234	131.343	130.461	129.589	
130.265	131.151	132.047	132.953	133.868	134.793	135.728	136.673	137.627	138.591	139.565	140.55	141.544	142.548	143.562	144.586	145.621	146.665	147.719	148.783	149.857	150.94	152.034	153.136	154.248	155.369	156.499	157.637	158.784	159.939	161.102	162.272	163.449	164.633	165.822	167.017	168.217	169.421	170.629	171.84	173.052	174.266	175.48	176.694	177.906	179.115	180.321	181.523	182.719	183.909	185.09	186.263	187.426	188.578	189.717	190.844	191.956	193.053	194.134	195.198	196.245	197.272	198.28	199.267	200.233	201.178	202.1	202.999	203.875	204.727	205.555	206.357	207.134	207.886	208.612	209.312	209.985	210.631	211.251	211.843	212.408	212.946	213.456	213.938	214.392	214.818	215.217	215.587	215.928	216.242	216.527	216.784	217.012	217.212	217.384	217.526	217.641	217.726	217.784	217.812	217.812	217.784	217.726	217.641	217.526	217.384	217.212	217.012	216.784	216.527	216.242	215.928	215.587	215.217	214.818	214.392	213.938	213.456	212.946	212.408	211.843	211.251	210.631	209.985	209.312	208.612	207.886	207.134	206.357	205.555	204.727	203.875	202.999	202.1	201.178	200.233	199.267	198.28	197.272	196.245	195.198	194.134	193.053	191.956	190.844	189.717	188.578	187.426	186.263	185.09	183.909	182.719	181.523	180.321	179.115	177.906	176.694	175.48	174.266	173.052	171.84	170.629	169.421	168.217	167.017	165.822	164.633	163.449	162.272	161.102	159.939	158.784	157.637	156.499	155.369	154.248	153.136	152.034	150.94	149.857	148.783	147.719	146.665	145.621	144.586	143.562	142.548	141.544	140.55	139.565	138.591	137.627	136.673	135.728	134.793	133.868	132.953	132.047	131.151	130.265	
130.942	131.843	132.754	133.674	134.605	135.546	136.497	137.459	138.43	139.412	140.405	141.408	142.421	143.445	144.48	145.525	146.581	147.647	148.724	149.812	150.91	152.018	153.136	154.265	155.403	156.552	157.71	158.877	160.054	161.239	162.433	163.635	164.845	166.062	167.286	168.516	169.751	170.991	172.236	173.484	174.735	175.987	177.241	178.494	179.746	180.996	182.243	183.486	184.723	185.953	187.176	188.389	189.592	190.784	191.964	193.13	194.281	195.417	196.535	197.636	198.718	199.781	200.823	201.844	202.843	203.819	204.772	205.701	206.605	207.485	208.339	209.168	209.97	210.745	211.494	212.215	212.909	213.575	214.214	214.824	215.406	215.96	216.485	216.981	217.449	217.888	218.297	218.678	219.03	219.352	219.646	219.91	220.145	220.35	220.527	220.673	220.791	220.879	220.938	220.967	220.967	220.938	220.879	220.791	220.673	220.527	220.35	220.145	219.91	219.646	219.352	219.03	218.678	218.297	217.888	217.449	216.981	216.485	215.96	215.406	214.824	214.214	213.575	212.909	212.215	211.494	210.745	209.97	209.168	208.339	207.485	206.605	205.701	204.772	203.819	202.843	201.844	200.823	199.781	198.718	197.636	196.535	195.417	194.281	193.13	191.964	190.784	189.592	188.389	187.176	185.953	184.723	183.486	182.243	180.996	179.746	178.494	177.241	175.987	174.735	173.484	172.236	170.991	169.751	168.516	167.286	166.062	164.845	163.635	162.433	161.239	160.054	158.877	157.71	156.552	155.403	154.265	153.136	152.018	150.91	149.812	148.724	147.647	146.581	145.525	144.48	143.445	142.421	141.408	140.405	139.412	138.43	137.459	136.497	135.546	134.605	133.674	132.754	131.843	130.942	
131.62	132.535	133.461	134.397	135.344	136.301	137.269	138.248	139.237	140.237	141.248	142.27	143.303	144.348	145.403	146.47	147.547	148.636	149.736	150.848	151.97	153.104	154.248	155.403	156.569	157.746	158.933	160.13	161.338	162.554	163.78	165.016	166.259	167.511	168.77	170.036	171.309	172.587	173.87	175.158	176.449	177.742	179.036	180.331	181.626	182.918	184.208	185.493	186.773	188.047	189.312	190.569	191.815	193.049	194.271	195.478	196.67	197.846	199.004	200.143	201.263	202.363	203.441	204.497	205.53	206.539	207.524	208.484	209.419	210.327	211.209	212.064	212.892	213.692	214.464	215.208	215.924	216.61	217.268	217.897	218.497	219.067	219.607	220.119	220.6	221.051	221.473	221.865	222.227	222.559	222.86	223.132	223.374	223.585	223.766	223.917	224.038	224.129	224.189	224.219	224.219	224.189	224.129	224.038	223.917	223.766	223.585	223.374	223.132	222.86	222.559	222.227	221.865	221.473	221.051	220.6	220.119	219.607	219.067	218.497	217.897	217.268	216.61	215.924	215.208	214.464	213.692	212.892	212.064	211.209	210.327	209.419	208.484	207.524	206.539	205.53	204.497	203.441	202.363	201.263	200.143	199.004	197.846	196.67	195.478	194.271	193.049	191.815	190.569	189.312	188.047	186.773	185.493	184.208	182.918	181.626	180.331	179.036	177.742	176.449	175.158	173.87	172.587	171.309	170.036	168.77	167.511	166.259	165.016	163.78	162.554	161.338	160.13	158.933	157.746	156.569	155.403	154.248	153.104	151.97	150.848	149.736	148.636	147.547	146.47	145.403	144.348	143.303	142.27	141.248	140.237	139.237	138.248	137.269	136.301	135.344	134.397	133.461	132.535	131.62	
