121.793	128.827	136.196	143.731	151.166	158.142	164.262	169.162	172.57	174.314	174.314	172.57	169.162	164.262	158.142	151.166	143.731	136.196	128.827	121.793	
128.827	137.296	146.403	155.984	165.688	174.964	183.159	189.707	194.233	196.536	196.536	194.233	189.707	183.159	174.964	165.688	155.984	146.403	137.296	128.827	
136.196	146.403	157.751	170.162	183.238	196.064	207.42	216.365	222.445	225.504	225.504	222.445	216.365	207.42	196.064	183.238	170.162	157.751	146.403	136.196	
143.731	155.984	170.162	186.552	205.038	224.034	240.582	253.049	261.228	265.262	265.262	261.228	253.049	240.582	224.034	205.038	186.552	170.162	155.984	143.731	
151.166	165.688	183.238	205.038	233.2	266.756	292.758	310.175	320.98	326.175	326.175	320.98	310.175	292.758	266.756	233.2	205.038	183.238	165.688	151.166	
158.142	174.964	196.064	224.034	266.756	354.363	394.716	417.863	431.501	437.916	437.916	431.501	417.863	394.716	354.363	266.756	224.034	196.064	174.964	158.142	
164.262	183.159	207.42	240.582	292.758	394.716	444.336	472.282	488.44	495.96	495.96	488.44	472.282	444.336	394.716	292.758	240.582	207.42	183.159	164.262	
169.162	189.707	216.365	253.049	310.175	417.863	472.282	503.43	521.463	529.842	529.842	521.463	503.43	472.282	417.863	310.175	253.049	216.365	189.707	169.162	
172.57	194.233	222.445	261.228	320.98	431.501	488.44	521.463	540.681	549.626	549.626	540.681	521.463	488.44	431.501	320.98	261.228	222.445	194.233	172.57	
174.314	196.536	225.504	265.262	326.175	437.916	495.96	529.842	549.626	558.847	558.847	549.626	529.842	495.96	437.916	326.175	265.262	225.504	196.536	174.314	
174.314	196.536	225.504	265.262	326.175	437.916	495.96	529.842	549.626	558.847	558.847	549.626	529.842	495.96	437.916	326.175	265.262	225.504	196.536	174.314	
172.57	194.233	222.445	261.228	320.98	431.501	488.44	521.463	540.681	549.626	549.626	540.681	521.463	488.44	431.501	320.98	261.228	222.445	194.233	172.57	
169.162	189.707	216.365	253.049	310.175	417.863	472.282	503.43	521.463	529.842	529.842	521.463	503.43	472.282	417.863	310.175	253.049	216.365	189.707	169.162	
164.262	183.159	207.42	240.582	292.758	394.716	444.336	472.282	488.44	495.96	495.96	488.44	472.282	444.336	394.716	292.758	240.582	207.42	183.159	164.262	
158.142	174.964	196.064	224.034	266.756	354.363	394.716	417.863	431.501	437.916	437.916	431.501	417.863	394.716	354.363	266.756	224.034	196.064	174.964	158.142	
151.166	165.688	183.238	205.038	233.2	266.756	292.758	310.175	320.98	326.175	326.175	320.98	310.175	292.758	266.756	233.2	205.038	183.238	165.688	151.166	
143.731	155.984	170.162	186.552	205.038	224.034	240.582	253.049	261.228	265.262	265.262	261.228	253.049	240.582	224.034	205.038	186.552	170.162	155.984	143.731	
136.196	146.403	157.751	170.162	183.238	196.064	207.42	216.365	222.445	225.504	225.504	222.445	216.365	207.42	196.064	183.238	170.162	157.751	146.403	136.196	
128.827	137.296	146.403	155.984	165.688	174.964	183.159	189.707	194.233	196.536	196.536	194.233	189.707	183.159	174.964	165.688	155.984	146.403	137.296	128.827	
121.793	128.827	136.196	143.731	151.166	158.142	164.262	169.162	172.57	174.314	174.314	172.57	169.162	164.262	158.142	151.166	143.731	136.196	128.827	121.793	
