118.65	119.229	119.81	120.395	120.983	121.573	122.167	122.763	123.362	123.964	124.568	125.175	125.785	126.397	127.011	127.628	128.247	128.868	129.491	130.115	130.742	131.37	132	132.631	133.264	133.897	134.532	135.168	135.804	136.441	137.078	137.716	138.353	138.99	139.628	140.264	140.9	141.535	142.169	142.801	143.432	144.061	144.688	145.313	145.936	146.555	147.172	147.786	148.396	149.002	149.604	150.203	150.796	151.385	151.969	152.548	153.121	153.688	154.249	154.804	155.352	155.894	156.428	156.955	157.475	157.986	158.49	158.985	159.472	159.95	160.419	160.879	161.329	161.77	162.201	162.622	163.033	163.434	163.824	164.203	164.571	164.928	165.274	165.609	165.932	166.244	166.544	166.832	167.108	167.372	167.623	167.863	168.09	168.304	168.506	168.695	168.871	169.035	169.186	169.324	169.448	169.56	169.659	169.745	169.817	169.877	169.923	169.956	169.976	169.982	169.976	169.956	169.923	169.877	169.817	169.745	169.659	169.56	169.448	169.324	169.186	169.035	168.871	168.695	168.506	168.304	168.09	167.863	167.623	167.372	167.108	166.832	166.544	166.244	165.932	165.609	165.274	164.928	164.571	164.203	163.824	163.434	163.033	162.622	162.201	161.77	161.329	160.879	160.419	159.95	159.472	158.985	158.49	157.986	157.475	156.955	156.428	155.894	155.352	154.804	154.249	153.688	153.121	152.548	151.969	151.385	150.796	150.203	149.604	149.002	148.396	147.786	147.172	146.555	145.936	145.313	144.688	144.061	143.432	142.801	142.169	141.535	140.9	140.264	139.628	138.99	138.353	137.716	137.078	136.441	135.804	135.168	134.532	133.897	133.264	132.631	132	131.37	130.742	130.115	129.491	128.868	128.247	127.628	127.011	126.397	125.785	125.175	124.568	123.964	123.362	122.763	122.167	121.573	120.983	120.395	119.81	119.229	118.65	118.075	
119.229	119.816	120.407	121	121.597	122.197	122.8	123.406	124.015	124.626	125.241	125.858	126.478	127.101	127.726	128.353	128.983	129.615	130.249	130.885	131.524	132.163	132.805	133.448	134.093	134.739	135.386	136.034	136.683	137.333	137.983	138.634	139.285	139.935	140.586	141.236	141.885	142.534	143.182	143.828	144.473	145.116	145.757	146.397	147.033	147.667	148.298	148.926	149.55	150.17	150.787	151.399	152.007	152.61	153.208	153.8	154.387	154.968	155.543	156.112	156.673	157.228	157.776	158.316	158.848	159.372	159.889	160.396	160.895	161.385	161.866	162.337	162.799	163.251	163.692	164.124	164.545	164.956	165.355	165.744	166.121	166.488	166.842	167.185	167.517	167.836	168.143	168.438	168.721	168.992	169.249	169.495	169.727	169.947	170.154	170.348	170.528	170.696	170.851	170.992	171.12	171.234	171.336	171.423	171.498	171.559	171.606	171.64	171.66	171.667	171.66	171.64	171.606	171.559	171.498	171.423	171.336	171.234	171.12	170.992	170.851	170.696	170.528	170.348	170.154	169.947	169.727	169.495	169.249	168.992	168.721	168.438	168.143	167.836	167.517	167.185	166.842	166.488	166.121	165.744	165.355	164.956	164.545	164.124	163.692	163.251	162.799	162.337	161.866	161.385	160.895	160.396	159.889	159.372	158.848	158.316	157.776	157.228	156.673	156.112	155.543	154.968	154.387	153.8	153.208	152.61	152.007	151.399	150.787	150.17	149.55	148.926	148.298	147.667	147.033	146.397	145.757	145.116	144.473	143.828	143.182	142.534	141.885	141.236	140.586	139.935	139.285	138.634	137.983	137.333	136.683	136.034	135.386	134.739	134.093	133.448	132.805	132.163	131.524	130.885	130.249	129.615	128.983	128.353	127.726	127.101	126.478	125.858	125.241	124.626	124.015	123.406	122.8	122.197	121.597	121	120.407	119.816	119.229	118.645	
119.81	120.407	121.006	121.609	122.215	122.825	123.437	124.053	124.672	125.294	125.918	126.546	127.176	127.81	128.446	129.084	129.725	130.368	131.014	131.662	132.312	132.964	133.618	134.273	134.931	135.589	136.249	136.91	137.572	138.235	138.899	139.563	140.227	140.891	141.556	142.22	142.883	143.546	144.208	144.869	145.528	146.185	146.841	147.495	148.146	148.795	149.44	150.083	150.722	151.357	151.988	152.615	153.237	153.855	154.467	155.074	155.675	156.271	156.859	157.442	158.018	158.586	159.147	159.701	160.246	160.784	161.313	161.833	162.344	162.847	163.34	163.823	164.296	164.759	165.212	165.655	166.086	166.507	166.917	167.315	167.702	168.078	168.441	168.793	169.132	169.46	169.775	170.077	170.367	170.644	170.908	171.16	171.398	171.623	171.835	172.034	172.219	172.391	172.549	172.694	172.825	172.942	173.046	173.136	173.212	173.275	173.323	173.358	173.379	173.386	173.379	173.358	173.323	173.275	173.212	173.136	173.046	172.942	172.825	172.694	172.549	172.391	172.219	172.034	171.835	171.623	171.398	171.16	170.908	170.644	170.367	170.077	169.775	169.46	169.132	168.793	168.441	168.078	167.702	167.315	166.917	166.507	166.086	165.655	165.212	164.759	164.296	163.823	163.34	162.847	162.344	161.833	161.313	160.784	160.246	159.701	159.147	158.586	158.018	157.442	156.859	156.271	155.675	155.074	154.467	153.855	153.237	152.615	151.988	151.357	150.722	150.083	149.44	148.795	148.146	147.495	146.841	146.185	145.528	144.869	144.208	143.546	142.883	142.22	141.556	140.891	140.227	139.563	138.899	138.235	137.572	136.91	136.249	135.589	134.931	134.273	133.618	132.964	132.312	131.662	131.014	130.368	129.725	129.084	128.446	127.81	127.176	126.546	125.918	125.294	124.672	124.053	123.437	122.825	122.215	121.609	121.006	120.407	119.81	119.217	
120.395	121	121.609	122.221	122.837	123.456	124.078	124.704	125.333	125.965	126.6	127.239	127.88	128.524	129.171	129.821	130.473	131.128	131.786	132.446	133.108	133.772	134.438	135.106	135.776	136.448	137.121	137.795	138.47	139.147	139.824	140.502	141.18	141.859	142.537	143.215	143.893	144.571	145.247	145.923	146.597	147.269	147.94	148.609	149.275	149.939	150.599	151.257	151.911	152.561	153.208	153.85	154.487	155.12	155.747	156.369	156.985	157.595	158.198	158.795	159.385	159.968	160.543	161.111	161.67	162.221	162.763	163.297	163.821	164.336	164.841	165.337	165.822	166.297	166.761	167.215	167.657	168.089	168.509	168.917	169.314	169.699	170.072	170.432	170.78	171.116	171.439	171.749	172.046	172.33	172.601	172.859	173.103	173.334	173.551	173.754	173.944	174.12	174.283	174.431	174.565	174.686	174.792	174.884	174.962	175.026	175.076	175.111	175.133	175.14	175.133	175.111	175.076	175.026	174.962	174.884	174.792	174.686	174.565	174.431	174.283	174.12	173.944	173.754	173.551	173.334	173.103	172.859	172.601	172.33	172.046	171.749	171.439	171.116	170.78	170.432	170.072	169.699	169.314	168.917	168.509	168.089	167.657	167.215	166.761	166.297	165.822	165.337	164.841	164.336	163.821	163.297	162.763	162.221	161.67	161.111	160.543	159.968	159.385	158.795	158.198	157.595	156.985	156.369	155.747	155.12	154.487	153.85	153.208	152.561	151.911	151.257	150.599	149.939	149.275	148.609	147.94	147.269	146.597	145.923	145.247	144.571	143.893	143.215	142.537	141.859	141.18	140.502	139.824	139.147	138.47	137.795	137.121	136.448	135.776	135.106	134.438	133.772	133.108	132.446	131.786	131.128	130.473	129.821	129.171	128.524	127.88	127.239	126.6	125.965	125.333	124.704	124.078	123.456	122.837	122.221	121.609	121	120.395	119.793	
120.983	121.597	122.215	122.837	123.462	124.091	124.723	125.359	125.999	126.641	127.287	127.936	128.588	129.244	129.902	130.563	131.227	131.894	132.564	133.236	133.91	134.587	135.266	135.947	136.63	137.315	138.001	138.689	139.378	140.069	140.76	141.452	142.144	142.837	143.53	144.224	144.916	145.609	146.3	146.991	147.68	148.368	149.054	149.738	150.42	151.099	151.776	152.449	153.119	153.785	154.447	155.104	155.757	156.405	157.048	157.685	158.317	158.942	159.56	160.172	160.777	161.375	161.964	162.546	163.12	163.685	164.241	164.788	165.325	165.853	166.372	166.88	167.377	167.864	168.341	168.806	169.26	169.702	170.133	170.552	170.958	171.353	171.735	172.105	172.462	172.806	173.137	173.455	173.759	174.051	174.328	174.592	174.843	175.079	175.302	175.511	175.705	175.886	176.052	176.204	176.342	176.465	176.574	176.669	176.749	176.814	176.865	176.901	176.923	176.931	176.923	176.901	176.865	176.814	176.749	176.669	176.574	176.465	176.342	176.204	176.052	175.886	175.705	175.511	175.302	175.079	174.843	174.592	174.328	174.051	173.759	173.455	173.137	172.806	172.462	172.105	171.735	171.353	170.958	170.552	170.133	169.702	169.26	168.806	168.341	167.864	167.377	166.88	166.372	165.853	165.325	164.788	164.241	163.685	163.12	162.546	161.964	161.375	160.777	160.172	159.56	158.942	158.317	157.685	157.048	156.405	155.757	155.104	154.447	153.785	153.119	152.449	151.776	151.099	150.42	149.738	149.054	148.368	147.68	146.991	146.3	145.609	144.916	144.224	143.53	142.837	142.144	141.452	140.76	140.069	139.378	138.689	138.001	137.315	136.63	135.947	135.266	134.587	133.91	133.236	132.564	131.894	131.227	130.563	129.902	129.244	128.588	127.936	127.287	126.641	125.999	125.359	124.723	124.091	123.462	122.837	122.215	121.597	120.983	120.372	
121.573	122.197	122.825	123.456	124.091	124.73	125.372	126.019	126.668	127.322	127.978	128.638	129.302	129.969	130.638	131.312	131.988	132.667	133.348	134.033	134.72	135.41	136.102	136.796	137.492	138.191	138.891	139.592	140.296	141	141.706	142.412	143.12	143.828	144.536	145.244	145.952	146.66	147.367	148.073	148.778	149.482	150.184	150.884	151.582	152.277	152.97	153.659	154.345	155.027	155.705	156.379	157.048	157.712	158.371	159.024	159.671	160.312	160.946	161.574	162.194	162.807	163.411	164.008	164.596	165.176	165.746	166.307	166.859	167.4	167.932	168.453	168.963	169.463	169.951	170.428	170.894	171.348	171.789	172.219	172.636	173.041	173.433	173.812	174.178	174.531	174.87	175.196	175.508	175.807	176.092	176.362	176.619	176.862	177.09	177.304	177.503	177.688	177.859	178.014	178.156	178.282	178.394	178.491	178.573	178.64	178.692	178.729	178.752	178.759	178.752	178.729	178.692	178.64	178.573	178.491	178.394	178.282	178.156	178.014	177.859	177.688	177.503	177.304	177.09	176.862	176.619	176.362	176.092	175.807	175.508	175.196	174.87	174.531	174.178	173.812	173.433	173.041	172.636	172.219	171.789	171.348	170.894	170.428	169.951	169.463	168.963	168.453	167.932	167.4	166.859	166.307	165.746	165.176	164.596	164.008	163.411	162.807	162.194	161.574	160.946	160.312	159.671	159.024	158.371	157.712	157.048	156.379	155.705	155.027	154.345	153.659	152.97	152.277	151.582	150.884	150.184	149.482	148.778	148.073	147.367	146.66	145.952	145.244	144.536	143.828	143.12	142.412	141.706	141	140.296	139.592	138.891	138.191	137.492	136.796	136.102	135.41	134.72	134.033	133.348	132.667	131.988	131.312	130.638	129.969	129.302	128.638	127.978	127.322	126.668	126.019	125.372	124.73	124.091	123.456	122.825	122.197	121.573	120.953	
122.167	122.8	123.437	124.078	124.723	125.372	126.025	126.682	127.342	128.006	128.674	129.346	130.02	130.699	131.38	132.066	132.754	133.445	134.139	134.837	135.537	136.24	136.945	137.653	138.363	139.075	139.789	140.505	141.223	141.942	142.663	143.384	144.107	144.83	145.553	146.277	147.001	147.725	148.448	149.17	149.891	150.611	151.33	152.046	152.761	153.473	154.182	154.888	155.59	156.289	156.984	157.675	158.36	159.041	159.716	160.386	161.05	161.707	162.357	163.001	163.637	164.265	164.885	165.497	166.101	166.695	167.28	167.856	168.421	168.977	169.522	170.057	170.58	171.093	171.594	172.083	172.561	173.026	173.48	173.92	174.348	174.763	175.165	175.554	175.929	176.291	176.639	176.974	177.294	177.6	177.892	178.17	178.433	178.681	178.915	179.135	179.339	179.529	179.704	179.863	180.008	180.138	180.252	180.351	180.435	180.504	180.558	180.596	180.619	180.627	180.619	180.596	180.558	180.504	180.435	180.351	180.252	180.138	180.008	179.863	179.704	179.529	179.339	179.135	178.915	178.681	178.433	178.17	177.892	177.6	177.294	176.974	176.639	176.291	175.929	175.554	175.165	174.763	174.348	173.92	173.48	173.026	172.561	172.083	171.594	171.093	170.58	170.057	169.522	168.977	168.421	167.856	167.28	166.695	166.101	165.497	164.885	164.265	163.637	163.001	162.357	161.707	161.05	160.386	159.716	159.041	158.36	157.675	156.984	156.289	155.59	154.888	154.182	153.473	152.761	152.046	151.33	150.611	149.891	149.17	148.448	147.725	147.001	146.277	145.553	144.83	144.107	143.384	142.663	141.942	141.223	140.505	139.789	139.075	138.363	137.653	136.945	136.24	135.537	134.837	134.139	133.445	132.754	132.066	131.38	130.699	130.02	129.346	128.674	128.006	127.342	126.682	126.025	125.372	124.723	124.078	123.437	122.8	122.167	121.537	
122.763	123.406	124.053	124.704	125.359	126.019	126.682	127.349	128.021	128.696	129.375	130.058	130.744	131.434	132.128	132.825	133.526	134.23	134.937	135.647	136.361	137.077	137.796	138.518	139.242	139.968	140.697	141.428	142.16	142.894	143.63	144.367	145.105	145.844	146.583	147.323	148.063	148.803	149.543	150.282	151.02	151.756	152.492	153.225	153.957	154.686	155.412	156.136	156.855	157.572	158.284	158.992	159.694	160.392	161.085	161.771	162.452	163.126	163.793	164.453	165.106	165.75	166.387	167.014	167.634	168.243	168.844	169.434	170.015	170.585	171.144	171.693	172.23	172.756	173.27	173.772	174.262	174.74	175.205	175.657	176.096	176.522	176.934	177.333	177.718	178.089	178.446	178.789	179.117	179.431	179.731	180.015	180.285	180.54	180.78	181.005	181.215	181.409	181.588	181.752	181.9	182.033	182.15	182.252	182.338	182.409	182.464	182.503	182.526	182.534	182.526	182.503	182.464	182.409	182.338	182.252	182.15	182.033	181.9	181.752	181.588	181.409	181.215	181.005	180.78	180.54	180.285	180.015	179.731	179.431	179.117	178.789	178.446	178.089	177.718	177.333	176.934	176.522	176.096	175.657	175.205	174.74	174.262	173.772	173.27	172.756	172.23	171.693	171.144	170.585	170.015	169.434	168.844	168.243	167.634	167.014	166.387	165.75	165.106	164.453	163.793	163.126	162.452	161.771	161.085	160.392	159.694	158.992	158.284	157.572	156.855	156.136	155.412	154.686	153.957	153.225	152.492	151.756	151.02	150.282	149.543	148.803	148.063	147.323	146.583	145.844	145.105	144.367	143.63	142.894	142.16	141.428	140.697	139.968	139.242	138.518	137.796	137.077	136.361	135.647	134.937	134.23	133.526	132.825	132.128	131.434	130.744	130.058	129.375	128.696	128.021	127.349	126.682	126.019	125.359	124.704	124.053	123.406	122.763	122.124	
123.362	124.015	124.672	125.333	125.999	126.668	127.342	128.021	128.703	129.389	130.08	130.774	131.473	132.175	132.881	133.591	134.304	135.021	135.741	136.465	137.192	137.922	138.655	139.391	140.129	140.87	141.614	142.359	143.107	143.857	144.608	145.361	146.115	146.87	147.626	148.382	149.139	149.896	150.652	151.408	152.164	152.918	153.671	154.422	155.171	155.918	156.662	157.403	158.141	158.875	159.605	160.33	161.051	161.767	162.477	163.181	163.879	164.571	165.255	165.932	166.602	167.263	167.916	168.561	169.196	169.822	170.438	171.044	171.64	172.225	172.799	173.362	173.914	174.453	174.981	175.496	175.999	176.489	176.966	177.43	177.88	178.317	178.74	179.149	179.544	179.925	180.291	180.643	180.98	181.302	181.609	181.901	182.178	182.439	182.685	182.916	183.131	183.33	183.514	183.681	183.834	183.97	184.09	184.194	184.283	184.355	184.411	184.451	184.476	184.484	184.476	184.451	184.411	184.355	184.283	184.194	184.09	183.97	183.834	183.681	183.514	183.33	183.131	182.916	182.685	182.439	182.178	181.901	181.609	181.302	180.98	180.643	180.291	179.925	179.544	179.149	178.74	178.317	177.88	177.43	176.966	176.489	175.999	175.496	174.981	174.453	173.914	173.362	172.799	172.225	171.64	171.044	170.438	169.822	169.196	168.561	167.916	167.263	166.602	165.932	165.255	164.571	163.879	163.181	162.477	161.767	161.051	160.33	159.605	158.875	158.141	157.403	156.662	155.918	155.171	154.422	153.671	152.918	152.164	151.408	150.652	149.896	149.139	148.382	147.626	146.87	146.115	145.361	144.608	143.857	143.107	142.359	141.614	140.87	140.129	139.391	138.655	137.922	137.192	136.465	135.741	135.021	134.304	133.591	132.881	132.175	131.473	130.774	130.08	129.389	128.703	128.021	127.342	126.668	125.999	125.333	124.672	124.015	123.362	122.714	
123.964	124.626	125.294	125.965	126.641	127.322	128.006	128.696	129.389	130.087	130.789	131.496	132.206	132.921	133.639	134.362	135.088	135.818	136.552	137.289	138.03	138.774	139.521	140.272	141.025	141.781	142.54	143.301	144.064	144.83	145.597	146.366	147.136	147.908	148.681	149.454	150.228	151.002	151.776	152.55	153.323	154.095	154.866	155.636	156.403	157.168	157.931	158.69	159.446	160.199	160.948	161.692	162.431	163.165	163.893	164.616	165.332	166.042	166.744	167.439	168.126	168.805	169.476	170.137	170.789	171.432	172.064	172.686	173.298	173.899	174.488	175.066	175.632	176.186	176.727	177.256	177.772	178.275	178.765	179.241	179.703	180.151	180.585	181.005	181.41	181.801	182.177	182.537	182.883	183.213	183.528	183.828	184.111	184.379	184.632	184.868	185.089	185.293	185.481	185.654	185.809	185.949	186.072	186.179	186.27	186.344	186.402	186.443	186.468	186.476	186.468	186.443	186.402	186.344	186.27	186.179	186.072	185.949	185.809	185.654	185.481	185.293	185.089	184.868	184.632	184.379	184.111	183.828	183.528	183.213	182.883	182.537	182.177	181.801	181.41	181.005	180.585	180.151	179.703	179.241	178.765	178.275	177.772	177.256	176.727	176.186	175.632	175.066	174.488	173.899	173.298	172.686	172.064	171.432	170.789	170.137	169.476	168.805	168.126	167.439	166.744	166.042	165.332	164.616	163.893	163.165	162.431	161.692	160.948	160.199	159.446	158.69	157.931	157.168	156.403	155.636	154.866	154.095	153.323	152.55	151.776	151.002	150.228	149.454	148.681	147.908	147.136	146.366	145.597	144.83	144.064	143.301	142.54	141.781	141.025	140.272	139.521	138.774	138.03	137.289	136.552	135.818	135.088	134.362	133.639	132.921	132.206	131.496	130.789	130.087	129.389	128.696	128.006	127.322	126.641	125.965	125.294	124.626	123.964	123.306	
124.568	125.241	125.918	126.6	127.287	127.978	128.674	129.375	130.08	130.789	131.503	132.222	132.945	133.672	134.403	135.139	135.878	136.622	137.369	138.12	138.875	139.634	140.396	141.161	141.929	142.701	143.475	144.252	145.031	145.813	146.597	147.383	148.17	148.959	149.749	150.54	151.331	152.124	152.916	153.708	154.499	155.29	156.079	156.867	157.654	158.438	159.219	159.998	160.773	161.545	162.313	163.076	163.834	164.588	165.335	166.077	166.812	167.54	168.261	168.974	169.68	170.377	171.065	171.744	172.414	173.073	173.723	174.362	174.99	175.606	176.211	176.805	177.386	177.955	178.511	179.054	179.583	180.1	180.602	181.091	181.565	182.025	182.471	182.901	183.317	183.718	184.103	184.473	184.828	185.167	185.49	185.797	186.088	186.363	186.622	186.864	187.09	187.3	187.493	187.67	187.829	187.973	188.099	188.209	188.302	188.378	188.437	188.479	188.504	188.513	188.504	188.479	188.437	188.378	188.302	188.209	188.099	187.973	187.829	187.67	187.493	187.3	187.09	186.864	186.622	186.363	186.088	185.797	185.49	185.167	184.828	184.473	184.103	183.718	183.317	182.901	182.471	182.025	181.565	181.091	180.602	180.1	179.583	179.054	178.511	177.955	177.386	176.805	176.211	175.606	174.99	174.362	173.723	173.073	172.414	171.744	171.065	170.377	169.68	168.974	168.261	167.54	166.812	166.077	165.335	164.588	163.834	163.076	162.313	161.545	160.773	159.998	159.219	158.438	157.654	156.867	156.079	155.29	154.499	153.708	152.916	152.124	151.331	150.54	149.749	148.959	148.17	147.383	146.597	145.813	145.031	144.252	143.475	142.701	141.929	141.161	140.396	139.634	138.875	138.12	137.369	136.622	135.878	135.139	134.403	133.672	132.945	132.222	131.503	130.789	130.08	129.375	128.674	127.978	127.287	126.6	125.918	125.241	124.568	123.9	
125.175	125.858	126.546	127.239	127.936	128.638	129.346	130.058	130.774	131.496	132.222	132.953	133.688	134.428	135.172	135.921	136.674	137.432	138.193	138.958	139.728	140.501	141.278	142.058	142.842	143.629	144.42	145.213	146.009	146.807	147.608	148.411	149.216	150.022	150.83	151.639	152.449	153.259	154.07	154.881	155.692	156.501	157.31	158.118	158.923	159.727	160.528	161.327	162.122	162.914	163.701	164.484	165.262	166.035	166.803	167.564	168.318	169.066	169.806	170.539	171.263	171.979	172.686	173.383	174.071	174.748	175.415	176.071	176.716	177.35	177.971	178.58	179.177	179.761	180.332	180.89	181.433	181.963	182.479	182.981	183.468	183.94	184.397	184.839	185.266	185.677	186.073	186.452	186.816	187.164	187.495	187.81	188.109	188.391	188.656	188.905	189.137	189.352	189.55	189.731	189.895	190.042	190.171	190.284	190.379	190.457	190.518	190.561	190.587	190.596	190.587	190.561	190.518	190.457	190.379	190.284	190.171	190.042	189.895	189.731	189.55	189.352	189.137	188.905	188.656	188.391	188.109	187.81	187.495	187.164	186.816	186.452	186.073	185.677	185.266	184.839	184.397	183.94	183.468	182.981	182.479	181.963	181.433	180.89	180.332	179.761	179.177	178.58	177.971	177.35	176.716	176.071	175.415	174.748	174.071	173.383	172.686	171.979	171.263	170.539	169.806	169.066	168.318	167.564	166.803	166.035	165.262	164.484	163.701	162.914	162.122	161.327	160.528	159.727	158.923	158.118	157.31	156.501	155.692	154.881	154.07	153.259	152.449	151.639	150.83	150.022	149.216	148.411	147.608	146.807	146.009	145.213	144.42	143.629	142.842	142.058	141.278	140.501	139.728	138.958	138.193	137.432	136.674	135.921	135.172	134.428	133.688	132.953	132.222	131.496	130.774	130.058	129.346	128.638	127.936	127.239	126.546	125.858	125.175	124.498	
125.785	126.478	127.176	127.88	128.588	129.302	130.02	130.744	131.473	132.206	132.945	133.688	134.436	135.189	135.947	136.709	137.476	138.247	139.023	139.803	140.588	141.376	142.168	142.964	143.764	144.567	145.374	146.184	146.996	147.812	148.63	149.451	150.273	151.098	151.924	152.752	153.581	154.41	155.24	156.071	156.901	157.73	158.559	159.387	160.213	161.037	161.858	162.677	163.493	164.305	165.113	165.917	166.716	167.509	168.297	169.078	169.853	170.621	171.381	172.134	172.878	173.613	174.339	175.055	175.762	176.458	177.143	177.817	178.479	179.13	179.768	180.394	181.007	181.607	182.193	182.766	183.324	183.868	184.398	184.913	185.413	185.898	186.367	186.821	187.259	187.681	188.087	188.476	188.85	189.206	189.546	189.869	190.176	190.465	190.737	190.992	191.23	191.451	191.654	191.84	192.008	192.158	192.291	192.406	192.504	192.584	192.646	192.69	192.717	192.726	192.717	192.69	192.646	192.584	192.504	192.406	192.291	192.158	192.008	191.84	191.654	191.451	191.23	190.992	190.737	190.465	190.176	189.869	189.546	189.206	188.85	188.476	188.087	187.681	187.259	186.821	186.367	185.898	185.413	184.913	184.398	183.868	183.324	182.766	182.193	181.607	181.007	180.394	179.768	179.13	178.479	177.817	177.143	176.458	175.762	175.055	174.339	173.613	172.878	172.134	171.381	170.621	169.853	169.078	168.297	167.509	166.716	165.917	165.113	164.305	163.493	162.677	161.858	161.037	160.213	159.387	158.559	157.73	156.901	156.071	155.24	154.41	153.581	152.752	151.924	151.098	150.273	149.451	148.63	147.812	146.996	146.184	145.374	144.567	143.764	142.964	142.168	141.376	140.588	139.803	139.023	138.247	137.476	136.709	135.947	135.189	134.436	133.688	132.945	132.206	131.473	130.744	130.02	129.302	128.588	127.88	127.176	126.478	125.785	125.097	
126.397	127.101	127.81	128.524	129.244	129.969	130.699	131.434	132.175	132.921	133.672	134.428	135.189	135.956	136.727	137.503	138.284	139.07	139.86	140.655	141.454	142.258	143.066	143.878	144.694	145.514	146.337	147.164	147.994	148.828	149.664	150.502	151.344	152.187	153.032	153.879	154.727	155.576	156.426	157.277	158.127	158.977	159.827	160.675	161.522	162.367	163.21	164.05	164.887	165.72	166.55	167.375	168.195	169.009	169.818	170.621	171.417	172.206	172.987	173.76	174.524	175.28	176.026	176.762	177.487	178.203	178.907	179.599	180.28	180.948	181.604	182.247	182.877	183.493	184.095	184.683	185.257	185.816	186.36	186.889	187.402	187.9	188.381	188.847	189.297	189.73	190.147	190.546	190.929	191.295	191.644	191.976	192.29	192.587	192.866	193.128	193.372	193.598	193.806	193.997	194.169	194.324	194.46	194.578	194.678	194.76	194.824	194.869	194.897	194.906	194.897	194.869	194.824	194.76	194.678	194.578	194.46	194.324	194.169	193.997	193.806	193.598	193.372	193.128	192.866	192.587	192.29	191.976	191.644	191.295	190.929	190.546	190.147	189.73	189.297	188.847	188.381	187.9	187.402	186.889	186.36	185.816	185.257	184.683	184.095	183.493	182.877	182.247	181.604	180.948	180.28	179.599	178.907	178.203	177.487	176.762	176.026	175.28	174.524	173.76	172.987	172.206	171.417	170.621	169.818	169.009	168.195	167.375	166.55	165.72	164.887	164.05	163.21	162.367	161.522	160.675	159.827	158.977	158.127	157.277	156.426	155.576	154.727	153.879	153.032	152.187	151.344	150.502	149.664	148.828	147.994	147.164	146.337	145.514	144.694	143.878	143.066	142.258	141.454	140.655	139.86	139.07	138.284	137.503	136.727	135.956	135.189	134.428	133.672	132.921	132.175	131.434	130.699	129.969	129.244	128.524	127.81	127.101	126.397	125.699	
127.011	127.726	128.446	129.171	129.902	130.638	131.38	132.128	132.881	133.639	134.403	135.172	135.947	136.727	137.512	138.302	139.097	139.898	140.703	141.513	142.328	143.148	143.972	144.8	145.633	146.47	147.31	148.155	149.003	149.854	150.709	151.566	152.426	153.289	154.154	155.02	155.888	156.758	157.628	158.5	159.371	160.242	161.113	161.983	162.851	163.718	164.583	165.445	166.304	167.159	168.011	168.858	169.7	170.537	171.368	172.193	173.011	173.821	174.624	175.418	176.204	176.98	177.747	178.503	179.249	179.984	180.708	181.42	182.119	182.806	183.48	184.141	184.788	185.421	186.04	186.644	187.233	187.807	188.366	188.909	189.436	189.947	190.442	190.92	191.382	191.827	192.254	192.665	193.058	193.433	193.791	194.132	194.454	194.759	195.045	195.314	195.564	195.796	196.009	196.205	196.381	196.54	196.68	196.801	196.903	196.987	197.053	197.1	197.128	197.137	197.128	197.1	197.053	196.987	196.903	196.801	196.68	196.54	196.381	196.205	196.009	195.796	195.564	195.314	195.045	194.759	194.454	194.132	193.791	193.433	193.058	192.665	192.254	191.827	191.382	190.92	190.442	189.947	189.436	188.909	188.366	187.807	187.233	186.644	186.04	185.421	184.788	184.141	183.48	182.806	182.119	181.42	180.708	179.984	179.249	178.503	177.747	176.98	176.204	175.418	174.624	173.821	173.011	172.193	171.368	170.537	169.7	168.858	168.011	167.159	166.304	165.445	164.583	163.718	162.851	161.983	161.113	160.242	159.371	158.5	157.628	156.758	155.888	155.02	154.154	153.289	152.426	151.566	150.709	149.854	149.003	148.155	147.31	146.47	145.633	144.8	143.972	143.148	142.328	141.513	140.703	139.898	139.097	138.302	137.512	136.727	135.947	135.172	134.403	133.639	132.881	132.128	131.38	130.638	129.902	129.171	128.446	127.726	127.011	126.302	
127.628	128.353	129.084	129.821	130.563	131.312	132.066	132.825	133.591	134.362	135.139	135.921	136.709	137.503	138.302	139.107	139.917	140.732	141.553	142.378	143.209	144.045	144.885	145.73	146.58	147.434	148.293	149.155	150.022	150.892	151.765	152.642	153.522	154.404	155.289	156.176	157.065	157.955	158.847	159.739	160.632	161.526	162.418	163.31	164.201	165.091	165.978	166.863	167.745	168.624	169.498	170.369	171.234	172.094	172.948	173.795	174.635	175.468	176.294	177.11	177.918	178.716	179.504	180.282	181.049	181.804	182.548	183.28	183.999	184.705	185.398	186.077	186.742	187.393	188.029	188.649	189.255	189.845	190.419	190.976	191.518	192.043	192.551	193.042	193.516	193.972	194.411	194.833	195.236	195.622	195.989	196.338	196.669	196.981	197.275	197.551	197.807	198.045	198.265	198.465	198.646	198.809	198.952	199.076	199.182	199.268	199.335	199.383	199.411	199.421	199.411	199.383	199.335	199.268	199.182	199.076	198.952	198.809	198.646	198.465	198.265	198.045	197.807	197.551	197.275	196.981	196.669	196.338	195.989	195.622	195.236	194.833	194.411	193.972	193.516	193.042	192.551	192.043	191.518	190.976	190.419	189.845	189.255	188.649	188.029	187.393	186.742	186.077	185.398	184.705	183.999	183.28	182.548	181.804	181.049	180.282	179.504	178.716	177.918	177.11	176.294	175.468	174.635	173.795	172.948	172.094	171.234	170.369	169.498	168.624	167.745	166.863	165.978	165.091	164.201	163.31	162.418	161.526	160.632	159.739	158.847	157.955	157.065	156.176	155.289	154.404	153.522	152.642	151.765	150.892	150.022	149.155	148.293	147.434	146.58	145.73	144.885	144.045	143.209	142.378	141.553	140.732	139.917	139.107	138.302	137.503	136.709	135.921	135.139	134.362	133.591	132.825	132.066	131.312	130.563	129.821	129.084	128.353	127.628	126.909	
128.247	128.983	129.725	130.473	131.227	131.988	132.754	133.526	134.304	135.088	135.878	136.674	137.476	138.284	139.097	139.917	140.742	141.572	142.408	143.25	144.097	144.949	145.807	146.669	147.536	148.408	149.285	150.166	151.051	151.94	152.833	153.73	154.629	155.532	156.438	157.346	158.256	159.168	160.082	160.997	161.912	162.828	163.744	164.659	165.573	166.486	167.397	168.306	169.211	170.114	171.012	171.906	172.795	173.679	174.557	175.428	176.292	177.149	177.997	178.837	179.667	180.488	181.299	182.098	182.887	183.664	184.429	185.182	185.921	186.647	187.359	188.057	188.741	189.41	190.063	190.701	191.324	191.93	192.519	193.092	193.649	194.188	194.71	195.214	195.7	196.169	196.62	197.052	197.466	197.862	198.239	198.598	198.937	199.258	199.559	199.842	200.105	200.349	200.574	200.779	200.965	201.132	201.279	201.407	201.515	201.603	201.672	201.721	201.75	201.76	201.75	201.721	201.672	201.603	201.515	201.407	201.279	201.132	200.965	200.779	200.574	200.349	200.105	199.842	199.559	199.258	198.937	198.598	198.239	197.862	197.466	197.052	196.62	196.169	195.7	195.214	194.71	194.188	193.649	193.092	192.519	191.93	191.324	190.701	190.063	189.41	188.741	188.057	187.359	186.647	185.921	185.182	184.429	183.664	182.887	182.098	181.299	180.488	179.667	178.837	177.997	177.149	176.292	175.428	174.557	173.679	172.795	171.906	171.012	170.114	169.211	168.306	167.397	166.486	165.573	164.659	163.744	162.828	161.912	160.997	160.082	159.168	158.256	157.346	156.438	155.532	154.629	153.73	152.833	151.94	151.051	150.166	149.285	148.408	147.536	146.669	145.807	144.949	144.097	143.25	142.408	141.572	140.742	139.917	139.097	138.284	137.476	136.674	135.878	135.088	134.304	133.526	132.754	131.988	131.227	130.473	129.725	128.983	128.247	127.517	
128.868	129.615	130.368	131.128	131.894	132.667	133.445	134.23	135.021	135.818	136.622	137.432	138.247	139.07	139.898	140.732	141.572	142.418	143.271	144.128	144.992	145.861	146.736	147.616	148.501	149.391	150.286	151.186	152.091	153	153.913	154.83	155.75	156.674	157.601	158.531	159.463	160.398	161.334	162.272	163.21	164.15	165.089	166.028	166.967	167.904	168.839	169.772	170.703	171.63	172.553	173.472	174.386	175.295	176.197	177.093	177.982	178.863	179.736	180.599	181.454	182.298	183.132	183.955	184.766	185.565	186.352	187.126	187.887	188.633	189.366	190.084	190.786	191.474	192.146	192.802	193.441	194.064	194.67	195.259	195.83	196.384	196.92	197.438	197.938	198.419	198.882	199.326	199.751	200.157	200.544	200.912	201.26	201.589	201.899	202.189	202.459	202.709	202.94	203.151	203.341	203.512	203.663	203.794	203.904	203.995	204.066	204.116	204.146	204.156	204.146	204.116	204.066	203.995	203.904	203.794	203.663	203.512	203.341	203.151	202.94	202.709	202.459	202.189	201.899	201.589	201.26	200.912	200.544	200.157	199.751	199.326	198.882	198.419	197.938	197.438	196.92	196.384	195.83	195.259	194.67	194.064	193.441	192.802	192.146	191.474	190.786	190.084	189.366	188.633	187.887	187.126	186.352	185.565	184.766	183.955	183.132	182.298	181.454	180.599	179.736	178.863	177.982	177.093	176.197	175.295	174.386	173.472	172.553	171.63	170.703	169.772	168.839	167.904	166.967	166.028	165.089	164.15	163.21	162.272	161.334	160.398	159.463	158.531	157.601	156.674	155.75	154.83	153.913	153	152.091	151.186	150.286	149.391	148.501	147.616	146.736	145.861	144.992	144.128	143.271	142.418	141.572	140.732	139.898	139.07	138.247	137.432	136.622	135.818	135.021	134.23	133.445	132.667	131.894	131.128	130.368	129.615	128.868	128.127	
129.491	130.249	131.014	131.786	132.564	133.348	134.139	134.937	135.741	136.552	137.369	138.193	139.023	139.86	140.703	141.553	142.408	143.271	144.139	145.013	145.894	146.78	147.673	148.571	149.474	150.383	151.298	152.217	153.141	154.071	155.004	155.942	156.884	157.83	158.779	159.731	160.686	161.644	162.603	163.565	164.527	165.491	166.455	167.419	168.382	169.345	170.306	171.264	172.221	173.174	174.123	175.068	176.008	176.942	177.87	178.792	179.706	180.613	181.51	182.399	183.278	184.147	185.005	185.852	186.687	187.509	188.319	189.115	189.897	190.666	191.419	192.157	192.88	193.587	194.278	194.952	195.61	196.25	196.873	197.478	198.065	198.634	199.185	199.717	200.23	200.724	201.2	201.655	202.092	202.509	202.906	203.284	203.641	203.979	204.296	204.594	204.871	205.128	205.364	205.58	205.776	205.951	206.106	206.24	206.354	206.447	206.519	206.57	206.601	206.612	206.601	206.57	206.519	206.447	206.354	206.24	206.106	205.951	205.776	205.58	205.364	205.128	204.871	204.594	204.296	203.979	203.641	203.284	202.906	202.509	202.092	201.655	201.2	200.724	200.23	199.717	199.185	198.634	198.065	197.478	196.873	196.25	195.61	194.952	194.278	193.587	192.88	192.157	191.419	190.666	189.897	189.115	188.319	187.509	186.687	185.852	185.005	184.147	183.278	182.399	181.51	180.613	179.706	178.792	177.87	176.942	176.008	175.068	174.123	173.174	172.221	171.264	170.306	169.345	168.382	167.419	166.455	165.491	164.527	163.565	162.603	161.644	160.686	159.731	158.779	157.83	156.884	155.942	155.004	154.071	153.141	152.217	151.298	150.383	149.474	148.571	147.673	146.78	145.894	145.013	144.139	143.271	142.408	141.553	140.703	139.86	139.023	138.193	137.369	136.552	135.741	134.937	134.139	133.348	132.564	131.786	131.014	130.249	129.491	128.738	
130.115	130.885	131.662	132.446	133.236	134.033	134.837	135.647	136.465	137.289	138.12	138.958	139.803	140.655	141.513	142.378	143.25	144.128	145.013	145.905	146.803	147.707	148.617	149.534	150.456	151.384	152.318	153.258	154.203	155.153	156.107	157.067	158.031	158.999	159.971	160.946	161.925	162.906	163.89	164.876	165.864	166.853	167.842	168.832	169.821	170.81	171.797	172.782	173.765	174.745	175.721	176.693	177.66	178.621	179.577	180.525	181.466	182.399	183.323	184.238	185.143	186.037	186.92	187.792	188.651	189.498	190.331	191.15	191.956	192.746	193.521	194.281	195.024	195.752	196.462	197.155	197.831	198.49	199.13	199.752	200.355	200.94	201.506	202.052	202.579	203.087	203.575	204.043	204.491	204.919	205.327	205.714	206.081	206.428	206.754	207.059	207.343	207.607	207.849	208.071	208.272	208.452	208.61	208.748	208.864	208.96	209.034	209.087	209.118	209.129	209.118	209.087	209.034	208.96	208.864	208.748	208.61	208.452	208.272	208.071	207.849	207.607	207.343	207.059	206.754	206.428	206.081	205.714	205.327	204.919	204.491	204.043	203.575	203.087	202.579	202.052	201.506	200.94	200.355	199.752	199.13	198.49	197.831	197.155	196.462	195.752	195.024	194.281	193.521	192.746	191.956	191.15	190.331	189.498	188.651	187.792	186.92	186.037	185.143	184.238	183.323	182.399	181.466	180.525	179.577	178.621	177.66	176.693	175.721	174.745	173.765	172.782	171.797	170.81	169.821	168.832	167.842	166.853	165.864	164.876	163.89	162.906	161.925	160.946	159.971	158.999	158.031	157.067	156.107	155.153	154.203	153.258	152.318	151.384	150.456	149.534	148.617	147.707	146.803	145.905	145.013	144.128	143.25	142.378	141.513	140.655	139.803	138.958	138.12	137.289	136.465	135.647	134.837	134.033	133.236	132.446	131.662	130.885	130.115	129.352	
130.742	131.524	132.312	133.108	133.91	134.72	135.537	136.361	137.192	138.03	138.875	139.728	140.588	141.454	142.328	143.209	144.097	144.992	145.894	146.803	147.718	148.64	149.569	150.505	151.446	152.394	153.349	154.309	155.274	156.246	157.222	158.204	159.191	160.182	161.177	162.177	163.18	164.186	165.195	166.206	167.22	168.235	169.251	170.267	171.283	172.299	173.314	174.327	175.338	176.346	177.35	178.35	179.345	180.334	181.317	182.294	183.263	184.223	185.175	186.117	187.048	187.969	188.879	189.776	190.661	191.533	192.391	193.234	194.063	194.877	195.674	196.456	197.221	197.969	198.7	199.413	200.108	200.785	201.443	202.083	202.703	203.304	203.885	204.447	204.988	205.51	206.011	206.491	206.952	207.391	207.81	208.207	208.584	208.94	209.274	209.587	209.879	210.149	210.398	210.625	210.831	211.016	211.178	211.319	211.439	211.537	211.613	211.667	211.7	211.71	211.7	211.667	211.613	211.537	211.439	211.319	211.178	211.016	210.831	210.625	210.398	210.149	209.879	209.587	209.274	208.94	208.584	208.207	207.81	207.391	206.952	206.491	206.011	205.51	204.988	204.447	203.885	203.304	202.703	202.083	201.443	200.785	200.108	199.413	198.7	197.969	197.221	196.456	195.674	194.877	194.063	193.234	192.391	191.533	190.661	189.776	188.879	187.969	187.048	186.117	185.175	184.223	183.263	182.294	181.317	180.334	179.345	178.35	177.35	176.346	175.338	174.327	173.314	172.299	171.283	170.267	169.251	168.235	167.22	166.206	165.195	164.186	163.18	162.177	161.177	160.182	159.191	158.204	157.222	156.246	155.274	154.309	153.349	152.394	151.446	150.505	149.569	148.64	147.718	146.803	145.894	144.992	144.097	143.209	142.328	141.454	140.588	139.728	138.875	138.03	137.192	136.361	135.537	134.72	133.91	133.108	132.312	131.524	130.742	129.967	
131.37	132.163	132.964	133.772	134.587	135.41	136.24	137.077	137.922	138.774	139.634	140.501	141.376	142.258	143.148	144.045	144.949	145.861	146.78	147.707	148.64	149.581	150.529	151.484	152.445	153.414	154.388	155.37	156.357	157.35	158.349	159.354	160.364	161.379	162.399	163.423	164.451	165.483	166.518	167.555	168.596	169.638	170.681	171.725	172.77	173.814	174.857	175.899	176.939	177.976	179.009	180.039	181.063	182.082	183.094	184.1	185.097	186.087	187.067	188.037	188.997	189.946	190.883	191.807	192.719	193.616	194.5	195.368	196.222	197.059	197.881	198.685	199.473	200.242	200.994	201.728	202.443	203.139	203.816	204.473	205.111	205.728	206.326	206.903	207.459	207.995	208.509	209.003	209.476	209.927	210.356	210.765	211.151	211.516	211.859	212.181	212.48	212.757	213.013	213.246	213.457	213.646	213.813	213.958	214.08	214.18	214.258	214.314	214.347	214.359	214.347	214.314	214.258	214.18	214.08	213.958	213.813	213.646	213.457	213.246	213.013	212.757	212.48	212.181	211.859	211.516	211.151	210.765	210.356	209.927	209.476	209.003	208.509	207.995	207.459	206.903	206.326	205.728	205.111	204.473	203.816	203.139	202.443	201.728	200.994	200.242	199.473	198.685	197.881	197.059	196.222	195.368	194.5	193.616	192.719	191.807	190.883	189.946	188.997	188.037	187.067	186.087	185.097	184.1	183.094	182.082	181.063	180.039	179.009	177.976	176.939	175.899	174.857	173.814	172.77	171.725	170.681	169.638	168.596	167.555	166.518	165.483	164.451	163.423	162.399	161.379	160.364	159.354	158.349	157.35	156.357	155.37	154.388	153.414	152.445	151.484	150.529	149.581	148.64	147.707	146.78	145.861	144.949	144.045	143.148	142.258	141.376	140.501	139.634	138.774	137.922	137.077	136.24	135.41	134.587	133.772	132.964	132.163	131.37	130.584	
132	132.805	133.618	134.438	135.266	136.102	136.945	137.796	138.655	139.521	140.396	141.278	142.168	143.066	143.972	144.885	145.807	146.736	147.673	148.617	149.569	150.529	151.496	152.471	153.453	154.442	155.438	156.44	157.45	158.466	159.488	160.517	161.551	162.59	163.635	164.685	165.739	166.797	167.859	168.924	169.992	171.062	172.134	173.207	174.281	175.355	176.428	177.5	178.57	179.637	180.701	181.761	182.816	183.865	184.908	185.944	186.972	187.992	189.002	190.002	190.991	191.969	192.934	193.887	194.826	195.751	196.661	197.555	198.434	199.297	200.143	200.971	201.781	202.574	203.347	204.102	204.838	205.554	206.25	206.926	207.581	208.216	208.83	209.423	209.995	210.545	211.074	211.581	212.066	212.529	212.97	213.389	213.786	214.16	214.513	214.842	215.149	215.434	215.696	215.935	216.152	216.346	216.517	216.665	216.791	216.894	216.974	217.031	217.065	217.076	217.065	217.031	216.974	216.894	216.791	216.665	216.517	216.346	216.152	215.935	215.696	215.434	215.149	214.842	214.513	214.16	213.786	213.389	212.97	212.529	212.066	211.581	211.074	210.545	209.995	209.423	208.83	208.216	207.581	206.926	206.25	205.554	204.838	204.102	203.347	202.574	201.781	200.971	200.143	199.297	198.434	197.555	196.661	195.751	194.826	193.887	192.934	191.969	190.991	190.002	189.002	187.992	186.972	185.944	184.908	183.865	182.816	181.761	180.701	179.637	178.57	177.5	176.428	175.355	174.281	173.207	172.134	171.062	169.992	168.924	167.859	166.797	165.739	164.685	163.635	162.59	161.551	160.517	159.488	158.466	157.45	156.44	155.438	154.442	153.453	152.471	151.496	150.529	149.569	148.617	147.673	146.736	145.807	144.885	143.972	143.066	142.168	141.278	140.396	139.521	138.655	137.796	136.945	136.102	135.266	134.438	133.618	132.805	132	131.202	
