118.371	118.899	119.43	119.964	120.5	121.038	121.579	122.123	122.669	123.217	123.767	124.319	124.874	125.431	125.99	126.55	127.113	127.678	128.244	128.812	129.382	129.953	130.526	131.1	131.675	132.252	132.83	133.408	133.988	134.568	135.149	135.731	136.313	136.895	137.477	138.06	138.642	139.224	139.806	140.387	140.967	141.547	142.125	142.702	143.278	143.853	144.425	144.996	145.565	146.131	146.695	147.256	147.815	148.37	148.922	149.471	150.016	150.558	151.095	151.628	152.157	152.681	153.2	153.715	154.224	154.727	155.225	155.717	156.204	156.684	157.157	157.624	158.085	158.538	158.984	159.423	159.855	160.279	160.695	161.103	161.503	161.895	162.279	162.654	163.02	163.377	163.726	164.065	164.396	164.716	165.028	165.33	165.622	165.904	166.177	166.44	166.692	166.935	167.167	167.389	167.6	167.802	167.992	168.172	168.342	168.5	168.649	168.786	168.912	169.028	169.132	169.226	169.309	169.381	169.442	169.491	169.53	169.558	169.574	169.58	169.574	169.558	169.53	169.491	169.442	169.381	169.309	169.226	169.132	169.028	168.912	168.786	168.649	168.5	168.342	168.172	167.992	167.802	167.6	167.389	167.167	166.935	166.692	166.44	166.177	165.904	165.622	165.33	165.028	164.716	164.396	164.065	163.726	163.377	163.02	162.654	162.279	161.895	161.503	161.103	160.695	160.279	159.855	159.423	158.984	158.538	158.085	157.624	157.157	156.684	156.204	155.717	155.225	154.727	154.224	153.715	153.2	152.681	152.157	151.628	151.095	150.558	150.016	149.471	148.922	148.37	147.815	147.256	146.695	146.131	145.565	144.996	144.425	143.853	143.278	142.702	142.125	141.547	140.967	140.387	139.806	139.224	138.642	138.06	137.477	136.895	136.313	135.731	135.149	134.568	133.988	133.408	132.83	132.252	131.675	131.1	130.526	129.953	129.382	128.812	128.244	127.678	127.113	126.55	125.99	125.431	124.874	124.319	123.767	123.217	122.669	122.123	121.579	121.038	120.5	119.964	119.43	118.899	118.371	117.845	
118.899	119.435	119.973	120.515	121.058	121.605	122.153	122.705	123.259	123.815	124.373	124.934	125.497	126.063	126.63	127.2	127.772	128.346	128.921	129.499	130.078	130.659	131.241	131.825	132.41	132.997	133.585	134.174	134.764	135.354	135.946	136.538	137.131	137.724	138.317	138.911	139.504	140.098	140.691	141.283	141.875	142.466	143.056	143.645	144.232	144.818	145.403	145.985	146.566	147.144	147.72	148.293	148.864	149.431	149.995	150.556	151.113	151.666	152.215	152.76	153.3	153.836	154.366	154.892	155.413	155.927	156.437	156.94	157.437	157.928	158.412	158.89	159.361	159.824	160.281	160.73	161.171	161.605	162.031	162.448	162.858	163.258	163.651	164.034	164.409	164.774	165.131	165.478	165.816	166.144	166.462	166.771	167.07	167.359	167.638	167.906	168.165	168.413	168.65	168.877	169.093	169.299	169.494	169.678	169.851	170.014	170.165	170.306	170.435	170.553	170.66	170.756	170.841	170.914	170.976	171.027	171.067	171.095	171.112	171.118	171.112	171.095	171.067	171.027	170.976	170.914	170.841	170.756	170.66	170.553	170.435	170.306	170.165	170.014	169.851	169.678	169.494	169.299	169.093	168.877	168.65	168.413	168.165	167.906	167.638	167.359	167.07	166.771	166.462	166.144	165.816	165.478	165.131	164.774	164.409	164.034	163.651	163.258	162.858	162.448	162.031	161.605	161.171	160.73	160.281	159.824	159.361	158.89	158.412	157.928	157.437	156.94	156.437	155.927	155.413	154.892	154.366	153.836	153.3	152.76	152.215	151.666	151.113	150.556	149.995	149.431	148.864	148.293	147.72	147.144	146.566	145.985	145.403	144.818	144.232	143.645	143.056	142.466	141.875	141.283	140.691	140.098	139.504	138.911	138.317	137.724	137.131	136.538	135.946	135.354	134.764	134.174	133.585	132.997	132.41	131.825	131.241	130.659	130.078	129.499	128.921	128.346	127.772	127.2	126.63	126.063	125.497	124.934	124.373	123.815	123.259	122.705	122.153	121.605	121.058	120.515	119.973	119.435	118.899	118.366	
119.43	119.973	120.519	121.068	121.62	122.174	122.731	123.29	123.852	124.417	124.984	125.553	126.125	126.699	127.276	127.855	128.435	129.018	129.603	130.19	130.779	131.37	131.962	132.556	133.152	133.748	134.347	134.946	135.547	136.148	136.75	137.354	137.957	138.562	139.166	139.771	140.376	140.981	141.585	142.189	142.793	143.396	143.998	144.599	145.198	145.796	146.393	146.987	147.58	148.171	148.759	149.344	149.927	150.506	151.082	151.655	152.225	152.79	153.351	153.908	154.46	155.008	155.551	156.088	156.62	157.147	157.667	158.182	158.691	159.193	159.688	160.177	160.658	161.132	161.599	162.059	162.51	162.954	163.389	163.816	164.235	164.645	165.046	165.439	165.822	166.196	166.561	166.916	167.261	167.597	167.923	168.239	168.544	168.84	169.125	169.4	169.664	169.917	170.16	170.393	170.614	170.824	171.024	171.212	171.389	171.555	171.71	171.853	171.986	172.107	172.216	172.314	172.401	172.476	172.539	172.591	172.632	172.661	172.678	172.684	172.678	172.661	172.632	172.591	172.539	172.476	172.401	172.314	172.216	172.107	171.986	171.853	171.71	171.555	171.389	171.212	171.024	170.824	170.614	170.393	170.16	169.917	169.664	169.4	169.125	168.84	168.544	168.239	167.923	167.597	167.261	166.916	166.561	166.196	165.822	165.439	165.046	164.645	164.235	163.816	163.389	162.954	162.51	162.059	161.599	161.132	160.658	160.177	159.688	159.193	158.691	158.182	157.667	157.147	156.62	156.088	155.551	155.008	154.46	153.908	153.351	152.79	152.225	151.655	151.082	150.506	149.927	149.344	148.759	148.171	147.58	146.987	146.393	145.796	145.198	144.599	143.998	143.396	142.793	142.189	141.585	140.981	140.376	139.771	139.166	138.562	137.957	137.354	136.75	136.148	135.547	134.946	134.347	133.748	133.152	132.556	131.962	131.37	130.779	130.19	129.603	129.018	128.435	127.855	127.276	126.699	126.125	125.553	124.984	124.417	123.852	123.29	122.731	122.174	121.62	121.068	120.519	119.973	119.43	118.89	
119.964	120.515	121.068	121.625	122.184	122.746	123.311	123.879	124.449	125.022	125.598	126.176	126.757	127.34	127.926	128.514	129.104	129.696	130.291	130.888	131.486	132.087	132.689	133.293	133.899	134.507	135.115	135.726	136.337	136.949	137.563	138.177	138.792	139.408	140.024	140.64	141.257	141.873	142.49	143.106	143.722	144.337	144.951	145.564	146.176	146.786	147.395	148.002	148.608	149.211	149.811	150.409	151.004	151.597	152.185	152.771	153.353	153.93	154.504	155.073	155.638	156.198	156.753	157.303	157.847	158.385	158.918	159.444	159.964	160.478	160.985	161.485	161.977	162.463	162.94	163.41	163.872	164.326	164.771	165.209	165.637	166.056	166.467	166.868	167.26	167.643	168.016	168.379	168.733	169.076	169.41	169.733	170.046	170.348	170.64	170.921	171.191	171.45	171.699	171.936	172.163	172.378	172.582	172.774	172.956	173.125	173.284	173.43	173.566	173.689	173.801	173.901	173.99	174.067	174.132	174.185	174.226	174.256	174.274	174.28	174.274	174.256	174.226	174.185	174.132	174.067	173.99	173.901	173.801	173.689	173.566	173.43	173.284	173.125	172.956	172.774	172.582	172.378	172.163	171.936	171.699	171.45	171.191	170.921	170.64	170.348	170.046	169.733	169.41	169.076	168.733	168.379	168.016	167.643	167.26	166.868	166.467	166.056	165.637	165.209	164.771	164.326	163.872	163.41	162.94	162.463	161.977	161.485	160.985	160.478	159.964	159.444	158.918	158.385	157.847	157.303	156.753	156.198	155.638	155.073	154.504	153.93	153.353	152.771	152.185	151.597	151.004	150.409	149.811	149.211	148.608	148.002	147.395	146.786	146.176	145.564	144.951	144.337	143.722	143.106	142.49	141.873	141.257	140.64	140.024	139.408	138.792	138.177	137.563	136.949	136.337	135.726	135.115	134.507	133.899	133.293	132.689	132.087	131.486	130.888	130.291	129.696	129.104	128.514	127.926	127.34	126.757	126.176	125.598	125.022	124.449	123.879	123.311	122.746	122.184	121.625	121.068	120.515	119.964	119.416	
120.5	121.058	121.62	122.184	122.751	123.322	123.895	124.471	125.05	125.631	126.216	126.803	127.393	127.985	128.58	129.177	129.777	130.379	130.983	131.59	132.199	132.81	133.422	134.037	134.653	135.271	135.891	136.512	137.134	137.758	138.383	139.009	139.635	140.263	140.891	141.519	142.147	142.776	143.405	144.033	144.661	145.289	145.915	146.541	147.166	147.789	148.411	149.031	149.649	150.265	150.878	151.489	152.097	152.702	153.304	153.903	154.497	155.088	155.675	156.257	156.834	157.407	157.974	158.536	159.093	159.644	160.189	160.727	161.259	161.785	162.303	162.815	163.319	163.815	164.304	164.785	165.258	165.722	166.178	166.625	167.064	167.493	167.913	168.324	168.725	169.117	169.498	169.87	170.232	170.583	170.924	171.255	171.575	171.884	172.182	172.47	172.746	173.012	173.266	173.509	173.74	173.961	174.169	174.366	174.552	174.725	174.887	175.037	175.176	175.302	175.417	175.519	175.61	175.688	175.755	175.809	175.851	175.882	175.9	175.906	175.9	175.882	175.851	175.809	175.755	175.688	175.61	175.519	175.417	175.302	175.176	175.037	174.887	174.725	174.552	174.366	174.169	173.961	173.74	173.509	173.266	173.012	172.746	172.47	172.182	171.884	171.575	171.255	170.924	170.583	170.232	169.87	169.498	169.117	168.725	168.324	167.913	167.493	167.064	166.625	166.178	165.722	165.258	164.785	164.304	163.815	163.319	162.815	162.303	161.785	161.259	160.727	160.189	159.644	159.093	158.536	157.974	157.407	156.834	156.257	155.675	155.088	154.497	153.903	153.304	152.702	152.097	151.489	150.878	150.265	149.649	149.031	148.411	147.789	147.166	146.541	145.915	145.289	144.661	144.033	143.405	142.776	142.147	141.519	140.891	140.263	139.635	139.009	138.383	137.758	137.134	136.512	135.891	135.271	134.653	134.037	133.422	132.81	132.199	131.59	130.983	130.379	129.777	129.177	128.58	127.985	127.393	126.803	126.216	125.631	125.05	124.471	123.895	123.322	122.751	122.184	121.62	121.058	120.5	119.945	
121.038	121.605	122.174	122.746	123.322	123.9	124.482	125.066	125.654	126.244	126.837	127.434	128.032	128.634	129.238	129.845	130.455	131.067	131.681	132.298	132.917	133.538	134.161	134.786	135.414	136.043	136.673	137.306	137.939	138.575	139.211	139.848	140.487	141.126	141.766	142.407	143.048	143.689	144.33	144.971	145.612	146.252	146.891	147.53	148.168	148.804	149.439	150.072	150.704	151.333	151.96	152.584	153.205	153.824	154.439	155.051	155.659	156.263	156.863	157.458	158.049	158.634	159.215	159.79	160.359	160.923	161.48	162.031	162.576	163.114	163.644	164.168	164.683	165.192	165.692	166.184	166.668	167.143	167.61	168.067	168.516	168.955	169.385	169.806	170.216	170.617	171.008	171.388	171.758	172.118	172.467	172.805	173.132	173.449	173.754	174.048	174.331	174.603	174.863	175.111	175.348	175.573	175.787	175.988	176.178	176.356	176.521	176.675	176.816	176.946	177.063	177.168	177.26	177.341	177.409	177.464	177.507	177.538	177.557	177.563	177.557	177.538	177.507	177.464	177.409	177.341	177.26	177.168	177.063	176.946	176.816	176.675	176.521	176.356	176.178	175.988	175.787	175.573	175.348	175.111	174.863	174.603	174.331	174.048	173.754	173.449	173.132	172.805	172.467	172.118	171.758	171.388	171.008	170.617	170.216	169.806	169.385	168.955	168.516	168.067	167.61	167.143	166.668	166.184	165.692	165.192	164.683	164.168	163.644	163.114	162.576	162.031	161.48	160.923	160.359	159.79	159.215	158.634	158.049	157.458	156.863	156.263	155.659	155.051	154.439	153.824	153.205	152.584	151.96	151.333	150.704	150.072	149.439	148.804	148.168	147.53	146.891	146.252	145.612	144.971	144.33	143.689	143.048	142.407	141.766	141.126	140.487	139.848	139.211	138.575	137.939	137.306	136.673	136.043	135.414	134.786	134.161	133.538	132.917	132.298	131.681	131.067	130.455	129.845	129.238	128.634	128.032	127.434	126.837	126.244	125.654	125.066	124.482	123.9	123.322	122.746	122.174	121.605	121.038	120.475	
121.579	122.153	122.731	123.311	123.895	124.482	125.072	125.665	126.261	126.861	127.463	128.068	128.676	129.287	129.901	130.518	131.137	131.759	132.384	133.011	133.64	134.272	134.906	135.542	136.18	136.821	137.463	138.106	138.752	139.399	140.047	140.696	141.347	141.999	142.651	143.304	143.957	144.611	145.265	145.919	146.573	147.227	147.879	148.531	149.182	149.832	150.481	151.127	151.772	152.415	153.056	153.694	154.329	154.961	155.59	156.216	156.838	157.455	158.069	158.678	159.282	159.881	160.475	161.064	161.646	162.223	162.793	163.357	163.915	164.465	165.008	165.544	166.072	166.592	167.104	167.608	168.103	168.589	169.067	169.535	169.995	170.444	170.885	171.315	171.735	172.145	172.545	172.934	173.313	173.681	174.038	174.384	174.72	175.043	175.356	175.657	175.946	176.224	176.49	176.744	176.987	177.217	177.436	177.642	177.836	178.018	178.187	178.344	178.489	178.621	178.741	178.848	178.943	179.025	179.095	179.151	179.196	179.227	179.246	179.253	179.246	179.227	179.196	179.151	179.095	179.025	178.943	178.848	178.741	178.621	178.489	178.344	178.187	178.018	177.836	177.642	177.436	177.217	176.987	176.744	176.49	176.224	175.946	175.657	175.356	175.043	174.72	174.384	174.038	173.681	173.313	172.934	172.545	172.145	171.735	171.315	170.885	170.444	169.995	169.535	169.067	168.589	168.103	167.608	167.104	166.592	166.072	165.544	165.008	164.465	163.915	163.357	162.793	162.223	161.646	161.064	160.475	159.881	159.282	158.678	158.069	157.455	156.838	156.216	155.59	154.961	154.329	153.694	153.056	152.415	151.772	151.127	150.481	149.832	149.182	148.531	147.879	147.227	146.573	145.919	145.265	144.611	143.957	143.304	142.651	141.999	141.347	140.696	140.047	139.399	138.752	138.106	137.463	136.821	136.18	135.542	134.906	134.272	133.64	133.011	132.384	131.759	131.137	130.518	129.901	129.287	128.676	128.068	127.463	126.861	126.261	125.665	125.072	124.482	123.895	123.311	122.731	122.153	121.579	121.009	
122.123	122.705	123.29	123.879	124.471	125.066	125.665	126.267	126.872	127.48	128.092	128.707	129.324	129.945	130.569	131.195	131.825	132.457	133.092	133.729	134.369	135.012	135.657	136.304	136.954	137.605	138.259	138.914	139.572	140.231	140.891	141.553	142.216	142.88	143.545	144.211	144.877	145.544	146.211	146.879	147.546	148.213	148.879	149.545	150.21	150.874	151.536	152.197	152.856	153.513	154.167	154.82	155.469	156.115	156.759	157.398	158.034	158.666	159.294	159.917	160.535	161.148	161.756	162.358	162.954	163.545	164.128	164.706	165.276	165.839	166.395	166.944	167.484	168.017	168.541	169.057	169.564	170.062	170.551	171.03	171.501	171.961	172.412	172.852	173.282	173.702	174.111	174.51	174.898	175.274	175.64	175.994	176.337	176.668	176.988	177.296	177.593	177.877	178.149	178.409	178.657	178.893	179.116	179.327	179.526	179.712	179.885	180.046	180.194	180.329	180.452	180.562	180.658	180.742	180.814	180.872	180.917	180.95	180.969	180.975	180.969	180.95	180.917	180.872	180.814	180.742	180.658	180.562	180.452	180.329	180.194	180.046	179.885	179.712	179.526	179.327	179.116	178.893	178.657	178.409	178.149	177.877	177.593	177.296	176.988	176.668	176.337	175.994	175.64	175.274	174.898	174.51	174.111	173.702	173.282	172.852	172.412	171.961	171.501	171.03	170.551	170.062	169.564	169.057	168.541	168.017	167.484	166.944	166.395	165.839	165.276	164.706	164.128	163.545	162.954	162.358	161.756	161.148	160.535	159.917	159.294	158.666	158.034	157.398	156.759	156.115	155.469	154.82	154.167	153.513	152.856	152.197	151.536	150.874	150.21	149.545	148.879	148.213	147.546	146.879	146.211	145.544	144.877	144.211	143.545	142.88	142.216	141.553	140.891	140.231	139.572	138.914	138.259	137.605	136.954	136.304	135.657	135.012	134.369	133.729	133.092	132.457	131.825	131.195	130.569	129.945	129.324	128.707	128.092	127.48	126.872	126.267	125.665	125.066	124.471	123.879	123.29	122.705	122.123	121.544	
122.669	123.259	123.852	124.449	125.05	125.654	126.261	126.872	127.486	128.104	128.725	129.349	129.976	130.607	131.24	131.877	132.517	133.159	133.805	134.453	135.104	135.758	136.414	137.072	137.734	138.397	139.062	139.73	140.399	141.07	141.743	142.417	143.093	143.77	144.448	145.127	145.807	146.487	147.168	147.849	148.53	149.211	149.891	150.571	151.25	151.928	152.605	153.28	153.954	154.625	155.294	155.961	156.625	157.286	157.944	158.598	159.249	159.895	160.537	161.175	161.808	162.435	163.057	163.674	164.284	164.888	165.486	166.077	166.661	167.238	167.807	168.369	168.922	169.467	170.004	170.532	171.051	171.561	172.062	172.553	173.035	173.506	173.967	174.418	174.859	175.288	175.707	176.115	176.512	176.898	177.272	177.635	177.986	178.325	178.652	178.968	179.271	179.562	179.84	180.107	180.36	180.602	180.83	181.046	181.249	181.439	181.617	181.781	181.933	182.071	182.197	182.309	182.408	182.494	182.567	182.626	182.673	182.706	182.726	182.732	182.726	182.706	182.673	182.626	182.567	182.494	182.408	182.309	182.197	182.071	181.933	181.781	181.617	181.439	181.249	181.046	180.83	180.602	180.36	180.107	179.84	179.562	179.271	178.968	178.652	178.325	177.986	177.635	177.272	176.898	176.512	176.115	175.707	175.288	174.859	174.418	173.967	173.506	173.035	172.553	172.062	171.561	171.051	170.532	170.004	169.467	168.922	168.369	167.807	167.238	166.661	166.077	165.486	164.888	164.284	163.674	163.057	162.435	161.808	161.175	160.537	159.895	159.249	158.598	157.944	157.286	156.625	155.961	155.294	154.625	153.954	153.28	152.605	151.928	151.25	150.571	149.891	149.211	148.53	147.849	147.168	146.487	145.807	145.127	144.448	143.77	143.093	142.417	141.743	141.07	140.399	139.73	139.062	138.397	137.734	137.072	136.414	135.758	135.104	134.453	133.805	133.159	132.517	131.877	131.24	130.607	129.976	129.349	128.725	128.104	127.486	126.872	126.261	125.654	125.05	124.449	123.852	123.259	122.669	122.082	
123.217	123.815	124.417	125.022	125.631	126.244	126.861	127.48	128.104	128.731	129.361	129.995	130.632	131.273	131.916	132.563	133.213	133.867	134.523	135.182	135.844	136.509	137.177	137.847	138.52	139.195	139.872	140.552	141.234	141.918	142.603	143.291	143.979	144.67	145.361	146.054	146.747	147.441	148.136	148.831	149.526	150.221	150.916	151.61	152.304	152.997	153.688	154.378	155.066	155.753	156.437	157.119	157.798	158.474	159.147	159.817	160.482	161.144	161.801	162.453	163.101	163.743	164.38	165.011	165.636	166.255	166.867	167.472	168.07	168.661	169.244	169.819	170.386	170.944	171.494	172.035	172.566	173.089	173.601	174.104	174.597	175.08	175.552	176.014	176.465	176.905	177.334	177.752	178.158	178.553	178.936	179.308	179.667	180.014	180.349	180.672	180.982	181.28	181.565	181.838	182.097	182.344	182.578	182.799	183.007	183.202	183.383	183.551	183.706	183.848	183.976	184.091	184.192	184.28	184.355	184.416	184.463	184.497	184.517	184.524	184.517	184.497	184.463	184.416	184.355	184.28	184.192	184.091	183.976	183.848	183.706	183.551	183.383	183.202	183.007	182.799	182.578	182.344	182.097	181.838	181.565	181.28	180.982	180.672	180.349	180.014	179.667	179.308	178.936	178.553	178.158	177.752	177.334	176.905	176.465	176.014	175.552	175.08	174.597	174.104	173.601	173.089	172.566	172.035	171.494	170.944	170.386	169.819	169.244	168.661	168.07	167.472	166.867	166.255	165.636	165.011	164.38	163.743	163.101	162.453	161.801	161.144	160.482	159.817	159.147	158.474	157.798	157.119	156.437	155.753	155.066	154.378	153.688	152.997	152.304	151.61	150.916	150.221	149.526	148.831	148.136	147.441	146.747	146.054	145.361	144.67	143.979	143.291	142.603	141.918	141.234	140.552	139.872	139.195	138.52	137.847	137.177	136.509	135.844	135.182	134.523	133.867	133.213	132.563	131.916	131.273	130.632	129.995	129.361	128.731	128.104	127.48	126.861	126.244	125.631	125.022	124.417	123.815	123.217	122.622	
123.767	124.373	124.984	125.598	126.216	126.837	127.463	128.092	128.725	129.361	130.001	130.645	131.292	131.943	132.597	133.254	133.915	134.579	135.246	135.916	136.59	137.266	137.946	138.628	139.313	140	140.69	141.382	142.077	142.773	143.472	144.172	144.875	145.578	146.283	146.99	147.697	148.406	149.114	149.824	150.534	151.243	151.953	152.662	153.371	154.079	154.785	155.491	156.195	156.896	157.596	158.294	158.988	159.68	160.369	161.053	161.735	162.412	163.084	163.752	164.415	165.073	165.725	166.371	167.011	167.645	168.272	168.892	169.504	170.109	170.706	171.295	171.876	172.448	173.011	173.565	174.11	174.645	175.17	175.685	176.19	176.684	177.168	177.641	178.103	178.554	178.993	179.421	179.837	180.241	180.633	181.014	181.381	181.737	182.08	182.41	182.728	183.033	183.325	183.603	183.869	184.122	184.361	184.587	184.8	184.999	185.185	185.357	185.516	185.661	185.792	185.909	186.013	186.103	186.179	186.242	186.29	186.325	186.346	186.353	186.346	186.325	186.29	186.242	186.179	186.103	186.013	185.909	185.792	185.661	185.516	185.357	185.185	184.999	184.8	184.587	184.361	184.122	183.869	183.603	183.325	183.033	182.728	182.41	182.08	181.737	181.381	181.014	180.633	180.241	179.837	179.421	178.993	178.554	178.103	177.641	177.168	176.684	176.19	175.685	175.17	174.645	174.11	173.565	173.011	172.448	171.876	171.295	170.706	170.109	169.504	168.892	168.272	167.645	167.011	166.371	165.725	165.073	164.415	163.752	163.084	162.412	161.735	161.053	160.369	159.68	158.988	158.294	157.596	156.896	156.195	155.491	154.785	154.079	153.371	152.662	151.953	151.243	150.534	149.824	149.114	148.406	147.697	146.99	146.283	145.578	144.875	144.172	143.472	142.773	142.077	141.382	140.69	140	139.313	138.628	137.946	137.266	136.59	135.916	135.246	134.579	133.915	133.254	132.597	131.943	131.292	130.645	130.001	129.361	128.725	128.092	127.463	126.837	126.216	125.598	124.984	124.373	123.767	123.164	
124.319	124.934	125.553	126.176	126.803	127.434	128.068	128.707	129.349	129.995	130.645	131.298	131.956	132.617	133.281	133.949	134.621	135.296	135.974	136.656	137.341	138.029	138.721	139.415	140.112	140.812	141.514	142.219	142.927	143.637	144.349	145.063	145.779	146.496	147.215	147.936	148.658	149.381	150.104	150.829	151.553	152.278	153.003	153.728	154.452	155.175	155.897	156.619	157.338	158.056	158.772	159.485	160.196	160.904	161.608	162.309	163.007	163.7	164.388	165.072	165.751	166.425	167.093	167.754	168.41	169.059	169.701	170.336	170.964	171.583	172.195	172.799	173.394	173.98	174.556	175.124	175.682	176.23	176.768	177.296	177.813	178.32	178.815	179.3	179.773	180.234	180.684	181.122	181.549	181.963	182.364	182.753	183.13	183.494	183.845	184.183	184.509	184.821	185.12	185.405	185.677	185.936	186.181	186.412	186.63	186.833	187.024	187.2	187.362	187.51	187.645	187.765	187.871	187.963	188.041	188.105	188.154	188.19	188.211	188.218	188.211	188.19	188.154	188.105	188.041	187.963	187.871	187.765	187.645	187.51	187.362	187.2	187.024	186.833	186.63	186.412	186.181	185.936	185.677	185.405	185.12	184.821	184.509	184.183	183.845	183.494	183.13	182.753	182.364	181.963	181.549	181.122	180.684	180.234	179.773	179.3	178.815	178.32	177.813	177.296	176.768	176.23	175.682	175.124	174.556	173.98	173.394	172.799	172.195	171.583	170.964	170.336	169.701	169.059	168.41	167.754	167.093	166.425	165.751	165.072	164.388	163.7	163.007	162.309	161.608	160.904	160.196	159.485	158.772	158.056	157.338	156.619	155.897	155.175	154.452	153.728	153.003	152.278	151.553	150.829	150.104	149.381	148.658	147.936	147.215	146.496	145.779	145.063	144.349	143.637	142.927	142.219	141.514	140.812	140.112	139.415	138.721	138.029	137.341	136.656	135.974	135.296	134.621	133.949	133.281	132.617	131.956	131.298	130.645	129.995	129.349	128.707	128.068	127.434	126.803	126.176	125.553	124.934	124.319	123.708	
124.874	125.497	126.125	126.757	127.393	128.032	128.676	129.324	129.976	130.632	131.292	131.956	132.623	133.295	133.97	134.649	135.332	136.018	136.708	137.401	138.098	138.798	139.501	140.208	140.918	141.63	142.346	143.064	143.785	144.508	145.234	145.962	146.692	147.424	148.157	148.892	149.629	150.367	151.105	151.845	152.585	153.325	154.066	154.806	155.546	156.286	157.024	157.762	158.498	159.232	159.964	160.694	161.421	162.146	162.867	163.585	164.299	165.008	165.714	166.414	167.109	167.799	168.483	169.161	169.833	170.498	171.156	171.807	172.45	173.085	173.712	174.33	174.939	175.54	176.131	176.713	177.284	177.846	178.397	178.938	179.468	179.987	180.495	180.991	181.476	181.949	182.409	182.858	183.295	183.719	184.13	184.529	184.914	185.287	185.647	185.993	186.326	186.645	186.951	187.243	187.522	187.787	188.037	188.274	188.497	188.706	188.9	189.08	189.246	189.398	189.536	189.659	189.767	189.861	189.941	190.006	190.057	190.093	190.115	190.123	190.115	190.093	190.057	190.006	189.941	189.861	189.767	189.659	189.536	189.398	189.246	189.08	188.9	188.706	188.497	188.274	188.037	187.787	187.522	187.243	186.951	186.645	186.326	185.993	185.647	185.287	184.914	184.529	184.13	183.719	183.295	182.858	182.409	181.949	181.476	180.991	180.495	179.987	179.468	178.938	178.397	177.846	177.284	176.713	176.131	175.54	174.939	174.33	173.712	173.085	172.45	171.807	171.156	170.498	169.833	169.161	168.483	167.799	167.109	166.414	165.714	165.008	164.299	163.585	162.867	162.146	161.421	160.694	159.964	159.232	158.498	157.762	157.024	156.286	155.546	154.806	154.066	153.325	152.585	151.845	151.105	150.367	149.629	148.892	148.157	147.424	146.692	145.962	145.234	144.508	143.785	143.064	142.346	141.63	140.918	140.208	139.501	138.798	138.098	137.401	136.708	136.018	135.332	134.649	133.97	133.295	132.623	131.956	131.292	130.632	129.976	129.324	128.676	128.032	127.393	126.757	126.125	125.497	124.874	124.255	
125.431	126.063	126.699	127.34	127.985	128.634	129.287	129.945	130.607	131.273	131.943	132.617	133.295	133.977	134.663	135.353	136.047	136.745	137.446	138.151	138.86	139.573	140.288	141.008	141.73	142.456	143.184	143.916	144.65	145.388	146.127	146.869	147.614	148.36	149.109	149.859	150.611	151.364	152.118	152.873	153.629	154.385	155.142	155.899	156.655	157.411	158.167	158.921	159.673	160.425	161.174	161.921	162.665	163.407	164.145	164.88	165.611	166.338	167.06	167.778	168.49	169.197	169.898	170.593	171.281	171.963	172.637	173.304	173.963	174.614	175.256	175.89	176.515	177.13	177.736	178.332	178.918	179.494	180.059	180.613	181.156	181.688	182.208	182.716	183.213	183.697	184.17	184.629	185.076	185.511	185.932	186.34	186.735	187.117	187.485	187.84	188.181	188.508	188.821	189.12	189.405	189.676	189.933	190.175	190.403	190.617	190.816	191	191.17	191.325	191.466	191.592	191.703	191.799	191.881	191.948	192	192.037	192.059	192.067	192.059	192.037	192	191.948	191.881	191.799	191.703	191.592	191.466	191.325	191.17	191	190.816	190.617	190.403	190.175	189.933	189.676	189.405	189.12	188.821	188.508	188.181	187.84	187.485	187.117	186.735	186.34	185.932	185.511	185.076	184.629	184.17	183.697	183.213	182.716	182.208	181.688	181.156	180.613	180.059	179.494	178.918	178.332	177.736	177.13	176.515	175.89	175.256	174.614	173.963	173.304	172.637	171.963	171.281	170.593	169.898	169.197	168.49	167.778	167.06	166.338	165.611	164.88	164.145	163.407	162.665	161.921	161.174	160.425	159.673	158.921	158.167	157.411	156.655	155.899	155.142	154.385	153.629	152.873	152.118	151.364	150.611	149.859	149.109	148.36	147.614	146.869	146.127	145.388	144.65	143.916	143.184	142.456	141.73	141.008	140.288	139.573	138.86	138.151	137.446	136.745	136.047	135.353	134.663	133.977	133.295	132.617	131.943	131.273	130.607	129.945	129.287	128.634	127.985	127.34	126.699	126.063	125.431	124.803	
125.99	126.63	127.276	127.926	128.58	129.238	129.901	130.569	131.24	131.916	132.597	133.281	133.97	134.663	135.36	136.062	136.767	137.476	138.19	138.907	139.628	140.353	141.081	141.813	142.549	143.288	144.03	144.775	145.524	146.275	147.029	147.786	148.545	149.307	150.07	150.836	151.603	152.372	153.142	153.913	154.686	155.458	156.232	157.005	157.779	158.552	159.324	160.096	160.866	161.634	162.401	163.166	163.928	164.687	165.443	166.196	166.945	167.69	168.43	169.165	169.895	170.619	171.338	172.05	172.755	173.454	174.145	174.828	175.504	176.171	176.83	177.48	178.12	178.751	179.372	179.983	180.584	181.174	181.753	182.321	182.877	183.422	183.956	184.477	184.986	185.482	185.966	186.437	186.895	187.34	187.771	188.189	188.594	188.985	189.362	189.725	190.074	190.409	190.73	191.036	191.328	191.605	191.868	192.116	192.349	192.568	192.772	192.961	193.135	193.293	193.437	193.566	193.68	193.779	193.862	193.93	193.984	194.022	194.044	194.052	194.044	194.022	193.984	193.93	193.862	193.779	193.68	193.566	193.437	193.293	193.135	192.961	192.772	192.568	192.349	192.116	191.868	191.605	191.328	191.036	190.73	190.409	190.074	189.725	189.362	188.985	188.594	188.189	187.771	187.34	186.895	186.437	185.966	185.482	184.986	184.477	183.956	183.422	182.877	182.321	181.753	181.174	180.584	179.983	179.372	178.751	178.12	177.48	176.83	176.171	175.504	174.828	174.145	173.454	172.755	172.05	171.338	170.619	169.895	169.165	168.43	167.69	166.945	166.196	165.443	164.687	163.928	163.166	162.401	161.634	160.866	160.096	159.324	158.552	157.779	157.005	156.232	155.458	154.686	153.913	153.142	152.372	151.603	150.836	150.07	149.307	148.545	147.786	147.029	146.275	145.524	144.775	144.03	143.288	142.549	141.813	141.081	140.353	139.628	138.907	138.19	137.476	136.767	136.062	135.36	134.663	133.97	133.281	132.597	131.916	131.24	130.569	129.901	129.238	128.58	127.926	127.276	126.63	125.99	125.353	
126.55	127.2	127.855	128.514	129.177	129.845	130.518	131.195	131.877	132.563	133.254	133.949	134.649	135.353	136.062	136.774	137.491	138.213	138.938	139.668	140.401	141.139	141.88	142.625	143.374	144.127	144.883	145.642	146.405	147.171	147.94	148.711	149.486	150.262	151.042	151.823	152.606	153.391	154.178	154.966	155.755	156.545	157.335	158.126	158.917	159.707	160.498	161.287	162.075	162.862	163.647	164.43	165.21	165.988	166.762	167.533	168.3	169.063	169.822	170.575	171.323	172.066	172.802	173.532	174.256	174.972	175.681	176.381	177.074	177.758	178.434	179.1	179.757	180.404	181.04	181.667	182.283	182.888	183.481	184.064	184.634	185.193	185.739	186.273	186.795	187.303	187.799	188.282	188.751	189.207	189.649	190.077	190.492	190.892	191.278	191.65	192.008	192.351	192.679	192.993	193.292	193.575	193.844	194.098	194.337	194.561	194.77	194.963	195.141	195.304	195.451	195.583	195.699	195.8	195.885	195.955	196.01	196.049	196.072	196.08	196.072	196.049	196.01	195.955	195.885	195.8	195.699	195.583	195.451	195.304	195.141	194.963	194.77	194.561	194.337	194.098	193.844	193.575	193.292	192.993	192.679	192.351	192.008	191.65	191.278	190.892	190.492	190.077	189.649	189.207	188.751	188.282	187.799	187.303	186.795	186.273	185.739	185.193	184.634	184.064	183.481	182.888	182.283	181.667	181.04	180.404	179.757	179.1	178.434	177.758	177.074	176.381	175.681	174.972	174.256	173.532	172.802	172.066	171.323	170.575	169.822	169.063	168.3	167.533	166.762	165.988	165.21	164.43	163.647	162.862	162.075	161.287	160.498	159.707	158.917	158.126	157.335	156.545	155.755	154.966	154.178	153.391	152.606	151.823	151.042	150.262	149.486	148.711	147.94	147.171	146.405	145.642	144.883	144.127	143.374	142.625	141.88	141.139	140.401	139.668	138.938	138.213	137.491	136.774	136.062	135.353	134.649	133.949	133.254	132.563	131.877	131.195	130.518	129.845	129.177	128.514	127.855	127.2	126.55	125.905	
127.113	127.772	128.435	129.104	129.777	130.455	131.137	131.825	132.517	133.213	133.915	134.621	135.332	136.047	136.767	137.491	138.22	138.954	139.691	140.434	141.18	141.93	142.685	143.444	144.206	144.973	145.743	146.517	147.294	148.075	148.859	149.645	150.435	151.228	152.023	152.821	153.62	154.422	155.226	156.031	156.837	157.644	158.452	159.261	160.07	160.879	161.687	162.495	163.301	164.107	164.911	165.712	166.512	167.308	168.102	168.892	169.678	170.46	171.237	172.01	172.777	173.538	174.293	175.042	175.784	176.518	177.245	177.964	178.674	179.376	180.069	180.752	181.425	182.089	182.742	183.384	184.016	184.636	185.245	185.842	186.427	187	187.56	188.107	188.642	189.163	189.671	190.166	190.647	191.114	191.567	192.006	192.43	192.84	193.236	193.617	193.983	194.334	194.67	194.992	195.298	195.588	195.864	196.124	196.368	196.597	196.811	197.009	197.191	197.357	197.508	197.643	197.762	197.865	197.953	198.024	198.08	198.12	198.144	198.152	198.144	198.12	198.08	198.024	197.953	197.865	197.762	197.643	197.508	197.357	197.191	197.009	196.811	196.597	196.368	196.124	195.864	195.588	195.298	194.992	194.67	194.334	193.983	193.617	193.236	192.84	192.43	192.006	191.567	191.114	190.647	190.166	189.671	189.163	188.642	188.107	187.56	187	186.427	185.842	185.245	184.636	184.016	183.384	182.742	182.089	181.425	180.752	180.069	179.376	178.674	177.964	177.245	176.518	175.784	175.042	174.293	173.538	172.777	172.01	171.237	170.46	169.678	168.892	168.102	167.308	166.512	165.712	164.911	164.107	163.301	162.495	161.687	160.879	160.07	159.261	158.452	157.644	156.837	156.031	155.226	154.422	153.62	152.821	152.023	151.228	150.435	149.645	148.859	148.075	147.294	146.517	145.743	144.973	144.206	143.444	142.685	141.93	141.18	140.434	139.691	138.954	138.22	137.491	136.767	136.047	135.332	134.621	133.915	133.213	132.517	131.825	131.137	130.455	129.777	129.104	128.435	127.772	127.113	126.459	
127.678	128.346	129.018	129.696	130.379	131.067	131.759	132.457	133.159	133.867	134.579	135.296	136.018	136.745	137.476	138.213	138.954	139.699	140.45	141.205	141.964	142.728	143.496	144.268	145.045	145.826	146.61	147.399	148.191	148.987	149.786	150.589	151.394	152.203	153.015	153.829	154.646	155.465	156.285	157.108	157.932	158.757	159.584	160.411	161.238	162.066	162.893	163.72	164.546	165.37	166.193	167.015	167.834	168.65	169.463	170.273	171.079	171.88	172.677	173.469	174.256	175.037	175.811	176.579	177.34	178.093	178.839	179.576	180.305	181.025	181.736	182.437	183.128	183.808	184.478	185.137	185.785	186.421	187.045	187.657	188.257	188.845	189.419	189.98	190.528	191.063	191.584	192.09	192.583	193.062	193.526	193.976	194.411	194.831	195.236	195.626	196.001	196.361	196.705	197.034	197.347	197.645	197.927	198.193	198.443	198.678	198.896	199.099	199.285	199.456	199.61	199.748	199.87	199.976	200.065	200.139	200.196	200.236	200.261	200.269	200.261	200.236	200.196	200.139	200.065	199.976	199.87	199.748	199.61	199.456	199.285	199.099	198.896	198.678	198.443	198.193	197.927	197.645	197.347	197.034	196.705	196.361	196.001	195.626	195.236	194.831	194.411	193.976	193.526	193.062	192.583	192.09	191.584	191.063	190.528	189.98	189.419	188.845	188.257	187.657	187.045	186.421	185.785	185.137	184.478	183.808	183.128	182.437	181.736	181.025	180.305	179.576	178.839	178.093	177.34	176.579	175.811	175.037	174.256	173.469	172.677	171.88	171.079	170.273	169.463	168.65	167.834	167.015	166.193	165.37	164.546	163.72	162.893	162.066	161.238	160.411	159.584	158.757	157.932	157.108	156.285	155.465	154.646	153.829	153.015	152.203	151.394	150.589	149.786	148.987	148.191	147.399	146.61	145.826	145.045	144.268	143.496	142.728	141.964	141.205	140.45	139.699	138.954	138.213	137.476	136.745	136.018	135.296	134.579	133.867	133.159	132.457	131.759	131.067	130.379	129.696	129.018	128.346	127.678	127.015	
128.244	128.921	129.603	130.291	130.983	131.681	132.384	133.092	133.805	134.523	135.246	135.974	136.708	137.446	138.19	138.938	139.691	140.45	141.213	141.981	142.753	143.531	144.313	145.099	145.89	146.685	147.484	148.288	149.096	149.907	150.722	151.541	152.363	153.188	154.017	154.848	155.682	156.519	157.357	158.198	159.04	159.884	160.729	161.575	162.422	163.269	164.116	164.962	165.808	166.652	167.496	168.337	169.176	170.013	170.846	171.677	172.503	173.325	174.142	174.955	175.762	176.563	177.357	178.145	178.926	179.699	180.464	181.22	181.968	182.707	183.436	184.155	184.864	185.562	186.25	186.926	187.59	188.243	188.883	189.511	190.127	190.729	191.318	191.893	192.455	193.003	193.537	194.057	194.562	195.052	195.528	195.989	196.434	196.865	197.28	197.68	198.064	198.432	198.785	199.122	199.442	199.747	200.036	200.308	200.565	200.805	201.028	201.236	201.427	201.601	201.759	201.9	202.025	202.133	202.225	202.3	202.358	202.4	202.425	202.433	202.425	202.4	202.358	202.3	202.225	202.133	202.025	201.9	201.759	201.601	201.427	201.236	201.028	200.805	200.565	200.308	200.036	199.747	199.442	199.122	198.785	198.432	198.064	197.68	197.28	196.865	196.434	195.989	195.528	195.052	194.562	194.057	193.537	193.003	192.455	191.893	191.318	190.729	190.127	189.511	188.883	188.243	187.59	186.926	186.25	185.562	184.864	184.155	183.436	182.707	181.968	181.22	180.464	179.699	178.926	178.145	177.357	176.563	175.762	174.955	174.142	173.325	172.503	171.677	170.846	170.013	169.176	168.337	167.496	166.652	165.808	164.962	164.116	163.269	162.422	161.575	160.729	159.884	159.04	158.198	157.357	156.519	155.682	154.848	154.017	153.188	152.363	151.541	150.722	149.907	149.096	148.288	147.484	146.685	145.89	145.099	144.313	143.531	142.753	141.981	141.213	140.45	139.691	138.938	138.19	137.446	136.708	135.974	135.246	134.523	133.805	133.092	132.384	131.681	130.983	130.291	129.603	128.921	128.244	127.572	
128.812	129.499	130.19	130.888	131.59	132.298	133.011	133.729	134.453	135.182	135.916	136.656	137.401	138.151	138.907	139.668	140.434	141.205	141.981	142.762	143.548	144.339	145.135	145.936	146.741	147.551	148.366	149.185	150.008	150.835	151.667	152.502	153.341	154.183	155.029	155.878	156.73	157.584	158.442	159.301	160.162	161.025	161.89	162.755	163.621	164.488	165.355	166.222	167.088	167.954	168.818	169.68	170.54	171.398	172.253	173.104	173.951	174.795	175.633	176.467	177.295	178.116	178.932	179.74	180.542	181.335	182.12	182.897	183.664	184.423	185.171	185.909	186.637	187.353	188.059	188.752	189.434	190.104	190.761	191.405	192.036	192.654	193.258	193.848	194.424	194.986	195.534	196.066	196.584	197.087	197.574	198.047	198.503	198.944	199.37	199.779	200.173	200.55	200.911	201.256	201.585	201.897	202.192	202.471	202.734	202.979	203.208	203.421	203.616	203.794	203.956	204.101	204.228	204.339	204.433	204.51	204.569	204.612	204.637	204.646	204.637	204.612	204.569	204.51	204.433	204.339	204.228	204.101	203.956	203.794	203.616	203.421	203.208	202.979	202.734	202.471	202.192	201.897	201.585	201.256	200.911	200.55	200.173	199.779	199.37	198.944	198.503	198.047	197.574	197.087	196.584	196.066	195.534	194.986	194.424	193.848	193.258	192.654	192.036	191.405	190.761	190.104	189.434	188.752	188.059	187.353	186.637	185.909	185.171	184.423	183.664	182.897	182.12	181.335	180.542	179.74	178.932	178.116	177.295	176.467	175.633	174.795	173.951	173.104	172.253	171.398	170.54	169.68	168.818	167.954	167.088	166.222	165.355	164.488	163.621	162.755	161.89	161.025	160.162	159.301	158.442	157.584	156.73	155.878	155.029	154.183	153.341	152.502	151.667	150.835	150.008	149.185	148.366	147.551	146.741	145.936	145.135	144.339	143.548	142.762	141.981	141.205	140.434	139.668	138.907	138.151	137.401	136.656	135.916	135.182	134.453	133.729	133.011	132.298	131.59	130.888	130.19	129.499	128.812	128.131	
129.382	130.078	130.779	131.486	132.199	132.917	133.64	134.369	135.104	135.844	136.59	137.341	138.098	138.86	139.628	140.401	141.18	141.964	142.753	143.548	144.348	145.153	145.964	146.779	147.599	148.424	149.254	150.089	150.928	151.772	152.62	153.472	154.328	155.188	156.052	156.919	157.789	158.662	159.538	160.417	161.298	162.18	163.065	163.95	164.837	165.725	166.612	167.5	168.388	169.274	170.16	171.044	171.926	172.805	173.682	174.555	175.425	176.29	177.151	178.006	178.856	179.699	180.536	181.366	182.189	183.003	183.809	184.607	185.395	186.173	186.941	187.699	188.446	189.182	189.906	190.618	191.318	192.005	192.679	193.34	193.988	194.621	195.241	195.846	196.437	197.013	197.575	198.121	198.652	199.167	199.667	200.151	200.619	201.071	201.507	201.926	202.329	202.716	203.086	203.439	203.775	204.095	204.398	204.683	204.952	205.203	205.438	205.655	205.855	206.038	206.203	206.351	206.482	206.595	206.691	206.77	206.831	206.874	206.901	206.909	206.901	206.874	206.831	206.77	206.691	206.595	206.482	206.351	206.203	206.038	205.855	205.655	205.438	205.203	204.952	204.683	204.398	204.095	203.775	203.439	203.086	202.716	202.329	201.926	201.507	201.071	200.619	200.151	199.667	199.167	198.652	198.121	197.575	197.013	196.437	195.846	195.241	194.621	193.988	193.34	192.679	192.005	191.318	190.618	189.906	189.182	188.446	187.699	186.941	186.173	185.395	184.607	183.809	183.003	182.189	181.366	180.536	179.699	178.856	178.006	177.151	176.29	175.425	174.555	173.682	172.805	171.926	171.044	170.16	169.274	168.388	167.5	166.612	165.725	164.837	163.95	163.065	162.18	161.298	160.417	159.538	158.662	157.789	156.919	156.052	155.188	154.328	153.472	152.62	151.772	150.928	150.089	149.254	148.424	147.599	146.779	145.964	145.153	144.348	143.548	142.753	141.964	141.18	140.401	139.628	138.86	138.098	137.341	136.59	135.844	135.104	134.369	133.64	132.917	132.199	131.486	130.779	130.078	129.382	128.691	
