115.81	116.284	116.761	117.239	117.719	118.202	118.686	119.173	119.661	120.151	120.643	121.137	121.633	122.131	122.63	123.131	123.634	124.138	124.644	125.151	125.66	126.17	126.681	127.194	127.708	128.223	128.739	129.256	129.774	130.293	130.812	131.332	131.853	132.375	132.897	133.419	133.941	134.464	134.986	135.509	136.031	136.553	137.075	137.596	138.116	138.636	139.155	139.673	140.189	140.705	141.219	141.731	142.242	142.751	143.258	143.763	144.266	144.767	145.265	145.76	146.252	146.742	147.228	147.711	148.191	148.667	149.139	149.608	150.073	150.533	150.989	151.44	151.887	152.329	152.767	153.199	153.626	154.047	154.463	154.874	155.279	155.677	156.07	156.457	156.837	157.211	157.578	157.939	158.293	158.64	158.98	159.313	159.638	159.957	160.268	160.571	160.867	161.155	161.435	161.707	161.971	162.228	162.476	162.715	162.947	163.17	163.385	163.591	163.789	163.978	164.159	164.331	164.494	164.648	164.793	164.93	165.057	165.176	165.286	165.386	165.478	165.56	165.633	165.698	165.753	165.799	165.835	165.863	165.881	165.891	165.891	165.881	165.863	165.835	165.799	165.753	165.698	165.633	165.56	165.478	165.386	165.286	165.176	165.057	164.93	164.793	164.648	164.494	164.331	164.159	163.978	163.789	163.591	163.385	163.17	162.947	162.715	162.476	162.228	161.971	161.707	161.435	161.155	160.867	160.571	160.268	159.957	159.638	159.313	158.98	158.64	158.293	157.939	157.578	157.211	156.837	156.457	156.07	155.677	155.279	154.874	154.463	154.047	153.626	153.199	152.767	152.329	151.887	151.44	150.989	150.533	150.073	149.608	149.139	148.667	148.191	147.711	147.228	146.742	146.252	145.76	145.265	144.767	144.266	143.763	143.258	142.751	142.242	141.731	141.219	140.705	140.189	139.673	139.155	138.636	138.116	137.596	137.075	136.553	136.031	135.509	134.986	134.464	133.941	133.419	132.897	132.375	131.853	131.332	130.812	130.293	129.774	129.256	128.739	128.223	127.708	127.194	126.681	126.17	125.66	125.151	124.644	124.138	123.634	123.131	122.63	122.131	121.633	121.137	120.643	120.151	119.661	119.173	118.686	118.202	117.719	117.239	116.761	116.284	115.81	
116.284	116.765	117.247	117.731	118.218	118.707	119.198	119.69	120.185	120.682	121.181	121.682	122.185	122.689	123.196	123.704	124.214	124.725	125.239	125.753	126.27	126.787	127.307	127.827	128.349	128.872	129.396	129.922	130.448	130.975	131.503	132.032	132.562	133.092	133.622	134.153	134.685	135.216	135.748	136.279	136.811	137.342	137.873	138.403	138.933	139.462	139.991	140.518	141.044	141.57	142.093	142.615	143.136	143.655	144.172	144.687	145.199	145.709	146.217	146.722	147.224	147.724	148.22	148.712	149.202	149.687	150.169	150.647	151.121	151.591	152.057	152.517	152.973	153.425	153.871	154.312	154.748	155.178	155.603	156.022	156.435	156.842	157.243	157.638	158.026	158.408	158.783	159.152	159.513	159.867	160.214	160.554	160.887	161.212	161.529	161.839	162.141	162.435	162.721	162.999	163.269	163.53	163.783	164.028	164.265	164.493	164.712	164.923	165.125	165.318	165.502	165.677	165.844	166.001	166.15	166.289	166.419	166.54	166.652	166.755	166.848	166.933	167.007	167.073	167.129	167.176	167.214	167.242	167.26	167.27	167.27	167.26	167.242	167.214	167.176	167.129	167.073	167.007	166.933	166.848	166.755	166.652	166.54	166.419	166.289	166.15	166.001	165.844	165.677	165.502	165.318	165.125	164.923	164.712	164.493	164.265	164.028	163.783	163.53	163.269	162.999	162.721	162.435	162.141	161.839	161.529	161.212	160.887	160.554	160.214	159.867	159.513	159.152	158.783	158.408	158.026	157.638	157.243	156.842	156.435	156.022	155.603	155.178	154.748	154.312	153.871	153.425	152.973	152.517	152.057	151.591	151.121	150.647	150.169	149.687	149.202	148.712	148.22	147.724	147.224	146.722	146.217	145.709	145.199	144.687	144.172	143.655	143.136	142.615	142.093	141.57	141.044	140.518	139.991	139.462	138.933	138.403	137.873	137.342	136.811	136.279	135.748	135.216	134.685	134.153	133.622	133.092	132.562	132.032	131.503	130.975	130.448	129.922	129.396	128.872	128.349	127.827	127.307	126.787	126.27	125.753	125.239	124.725	124.214	123.704	123.196	122.689	122.185	121.682	121.181	120.682	120.185	119.69	119.198	118.707	118.218	117.731	117.247	116.765	116.284	
116.761	117.247	117.735	118.226	118.719	119.214	119.712	120.211	120.713	121.216	121.722	122.23	122.74	123.251	123.765	124.28	124.798	125.317	125.837	126.36	126.884	127.41	127.937	128.465	128.995	129.527	130.059	130.593	131.127	131.663	132.2	132.738	133.276	133.815	134.354	134.894	135.435	135.976	136.516	137.057	137.598	138.139	138.679	139.219	139.759	140.298	140.836	141.373	141.909	142.444	142.978	143.51	144.041	144.569	145.096	145.621	146.144	146.664	147.182	147.697	148.209	148.718	149.224	149.727	150.226	150.722	151.214	151.701	152.185	152.665	153.139	153.61	154.075	154.536	154.992	155.442	155.887	156.326	156.76	157.188	157.61	158.025	158.435	158.838	159.234	159.624	160.007	160.383	160.752	161.114	161.469	161.816	162.155	162.487	162.811	163.127	163.436	163.736	164.028	164.312	164.587	164.855	165.113	165.363	165.605	165.837	166.061	166.276	166.483	166.68	166.868	167.047	167.217	167.378	167.529	167.671	167.804	167.928	168.042	168.147	168.242	168.328	168.405	168.472	168.529	168.577	168.615	168.644	168.663	168.673	168.673	168.663	168.644	168.615	168.577	168.529	168.472	168.405	168.328	168.242	168.147	168.042	167.928	167.804	167.671	167.529	167.378	167.217	167.047	166.868	166.68	166.483	166.276	166.061	165.837	165.605	165.363	165.113	164.855	164.587	164.312	164.028	163.736	163.436	163.127	162.811	162.487	162.155	161.816	161.469	161.114	160.752	160.383	160.007	159.624	159.234	158.838	158.435	158.025	157.61	157.188	156.76	156.326	155.887	155.442	154.992	154.536	154.075	153.61	153.139	152.665	152.185	151.701	151.214	150.722	150.226	149.727	149.224	148.718	148.209	147.697	147.182	146.664	146.144	145.621	145.096	144.569	144.041	143.51	142.978	142.444	141.909	141.373	140.836	140.298	139.759	139.219	138.679	138.139	137.598	137.057	136.516	135.976	135.435	134.894	134.354	133.815	133.276	132.738	132.2	131.663	131.127	130.593	130.059	129.527	128.995	128.465	127.937	127.41	126.884	126.36	125.837	125.317	124.798	124.28	123.765	123.251	122.74	122.23	121.722	121.216	120.713	120.211	119.712	119.214	118.719	118.226	117.735	117.247	116.761	
117.239	117.731	118.226	118.723	119.223	119.724	120.228	120.734	121.243	121.753	122.266	122.781	123.298	123.817	124.338	124.86	125.385	125.912	126.44	126.971	127.503	128.036	128.571	129.108	129.646	130.186	130.727	131.269	131.813	132.357	132.903	133.449	133.996	134.544	135.093	135.642	136.192	136.742	137.293	137.843	138.394	138.944	139.494	140.044	140.593	141.142	141.69	142.238	142.784	143.329	143.873	144.415	144.956	145.495	146.032	146.567	147.1	147.63	148.159	148.684	149.206	149.726	150.242	150.755	151.265	151.77	152.272	152.77	153.264	153.753	154.238	154.718	155.193	155.664	156.129	156.589	157.043	157.492	157.935	158.371	158.802	159.227	159.645	160.057	160.461	160.86	161.251	161.635	162.012	162.381	162.743	163.098	163.444	163.783	164.114	164.437	164.752	165.059	165.357	165.647	165.928	166.201	166.465	166.721	166.967	167.205	167.433	167.653	167.863	168.065	168.257	168.44	168.613	168.777	168.932	169.077	169.213	169.339	169.456	169.563	169.66	169.748	169.826	169.894	169.953	170.002	170.041	170.07	170.09	170.1	170.1	170.09	170.07	170.041	170.002	169.953	169.894	169.826	169.748	169.66	169.563	169.456	169.339	169.213	169.077	168.932	168.777	168.613	168.44	168.257	168.065	167.863	167.653	167.433	167.205	166.967	166.721	166.465	166.201	165.928	165.647	165.357	165.059	164.752	164.437	164.114	163.783	163.444	163.098	162.743	162.381	162.012	161.635	161.251	160.86	160.461	160.057	159.645	159.227	158.802	158.371	157.935	157.492	157.043	156.589	156.129	155.664	155.193	154.718	154.238	153.753	153.264	152.77	152.272	151.77	151.265	150.755	150.242	149.726	149.206	148.684	148.159	147.63	147.1	146.567	146.032	145.495	144.956	144.415	143.873	143.329	142.784	142.238	141.69	141.142	140.593	140.044	139.494	138.944	138.394	137.843	137.293	136.742	136.192	135.642	135.093	134.544	133.996	133.449	132.903	132.357	131.813	131.269	130.727	130.186	129.646	129.108	128.571	128.036	127.503	126.971	126.44	125.912	125.385	124.86	124.338	123.817	123.298	122.781	122.266	121.753	121.243	120.734	120.228	119.724	119.223	118.723	118.226	117.731	117.239	
117.719	118.218	118.719	119.223	119.728	120.237	120.747	121.26	121.776	122.293	122.813	123.335	123.859	124.385	124.914	125.444	125.977	126.511	127.047	127.585	128.125	128.667	129.211	129.756	130.302	130.85	131.4	131.951	132.503	133.057	133.611	134.167	134.723	135.28	135.838	136.397	136.956	137.516	138.076	138.636	139.197	139.757	140.317	140.877	141.437	141.996	142.554	143.112	143.668	144.224	144.778	145.331	145.882	146.431	146.979	147.525	148.068	148.609	149.148	149.684	150.217	150.747	151.274	151.797	152.317	152.833	153.346	153.854	154.358	154.857	155.352	155.843	156.328	156.808	157.283	157.753	158.217	158.675	159.127	159.573	160.013	160.447	160.874	161.294	161.708	162.115	162.514	162.906	163.291	163.669	164.038	164.401	164.755	165.101	165.439	165.769	166.09	166.404	166.708	167.004	167.292	167.57	167.84	168.101	168.353	168.595	168.829	169.053	169.268	169.474	169.67	169.857	170.034	170.201	170.359	170.508	170.646	170.775	170.894	171.004	171.103	171.193	171.272	171.342	171.402	171.452	171.492	171.521	171.541	171.551	171.551	171.541	171.521	171.492	171.452	171.402	171.342	171.272	171.193	171.103	171.004	170.894	170.775	170.646	170.508	170.359	170.201	170.034	169.857	169.67	169.474	169.268	169.053	168.829	168.595	168.353	168.101	167.84	167.57	167.292	167.004	166.708	166.404	166.09	165.769	165.439	165.101	164.755	164.401	164.038	163.669	163.291	162.906	162.514	162.115	161.708	161.294	160.874	160.447	160.013	159.573	159.127	158.675	158.217	157.753	157.283	156.808	156.328	155.843	155.352	154.857	154.358	153.854	153.346	152.833	152.317	151.797	151.274	150.747	150.217	149.684	149.148	148.609	148.068	147.525	146.979	146.431	145.882	145.331	144.778	144.224	143.668	143.112	142.554	141.996	141.437	140.877	140.317	139.757	139.197	138.636	138.076	137.516	136.956	136.397	135.838	135.28	134.723	134.167	133.611	133.057	132.503	131.951	131.4	130.85	130.302	129.756	129.211	128.667	128.125	127.585	127.047	126.511	125.977	125.444	124.914	124.385	123.859	123.335	122.813	122.293	121.776	121.26	120.747	120.237	119.728	119.223	118.719	118.218	117.719	
118.202	118.707	119.214	119.724	120.237	120.752	121.269	121.789	122.311	122.836	123.363	123.892	124.423	124.957	125.493	126.031	126.571	127.114	127.658	128.204	128.753	129.303	129.854	130.408	130.963	131.52	132.078	132.638	133.199	133.762	134.325	134.89	135.456	136.023	136.591	137.159	137.728	138.297	138.867	139.438	140.008	140.579	141.149	141.719	142.289	142.858	143.427	143.995	144.562	145.129	145.693	146.257	146.819	147.379	147.938	148.494	149.049	149.601	150.15	150.697	151.241	151.782	152.319	152.854	153.384	153.911	154.434	154.953	155.468	155.978	156.483	156.984	157.48	157.97	158.455	158.935	159.408	159.876	160.338	160.794	161.244	161.687	162.123	162.552	162.975	163.39	163.798	164.199	164.592	164.978	165.355	165.725	166.087	166.441	166.786	167.123	167.451	167.771	168.083	168.385	168.678	168.963	169.239	169.505	169.762	170.01	170.248	170.477	170.697	170.907	171.107	171.298	171.479	171.65	171.811	171.963	172.104	172.236	172.358	172.469	172.571	172.662	172.744	172.815	172.876	172.927	172.968	172.998	173.019	173.029	173.029	173.019	172.998	172.968	172.927	172.876	172.815	172.744	172.662	172.571	172.469	172.358	172.236	172.104	171.963	171.811	171.65	171.479	171.298	171.107	170.907	170.697	170.477	170.248	170.01	169.762	169.505	169.239	168.963	168.678	168.385	168.083	167.771	167.451	167.123	166.786	166.441	166.087	165.725	165.355	164.978	164.592	164.199	163.798	163.39	162.975	162.552	162.123	161.687	161.244	160.794	160.338	159.876	159.408	158.935	158.455	157.97	157.48	156.984	156.483	155.978	155.468	154.953	154.434	153.911	153.384	152.854	152.319	151.782	151.241	150.697	150.15	149.601	149.049	148.494	147.938	147.379	146.819	146.257	145.693	145.129	144.562	143.995	143.427	142.858	142.289	141.719	141.149	140.579	140.008	139.438	138.867	138.297	137.728	137.159	136.591	136.023	135.456	134.89	134.325	133.762	133.199	132.638	132.078	131.52	130.963	130.408	129.854	129.303	128.753	128.204	127.658	127.114	126.571	126.031	125.493	124.957	124.423	123.892	123.363	122.836	122.311	121.789	121.269	120.752	120.237	119.724	119.214	118.707	118.202	
118.686	119.198	119.712	120.228	120.747	121.269	121.793	122.32	122.85	123.381	123.916	124.452	124.991	125.533	126.076	126.622	127.17	127.72	128.273	128.827	129.384	129.942	130.503	131.065	131.629	132.194	132.762	133.331	133.901	134.473	135.046	135.62	136.196	136.772	137.349	137.928	138.507	139.086	139.666	140.247	140.827	141.408	141.989	142.57	143.15	143.731	144.31	144.889	145.467	146.044	146.62	147.194	147.768	148.339	148.909	149.476	150.042	150.605	151.166	151.724	152.279	152.831	153.379	153.925	154.467	155.004	155.538	156.068	156.594	157.115	157.631	158.142	158.648	159.149	159.645	160.135	160.619	161.097	161.569	162.034	162.493	162.946	163.392	163.83	164.262	164.686	165.103	165.513	165.914	166.308	166.694	167.072	167.442	167.803	168.156	168.5	168.836	169.162	169.48	169.789	170.089	170.38	170.661	170.933	171.196	171.449	171.693	171.927	172.151	172.365	172.57	172.765	172.95	173.124	173.289	173.444	173.588	173.723	173.847	173.961	174.065	174.158	174.241	174.314	174.376	174.428	174.47	174.501	174.522	174.532	174.532	174.522	174.501	174.47	174.428	174.376	174.314	174.241	174.158	174.065	173.961	173.847	173.723	173.588	173.444	173.289	173.124	172.95	172.765	172.57	172.365	172.151	171.927	171.693	171.449	171.196	170.933	170.661	170.38	170.089	169.789	169.48	169.162	168.836	168.5	168.156	167.803	167.442	167.072	166.694	166.308	165.914	165.513	165.103	164.686	164.262	163.83	163.392	162.946	162.493	162.034	161.569	161.097	160.619	160.135	159.645	159.149	158.648	158.142	157.631	157.115	156.594	156.068	155.538	155.004	154.467	153.925	153.379	152.831	152.279	151.724	151.166	150.605	150.042	149.476	148.909	148.339	147.768	147.194	146.62	146.044	145.467	144.889	144.31	143.731	143.15	142.57	141.989	141.408	140.827	140.247	139.666	139.086	138.507	137.928	137.349	136.772	136.196	135.62	135.046	134.473	133.901	133.331	132.762	132.194	131.629	131.065	130.503	129.942	129.384	128.827	128.273	127.72	127.17	126.622	126.076	125.533	124.991	124.452	123.916	123.381	122.85	122.32	121.793	121.269	120.747	120.228	119.712	119.198	118.686	
119.173	119.69	120.211	120.734	121.26	121.789	122.32	122.854	123.391	123.93	124.471	125.015	125.562	126.111	126.663	127.216	127.773	128.331	128.892	129.454	130.019	130.586	131.156	131.727	132.299	132.874	133.451	134.029	134.608	135.19	135.772	136.356	136.941	137.528	138.115	138.703	139.292	139.882	140.473	141.064	141.655	142.247	142.838	143.43	144.021	144.612	145.203	145.793	146.382	146.97	147.557	148.143	148.728	149.31	149.891	150.471	151.047	151.622	152.194	152.764	153.33	153.894	154.454	155.011	155.564	156.113	156.658	157.2	157.736	158.268	158.795	159.318	159.835	160.347	160.853	161.353	161.848	162.336	162.818	163.294	163.763	164.226	164.681	165.129	165.57	166.004	166.43	166.848	167.259	167.661	168.056	168.442	168.819	169.189	169.549	169.901	170.244	170.578	170.902	171.218	171.524	171.821	172.109	172.387	172.655	172.914	173.162	173.401	173.63	173.85	174.059	174.257	174.446	174.625	174.793	174.951	175.099	175.236	175.363	175.479	175.585	175.68	175.765	175.839	175.903	175.956	175.999	176.031	176.052	176.062	176.062	176.052	176.031	175.999	175.956	175.903	175.839	175.765	175.68	175.585	175.479	175.363	175.236	175.099	174.951	174.793	174.625	174.446	174.257	174.059	173.85	173.63	173.401	173.162	172.914	172.655	172.387	172.109	171.821	171.524	171.218	170.902	170.578	170.244	169.901	169.549	169.189	168.819	168.442	168.056	167.661	167.259	166.848	166.43	166.004	165.57	165.129	164.681	164.226	163.763	163.294	162.818	162.336	161.848	161.353	160.853	160.347	159.835	159.318	158.795	158.268	157.736	157.2	156.658	156.113	155.564	155.011	154.454	153.894	153.33	152.764	152.194	151.622	151.047	150.471	149.891	149.31	148.728	148.143	147.557	146.97	146.382	145.793	145.203	144.612	144.021	143.43	142.838	142.247	141.655	141.064	140.473	139.882	139.292	138.703	138.115	137.528	136.941	136.356	135.772	135.19	134.608	134.029	133.451	132.874	132.299	131.727	131.156	130.586	130.019	129.454	128.892	128.331	127.773	127.216	126.663	126.111	125.562	125.015	124.471	123.93	123.391	122.854	122.32	121.789	121.26	120.734	120.211	119.69	119.173	
119.661	120.185	120.713	121.243	121.776	122.311	122.85	123.391	123.934	124.481	125.03	125.582	126.136	126.693	127.252	127.814	128.379	128.945	129.514	130.086	130.659	131.235	131.813	132.393	132.975	133.559	134.144	134.732	135.321	135.912	136.505	137.098	137.694	138.29	138.888	139.486	140.086	140.686	141.287	141.889	142.491	143.093	143.696	144.299	144.901	145.503	146.105	146.707	147.307	147.907	148.506	149.103	149.699	150.294	150.887	151.477	152.066	152.653	153.237	153.818	154.396	154.971	155.543	156.112	156.677	157.238	157.795	158.347	158.896	159.439	159.978	160.511	161.04	161.562	162.08	162.591	163.096	163.596	164.088	164.574	165.054	165.526	165.992	166.45	166.901	167.344	167.779	168.207	168.626	169.037	169.44	169.835	170.221	170.598	170.966	171.326	171.676	172.017	172.349	172.672	172.985	173.288	173.582	173.866	174.14	174.404	174.658	174.902	175.136	175.36	175.574	175.777	175.97	176.152	176.324	176.485	176.636	176.776	176.906	177.025	177.133	177.23	177.317	177.393	177.458	177.512	177.555	177.588	177.61	177.62	177.62	177.61	177.588	177.555	177.512	177.458	177.393	177.317	177.23	177.133	177.025	176.906	176.776	176.636	176.485	176.324	176.152	175.97	175.777	175.574	175.36	175.136	174.902	174.658	174.404	174.14	173.866	173.582	173.288	172.985	172.672	172.349	172.017	171.676	171.326	170.966	170.598	170.221	169.835	169.44	169.037	168.626	168.207	167.779	167.344	166.901	166.45	165.992	165.526	165.054	164.574	164.088	163.596	163.096	162.591	162.08	161.562	161.04	160.511	159.978	159.439	158.896	158.347	157.795	157.238	156.677	156.112	155.543	154.971	154.396	153.818	153.237	152.653	152.066	151.477	150.887	150.294	149.699	149.103	148.506	147.907	147.307	146.707	146.105	145.503	144.901	144.299	143.696	143.093	142.491	141.889	141.287	140.686	140.086	139.486	138.888	138.29	137.694	137.098	136.505	135.912	135.321	134.732	134.144	133.559	132.975	132.393	131.813	131.235	130.659	130.086	129.514	128.945	128.379	127.814	127.252	126.693	126.136	125.582	125.03	124.481	123.934	123.391	122.85	122.311	121.776	121.243	120.713	120.185	119.661	
120.151	120.682	121.216	121.753	122.293	122.836	123.381	123.93	124.481	125.035	125.592	126.151	126.713	127.278	127.846	128.416	128.988	129.563	130.141	130.721	131.303	131.888	132.475	133.064	133.655	134.248	134.844	135.441	136.04	136.641	137.243	137.847	138.452	139.059	139.667	140.276	140.886	141.497	142.109	142.722	143.335	143.949	144.563	145.177	145.791	146.404	147.018	147.631	148.243	148.855	149.465	150.075	150.683	151.289	151.894	152.497	153.098	153.697	154.293	154.886	155.477	156.064	156.648	157.229	157.806	158.379	158.948	159.512	160.072	160.628	161.178	161.723	162.263	162.797	163.326	163.848	164.365	164.875	165.379	165.876	166.366	166.848	167.324	167.792	168.253	168.706	169.151	169.588	170.017	170.437	170.849	171.252	171.647	172.032	172.409	172.776	173.134	173.483	173.822	174.151	174.471	174.781	175.081	175.371	175.651	175.921	176.181	176.43	176.669	176.898	177.116	177.324	177.521	177.707	177.883	178.047	178.201	178.344	178.477	178.598	178.709	178.808	178.897	178.974	179.04	179.096	179.14	179.173	179.196	179.207	179.207	179.196	179.173	179.14	179.096	179.04	178.974	178.897	178.808	178.709	178.598	178.477	178.344	178.201	178.047	177.883	177.707	177.521	177.324	177.116	176.898	176.669	176.43	176.181	175.921	175.651	175.371	175.081	174.781	174.471	174.151	173.822	173.483	173.134	172.776	172.409	172.032	171.647	171.252	170.849	170.437	170.017	169.588	169.151	168.706	168.253	167.792	167.324	166.848	166.366	165.876	165.379	164.875	164.365	163.848	163.326	162.797	162.263	161.723	161.178	160.628	160.072	159.512	158.948	158.379	157.806	157.229	156.648	156.064	155.477	154.886	154.293	153.697	153.098	152.497	151.894	151.289	150.683	150.075	149.465	148.855	148.243	147.631	147.018	146.404	145.791	145.177	144.563	143.949	143.335	142.722	142.109	141.497	140.886	140.276	139.667	139.059	138.452	137.847	137.243	136.641	136.04	135.441	134.844	134.248	133.655	133.064	132.475	131.888	131.303	130.721	130.141	129.563	128.988	128.416	127.846	127.278	126.713	126.151	125.592	125.035	124.481	123.93	123.381	122.836	122.293	121.753	121.216	120.682	120.151	
120.643	121.181	121.722	122.266	122.813	123.363	123.916	124.471	125.03	125.592	126.156	126.723	127.294	127.866	128.442	129.021	129.602	130.185	130.772	131.36	131.952	132.545	133.141	133.74	134.341	134.943	135.548	136.155	136.764	137.375	137.987	138.602	139.217	139.835	140.453	141.073	141.694	142.317	142.94	143.563	144.188	144.813	145.438	146.064	146.69	147.315	147.941	148.566	149.19	149.814	150.437	151.058	151.679	152.298	152.915	153.53	154.143	154.755	155.363	155.969	156.572	157.172	157.769	158.362	158.951	159.536	160.118	160.694	161.267	161.834	162.397	162.954	163.506	164.052	164.592	165.126	165.654	166.175	166.69	167.198	167.699	168.193	168.679	169.158	169.629	170.092	170.547	170.993	171.431	171.861	172.282	172.694	173.097	173.491	173.876	174.252	174.618	174.974	175.32	175.657	175.984	176.301	176.608	176.904	177.19	177.466	177.731	177.986	178.23	178.464	178.687	178.899	179.1	179.29	179.47	179.638	179.795	179.942	180.077	180.201	180.313	180.415	180.505	180.585	180.652	180.709	180.754	180.788	180.811	180.822	180.822	180.811	180.788	180.754	180.709	180.652	180.585	180.505	180.415	180.313	180.201	180.077	179.942	179.795	179.638	179.47	179.29	179.1	178.899	178.687	178.464	178.23	177.986	177.731	177.466	177.19	176.904	176.608	176.301	175.984	175.657	175.32	174.974	174.618	174.252	173.876	173.491	173.097	172.694	172.282	171.861	171.431	170.993	170.547	170.092	169.629	169.158	168.679	168.193	167.699	167.198	166.69	166.175	165.654	165.126	164.592	164.052	163.506	162.954	162.397	161.834	161.267	160.694	160.118	159.536	158.951	158.362	157.769	157.172	156.572	155.969	155.363	154.755	154.143	153.53	152.915	152.298	151.679	151.058	150.437	149.814	149.19	148.566	147.941	147.315	146.69	146.064	145.438	144.813	144.188	143.563	142.94	142.317	141.694	141.073	140.453	139.835	139.217	138.602	137.987	137.375	136.764	136.155	135.548	134.943	134.341	133.74	133.141	132.545	131.952	131.36	130.772	130.185	129.602	129.021	128.442	127.866	127.294	126.723	126.156	125.592	125.03	124.471	123.916	123.363	122.813	122.266	121.722	121.181	120.643	
121.137	121.682	122.23	122.781	123.335	123.892	124.452	125.015	125.582	126.151	126.723	127.299	127.877	128.458	129.042	129.629	130.219	130.811	131.406	132.004	132.604	133.207	133.813	134.42	135.031	135.643	136.258	136.875	137.494	138.115	138.738	139.363	139.989	140.617	141.247	141.878	142.51	143.143	143.778	144.413	145.049	145.686	146.323	146.961	147.599	148.236	148.874	149.511	150.148	150.784	151.42	152.054	152.687	153.318	153.948	154.577	155.203	155.827	156.448	157.067	157.683	158.295	158.905	159.511	160.113	160.711	161.305	161.894	162.479	163.059	163.634	164.204	164.768	165.326	165.878	166.424	166.964	167.497	168.023	168.543	169.055	169.56	170.057	170.546	171.028	171.501	171.966	172.423	172.871	173.31	173.741	174.162	174.574	174.977	175.37	175.754	176.128	176.492	176.846	177.19	177.524	177.848	178.162	178.465	178.757	179.039	179.31	179.57	179.82	180.059	180.286	180.503	180.708	180.903	181.086	181.258	181.419	181.568	181.706	181.833	181.948	182.052	182.144	182.225	182.294	182.352	182.398	182.433	182.456	182.468	182.468	182.456	182.433	182.398	182.352	182.294	182.225	182.144	182.052	181.948	181.833	181.706	181.568	181.419	181.258	181.086	180.903	180.708	180.503	180.286	180.059	179.82	179.57	179.31	179.039	178.757	178.465	178.162	177.848	177.524	177.19	176.846	176.492	176.128	175.754	175.37	174.977	174.574	174.162	173.741	173.31	172.871	172.423	171.966	171.501	171.028	170.546	170.057	169.56	169.055	168.543	168.023	167.497	166.964	166.424	165.878	165.326	164.768	164.204	163.634	163.059	162.479	161.894	161.305	160.711	160.113	159.511	158.905	158.295	157.683	157.067	156.448	155.827	155.203	154.577	153.948	153.318	152.687	152.054	151.42	150.784	150.148	149.511	148.874	148.236	147.599	146.961	146.323	145.686	145.049	144.413	143.778	143.143	142.51	141.878	141.247	140.617	139.989	139.363	138.738	138.115	137.494	136.875	136.258	135.643	135.031	134.42	133.813	133.207	132.604	132.004	131.406	130.811	130.219	129.629	129.042	128.458	127.877	127.299	126.723	126.151	125.582	125.015	124.452	123.892	123.335	122.781	122.23	121.682	121.137	
121.633	122.185	122.74	123.298	123.859	124.423	124.991	125.562	126.136	126.713	127.294	127.877	128.463	129.053	129.645	130.241	130.839	131.44	132.044	132.651	133.261	133.873	134.488	135.106	135.726	136.348	136.973	137.6	138.23	138.861	139.495	140.13	140.768	141.407	142.047	142.69	143.333	143.978	144.624	145.271	145.919	146.568	147.218	147.867	148.517	149.168	149.818	150.468	151.117	151.766	152.414	153.061	153.707	154.352	154.995	155.637	156.276	156.913	157.548	158.18	158.809	159.435	160.057	160.677	161.292	161.903	162.51	163.113	163.711	164.304	164.891	165.473	166.05	166.621	167.186	167.744	168.296	168.841	169.379	169.91	170.434	170.95	171.458	171.959	172.451	172.935	173.411	173.878	174.336	174.785	175.225	175.656	176.077	176.489	176.891	177.283	177.666	178.038	178.4	178.752	179.093	179.424	179.744	180.054	180.353	180.641	180.918	181.184	181.439	181.683	181.916	182.137	182.347	182.546	182.733	182.908	183.073	183.225	183.366	183.496	183.613	183.719	183.814	183.896	183.967	184.026	184.073	184.109	184.132	184.144	184.144	184.132	184.109	184.073	184.026	183.967	183.896	183.814	183.719	183.613	183.496	183.366	183.225	183.073	182.908	182.733	182.546	182.347	182.137	181.916	181.683	181.439	181.184	180.918	180.641	180.353	180.054	179.744	179.424	179.093	178.752	178.4	178.038	177.666	177.283	176.891	176.489	176.077	175.656	175.225	174.785	174.336	173.878	173.411	172.935	172.451	171.959	171.458	170.95	170.434	169.91	169.379	168.841	168.296	167.744	167.186	166.621	166.05	165.473	164.891	164.304	163.711	163.113	162.51	161.903	161.292	160.677	160.057	159.435	158.809	158.18	157.548	156.913	156.276	155.637	154.995	154.352	153.707	153.061	152.414	151.766	151.117	150.468	149.818	149.168	148.517	147.867	147.218	146.568	145.919	145.271	144.624	143.978	143.333	142.69	142.047	141.407	140.768	140.13	139.495	138.861	138.23	137.6	136.973	136.348	135.726	135.106	134.488	133.873	133.261	132.651	132.044	131.44	130.839	130.241	129.645	129.053	128.463	127.877	127.294	126.713	126.136	125.562	124.991	124.423	123.859	123.298	122.74	122.185	121.633	
122.131	122.689	123.251	123.817	124.385	124.957	125.533	126.111	126.693	127.278	127.866	128.458	129.053	129.651	130.252	130.856	131.463	132.074	132.687	133.303	133.922	134.544	135.169	135.796	136.426	137.059	137.694	138.331	138.971	139.613	140.258	140.904	141.553	142.203	142.855	143.509	144.164	144.821	145.479	146.138	146.798	147.459	148.121	148.783	149.446	150.109	150.772	151.435	152.098	152.76	153.421	154.082	154.741	155.399	156.056	156.711	157.363	158.014	158.662	159.308	159.951	160.591	161.227	161.86	162.489	163.113	163.734	164.35	164.961	165.567	166.168	166.764	167.353	167.937	168.514	169.085	169.65	170.207	170.758	171.301	171.836	172.364	172.884	173.396	173.899	174.394	174.881	175.358	175.827	176.286	176.736	177.177	177.607	178.028	178.44	178.841	179.232	179.612	179.982	180.342	180.691	181.029	181.357	181.673	181.979	182.273	182.556	182.828	183.089	183.338	183.575	183.802	184.016	184.219	184.41	184.59	184.758	184.914	185.058	185.19	185.31	185.418	185.515	185.599	185.671	185.732	185.78	185.816	185.84	185.852	185.852	185.84	185.816	185.78	185.732	185.671	185.599	185.515	185.418	185.31	185.19	185.058	184.914	184.758	184.59	184.41	184.219	184.016	183.802	183.575	183.338	183.089	182.828	182.556	182.273	181.979	181.673	181.357	181.029	180.691	180.342	179.982	179.612	179.232	178.841	178.44	178.028	177.607	177.177	176.736	176.286	175.827	175.358	174.881	174.394	173.899	173.396	172.884	172.364	171.836	171.301	170.758	170.207	169.65	169.085	168.514	167.937	167.353	166.764	166.168	165.567	164.961	164.35	163.734	163.113	162.489	161.86	161.227	160.591	159.951	159.308	158.662	158.014	157.363	156.711	156.056	155.399	154.741	154.082	153.421	152.76	152.098	151.435	150.772	150.109	149.446	148.783	148.121	147.459	146.798	146.138	145.479	144.821	144.164	143.509	142.855	142.203	141.553	140.904	140.258	139.613	138.971	138.331	137.694	137.059	136.426	135.796	135.169	134.544	133.922	133.303	132.687	132.074	131.463	130.856	130.252	129.651	129.053	128.458	127.866	127.278	126.693	126.111	125.533	124.957	124.385	123.817	123.251	122.689	122.131	
122.63	123.196	123.765	124.338	124.914	125.493	126.076	126.663	127.252	127.846	128.442	129.042	129.645	130.252	130.862	131.475	132.091	132.71	133.333	133.959	134.587	135.219	135.853	136.491	137.131	137.774	138.419	139.068	139.718	140.371	141.027	141.684	142.344	143.006	143.67	144.335	145.003	145.671	146.342	147.013	147.686	148.36	149.034	149.709	150.385	151.061	151.737	152.414	153.09	153.765	154.44	155.114	155.788	156.459	157.13	157.799	158.466	159.13	159.793	160.452	161.109	161.763	162.413	163.06	163.703	164.342	164.976	165.606	166.231	166.851	167.466	168.074	168.678	169.275	169.865	170.449	171.027	171.597	172.16	172.715	173.263	173.803	174.335	174.859	175.374	175.88	176.377	176.866	177.345	177.815	178.275	178.725	179.166	179.596	180.017	180.427	180.827	181.216	181.594	181.962	182.319	182.665	182.999	183.323	183.635	183.936	184.225	184.503	184.769	185.024	185.267	185.498	185.717	185.925	186.12	186.304	186.475	186.634	186.781	186.916	187.039	187.15	187.248	187.335	187.408	187.47	187.519	187.556	187.581	187.593	187.593	187.581	187.556	187.519	187.47	187.408	187.335	187.248	187.15	187.039	186.916	186.781	186.634	186.475	186.304	186.12	185.925	185.717	185.498	185.267	185.024	184.769	184.503	184.225	183.936	183.635	183.323	182.999	182.665	182.319	181.962	181.594	181.216	180.827	180.427	180.017	179.596	179.166	178.725	178.275	177.815	177.345	176.866	176.377	175.88	175.374	174.859	174.335	173.803	173.263	172.715	172.16	171.597	171.027	170.449	169.865	169.275	168.678	168.074	167.466	166.851	166.231	165.606	164.976	164.342	163.703	163.06	162.413	161.763	161.109	160.452	159.793	159.13	158.466	157.799	157.13	156.459	155.788	155.114	154.44	153.765	153.09	152.414	151.737	151.061	150.385	149.709	149.034	148.36	147.686	147.013	146.342	145.671	145.003	144.335	143.67	143.006	142.344	141.684	141.027	140.371	139.718	139.068	138.419	137.774	137.131	136.491	135.853	135.219	134.587	133.959	133.333	132.71	132.091	131.475	130.862	130.252	129.645	129.042	128.442	127.846	127.252	126.663	126.076	125.493	124.914	124.338	123.765	123.196	122.63	
123.131	123.704	124.28	124.86	125.444	126.031	126.622	127.216	127.814	128.416	129.021	129.629	130.241	130.856	131.475	132.097	132.722	133.351	133.983	134.618	135.256	135.898	136.543	137.19	137.841	138.494	139.15	139.809	140.471	141.135	141.802	142.471	143.143	143.816	144.492	145.169	145.849	146.53	147.213	147.897	148.583	149.269	149.957	150.645	151.334	152.024	152.714	153.404	154.093	154.783	155.472	156.16	156.847	157.534	158.218	158.901	159.583	160.262	160.939	161.613	162.284	162.952	163.617	164.279	164.936	165.589	166.238	166.882	167.521	168.155	168.784	169.407	170.024	170.635	171.239	171.836	172.427	173.01	173.586	174.155	174.715	175.268	175.812	176.347	176.874	177.392	177.901	178.401	178.891	179.371	179.842	180.303	180.753	181.194	181.624	182.043	182.452	182.85	183.237	183.613	183.977	184.331	184.673	185.004	185.323	185.63	185.926	186.21	186.482	186.743	186.991	187.227	187.451	187.663	187.863	188.05	188.225	188.388	188.538	188.676	188.802	188.915	189.016	189.104	189.179	189.242	189.292	189.33	189.355	189.368	189.368	189.355	189.33	189.292	189.242	189.179	189.104	189.016	188.915	188.802	188.676	188.538	188.388	188.225	188.05	187.863	187.663	187.451	187.227	186.991	186.743	186.482	186.21	185.926	185.63	185.323	185.004	184.673	184.331	183.977	183.613	183.237	182.85	182.452	182.043	181.624	181.194	180.753	180.303	179.842	179.371	178.891	178.401	177.901	177.392	176.874	176.347	175.812	175.268	174.715	174.155	173.586	173.01	172.427	171.836	171.239	170.635	170.024	169.407	168.784	168.155	167.521	166.882	166.238	165.589	164.936	164.279	163.617	162.952	162.284	161.613	160.939	160.262	159.583	158.901	158.218	157.534	156.847	156.16	155.472	154.783	154.093	153.404	152.714	152.024	151.334	150.645	149.957	149.269	148.583	147.897	147.213	146.53	145.849	145.169	144.492	143.816	143.143	142.471	141.802	141.135	140.471	139.809	139.15	138.494	137.841	137.19	136.543	135.898	135.256	134.618	133.983	133.351	132.722	132.097	131.475	130.856	130.241	129.629	129.021	128.416	127.814	127.216	126.622	126.031	125.444	124.86	124.28	123.704	123.131	
123.634	124.214	124.798	125.385	125.977	126.571	127.17	127.773	128.379	128.988	129.602	130.219	130.839	131.463	132.091	132.722	133.357	133.995	134.637	135.282	135.93	136.582	137.236	137.894	138.555	139.22	139.887	140.557	141.23	141.905	142.584	143.264	143.948	144.633	145.321	146.011	146.703	147.397	148.093	148.79	149.488	150.188	150.889	151.591	152.294	152.997	153.701	154.405	155.109	155.813	156.516	157.219	157.921	158.622	159.321	160.019	160.715	161.409	162.101	162.79	163.476	164.16	164.839	165.516	166.188	166.856	167.52	168.178	168.832	169.481	170.124	170.761	171.393	172.017	172.636	173.247	173.852	174.449	175.038	175.619	176.193	176.758	177.315	177.863	178.402	178.932	179.453	179.964	180.465	180.957	181.438	181.91	182.371	182.821	183.261	183.69	184.108	184.515	184.91	185.295	185.668	186.029	186.379	186.717	187.043	187.358	187.66	187.951	188.229	188.495	188.748	188.99	189.219	189.435	189.639	189.831	190.01	190.176	190.33	190.471	190.599	190.715	190.817	190.907	190.984	191.049	191.1	191.139	191.164	191.177	191.177	191.164	191.139	191.1	191.049	190.984	190.907	190.817	190.715	190.599	190.471	190.33	190.176	190.01	189.831	189.639	189.435	189.219	188.99	188.748	188.495	188.229	187.951	187.66	187.358	187.043	186.717	186.379	186.029	185.668	185.295	184.91	184.515	184.108	183.69	183.261	182.821	182.371	181.91	181.438	180.957	180.465	179.964	179.453	178.932	178.402	177.863	177.315	176.758	176.193	175.619	175.038	174.449	173.852	173.247	172.636	172.017	171.393	170.761	170.124	169.481	168.832	168.178	167.52	166.856	166.188	165.516	164.839	164.16	163.476	162.79	162.101	161.409	160.715	160.019	159.321	158.622	157.921	157.219	156.516	155.813	155.109	154.405	153.701	152.997	152.294	151.591	150.889	150.188	149.488	148.79	148.093	147.397	146.703	146.011	145.321	144.633	143.948	143.264	142.584	141.905	141.23	140.557	139.887	139.22	138.555	137.894	137.236	136.582	135.93	135.282	134.637	133.995	133.357	132.722	132.091	131.463	130.839	130.219	129.602	128.988	128.379	127.773	127.17	126.571	125.977	125.385	124.798	124.214	123.634	
124.138	124.725	125.317	125.912	126.511	127.114	127.72	128.331	128.945	129.563	130.185	130.811	131.44	132.074	132.71	133.351	133.995	134.643	135.294	135.949	136.608	137.269	137.935	138.603	139.275	139.95	140.628	141.31	141.994	142.681	143.371	144.064	144.759	145.457	146.158	146.86	147.565	148.272	148.981	149.691	150.403	151.117	151.831	152.547	153.264	153.982	154.7	155.418	156.137	156.855	157.573	158.291	159.008	159.724	160.439	161.152	161.863	162.572	163.28	163.984	164.686	165.385	166.08	166.771	167.459	168.142	168.821	169.496	170.165	170.828	171.486	172.139	172.785	173.424	174.057	174.683	175.301	175.912	176.515	177.111	177.697	178.276	178.846	179.407	179.958	180.501	181.033	181.556	182.069	182.572	183.065	183.547	184.019	184.48	184.929	185.368	185.796	186.212	186.616	187.01	187.391	187.761	188.118	188.464	188.798	189.119	189.428	189.725	190.009	190.281	190.54	190.787	191.021	191.243	191.451	191.647	191.83	192	192.157	192.301	192.432	192.55	192.655	192.746	192.825	192.891	192.943	192.983	193.009	193.022	193.022	193.009	192.983	192.943	192.891	192.825	192.746	192.655	192.55	192.432	192.301	192.157	192	191.83	191.647	191.451	191.243	191.021	190.787	190.54	190.281	190.009	189.725	189.428	189.119	188.798	188.464	188.118	187.761	187.391	187.01	186.616	186.212	185.796	185.368	184.929	184.48	184.019	183.547	183.065	182.572	182.069	181.556	181.033	180.501	179.958	179.407	178.846	178.276	177.697	177.111	176.515	175.912	175.301	174.683	174.057	173.424	172.785	172.139	171.486	170.828	170.165	169.496	168.821	168.142	167.459	166.771	166.08	165.385	164.686	163.984	163.28	162.572	161.863	161.152	160.439	159.724	159.008	158.291	157.573	156.855	156.137	155.418	154.7	153.982	153.264	152.547	151.831	151.117	150.403	149.691	148.981	148.272	147.565	146.86	146.158	145.457	144.759	144.064	143.371	142.681	141.994	141.31	140.628	139.95	139.275	138.603	137.935	137.269	136.608	135.949	135.294	134.643	133.995	133.351	132.71	132.074	131.44	130.811	130.185	129.563	128.945	128.331	127.72	127.114	126.511	125.912	125.317	124.725	124.138	
124.644	125.239	125.837	126.44	127.047	127.658	128.273	128.892	129.514	130.141	130.772	131.406	132.044	132.687	133.333	133.983	134.637	135.294	135.956	136.621	137.289	137.962	138.637	139.317	140	140.686	141.375	142.068	142.764	143.463	144.165	144.87	145.578	146.289	147.002	147.717	148.435	149.155	149.877	150.601	151.327	152.055	152.784	153.514	154.245	154.977	155.71	156.443	157.177	157.91	158.644	159.377	160.109	160.841	161.571	162.3	163.027	163.752	164.475	165.196	165.913	166.628	167.339	168.047	168.75	169.449	170.144	170.834	171.519	172.198	172.872	173.539	174.2	174.855	175.503	176.143	176.776	177.402	178.019	178.629	179.229	179.822	180.405	180.979	181.543	182.099	182.644	183.179	183.704	184.219	184.723	185.216	185.699	186.17	186.63	187.079	187.516	187.942	188.356	188.758	189.148	189.526	189.892	190.245	190.586	190.915	191.231	191.534	191.825	192.103	192.368	192.62	192.859	193.086	193.299	193.499	193.686	193.859	194.02	194.167	194.301	194.421	194.529	194.622	194.703	194.77	194.824	194.864	194.891	194.904	194.904	194.891	194.864	194.824	194.77	194.703	194.622	194.529	194.421	194.301	194.167	194.02	193.859	193.686	193.499	193.299	193.086	192.859	192.62	192.368	192.103	191.825	191.534	191.231	190.915	190.586	190.245	189.892	189.526	189.148	188.758	188.356	187.942	187.516	187.079	186.63	186.17	185.699	185.216	184.723	184.219	183.704	183.179	182.644	182.099	181.543	180.979	180.405	179.822	179.229	178.629	178.019	177.402	176.776	176.143	175.503	174.855	174.2	173.539	172.872	172.198	171.519	170.834	170.144	169.449	168.75	168.047	167.339	166.628	165.913	165.196	164.475	163.752	163.027	162.3	161.571	160.841	160.109	159.377	158.644	157.91	157.177	156.443	155.71	154.977	154.245	153.514	152.784	152.055	151.327	150.601	149.877	149.155	148.435	147.717	147.002	146.289	145.578	144.87	144.165	143.463	142.764	142.068	141.375	140.686	140	139.317	138.637	137.962	137.289	136.621	135.956	135.294	134.637	133.983	133.333	132.687	132.044	131.406	130.772	130.141	129.514	128.892	128.273	127.658	127.047	126.44	125.837	125.239	124.644	
