116.885	118.464	120.065	121.687	123.33	124.992	126.67	128.364	130.071	131.789	133.514	135.244	136.975	138.704	140.426	142.138	143.833	145.509	147.158	148.777	150.359	151.9	153.394	154.835	156.219	157.541	158.795	159.978	161.085	162.113	163.058	163.917	164.688	165.367	165.953	166.444	166.838	167.135	167.333	167.433	167.433	167.333	167.135	166.838	166.444	165.953	165.367	164.688	163.917	163.058	162.113	161.085	159.978	158.795	157.541	156.219	154.835	153.394	151.9	150.359	148.777	147.158	145.509	143.833	142.138	140.426	138.704	136.975	135.244	133.514	131.789	130.071	128.364	126.67	124.992	123.33	121.687	120.065	118.464	116.885	
118.464	120.11	121.782	123.478	125.197	126.939	128.7	130.481	132.277	134.088	135.909	137.738	139.571	141.403	143.231	145.05	146.855	148.639	150.398	152.126	153.816	155.463	157.061	158.603	160.085	161.5	162.843	164.11	165.296	166.397	167.408	168.328	169.153	169.88	170.507	171.032	171.454	171.772	171.984	172.09	172.09	171.984	171.772	171.454	171.032	170.507	169.88	169.153	168.328	167.408	166.397	165.296	164.11	162.843	161.5	160.085	158.603	157.061	155.463	153.816	152.126	150.398	148.639	146.855	145.05	143.231	141.403	139.571	137.738	135.909	134.088	132.277	130.481	128.7	126.939	125.197	123.478	121.782	120.11	118.464	
120.065	121.782	123.527	125.3	127.101	128.926	130.776	132.649	134.541	136.45	138.374	140.309	142.251	144.196	146.139	148.075	149.997	151.901	153.78	155.627	157.435	159.199	160.91	162.564	164.152	165.669	167.11	168.468	169.74	170.92	172.005	172.991	173.874	174.653	175.325	175.887	176.339	176.679	176.906	177.02	177.02	176.906	176.679	176.339	175.887	175.325	174.653	173.874	172.991	172.005	170.92	169.74	168.468	167.11	165.669	164.152	162.564	160.91	159.199	157.435	155.627	153.78	151.901	149.997	148.075	146.139	144.196	142.251	140.309	138.374	136.45	134.541	132.649	130.776	128.926	127.101	125.3	123.527	121.782	120.065	
121.687	123.478	125.3	127.155	129.04	130.955	132.898	134.868	136.862	138.877	140.912	142.961	145.021	147.087	149.154	151.217	153.269	155.303	157.313	159.291	161.229	163.121	164.957	166.732	168.438	170.067	171.614	173.073	174.439	175.706	176.87	177.927	178.875	179.71	180.43	181.033	181.517	181.882	182.125	182.247	182.247	182.125	181.882	181.517	181.033	180.43	179.71	178.875	177.927	176.87	175.706	174.439	173.073	171.614	170.067	168.438	166.732	164.957	163.121	161.229	159.291	157.313	155.303	153.269	151.217	149.154	147.087	145.021	142.961	140.912	138.877	136.862	134.868	132.898	130.955	129.04	127.155	125.3	123.478	121.687	
123.33	125.197	127.101	129.04	131.015	133.024	135.066	137.139	139.241	141.37	143.522	145.694	147.882	150.08	152.283	154.484	156.677	158.855	161.009	163.131	165.212	167.245	169.22	171.128	172.963	174.716	176.38	177.949	179.417	180.779	182.03	183.165	184.183	185.079	185.851	186.498	187.017	187.407	187.668	187.798	187.798	187.668	187.407	187.017	186.498	185.851	185.079	184.183	183.165	182.03	180.779	179.417	177.949	176.38	174.716	172.963	171.128	169.22	167.245	165.212	163.131	161.009	158.855	156.677	154.484	152.283	150.08	147.882	145.694	143.522	141.37	139.241	137.139	135.066	133.024	131.015	129.04	127.101	125.197	123.33	
124.992	126.939	128.926	130.955	133.024	135.132	137.278	139.462	141.679	143.929	146.209	148.513	150.838	153.179	155.53	157.883	160.231	162.566	164.879	167.16	169.4	171.589	173.717	175.774	177.751	179.64	181.433	183.123	184.704	186.169	187.514	188.735	189.828	190.79	191.619	192.313	192.87	193.288	193.568	193.708	193.708	193.568	193.288	192.87	192.313	191.619	190.79	189.828	188.735	187.514	186.169	184.704	183.123	181.433	179.64	177.751	175.774	173.717	171.589	169.4	167.16	164.879	162.566	160.231	157.883	155.53	153.179	150.838	148.513	146.209	143.929	141.679	139.462	137.278	135.132	133.024	130.955	128.926	126.939	124.992	
126.67	128.7	130.776	132.898	135.066	137.278	139.535	141.835	144.176	146.556	148.971	151.419	153.893	156.39	158.901	161.421	163.94	166.449	168.938	171.396	173.812	176.174	178.472	180.693	182.829	184.869	186.804	188.627	190.331	191.909	193.358	194.671	195.846	196.88	197.771	198.515	199.113	199.562	199.862	200.012	200.012	199.862	199.562	199.113	198.515	197.771	196.88	195.846	194.671	193.358	191.909	190.331	188.627	186.804	184.869	182.829	180.693	178.472	176.174	173.812	171.396	168.938	166.449	163.94	161.421	158.901	156.39	153.893	151.419	148.971	146.556	144.176	141.835	139.535	137.278	135.066	132.898	130.776	128.7	126.67	
128.364	130.481	132.649	134.868	137.139	139.462	141.835	144.259	146.731	149.249	151.811	154.413	157.049	159.715	162.404	165.107	167.815	170.517	173.202	175.857	178.469	181.025	183.512	185.917	188.229	190.436	192.528	194.498	196.337	198.04	199.6	201.015	202.279	203.391	204.347	205.147	205.788	206.27	206.591	206.752	206.752	206.591	206.27	205.788	205.147	204.347	203.391	202.279	201.015	199.6	198.04	196.337	194.498	192.528	190.436	188.229	185.917	183.512	181.025	178.469	175.857	173.202	170.517	167.815	165.107	162.404	159.715	157.049	154.413	151.811	149.249	146.731	144.259	141.835	139.462	137.139	134.868	132.649	130.481	128.364	
130.071	132.277	134.541	136.862	139.241	141.679	144.176	146.731	149.342	152.009	154.728	157.496	160.309	163.161	166.044	168.949	171.866	174.784	177.688	180.564	183.397	186.17	188.87	191.48	193.988	196.381	198.648	200.779	202.768	204.606	206.29	207.814	209.175	210.371	211.399	212.257	212.945	213.462	213.807	213.98	213.98	213.807	213.462	212.945	212.257	211.399	210.371	209.175	207.814	206.29	204.606	202.768	200.779	198.648	196.381	193.988	191.48	188.87	186.17	183.397	180.564	177.688	174.784	171.866	168.949	166.044	163.161	160.309	157.496	154.728	152.009	149.342	146.731	144.176	141.679	139.241	136.862	134.541	132.277	130.071	
131.789	134.088	136.45	138.877	141.37	143.929	146.556	149.249	152.009	154.834	157.722	160.671	163.675	166.73	169.827	172.956	176.107	179.266	182.416	185.542	188.624	191.644	194.583	197.425	200.153	202.754	205.214	207.525	209.677	211.665	213.482	215.125	216.591	217.877	218.982	219.904	220.642	221.197	221.567	221.752	221.752	221.567	221.197	220.642	219.904	218.982	217.877	216.591	215.125	213.482	211.665	209.677	207.525	205.214	202.754	200.153	197.425	194.583	191.644	188.624	185.542	182.416	179.266	176.107	172.956	169.827	166.73	163.675	160.671	157.722	154.834	152.009	149.249	146.556	143.929	141.37	138.877	136.45	134.088	131.789	
133.514	135.909	138.374	140.912	143.522	146.209	148.971	151.811	154.728	157.722	160.792	163.936	167.149	170.425	173.759	177.138	180.551	183.981	187.411	190.821	194.187	197.487	200.7	203.803	206.78	209.613	212.289	214.798	217.131	219.281	221.245	223.017	224.596	225.979	227.166	228.156	228.949	229.543	229.94	230.138	230.138	229.94	229.543	228.949	228.156	227.166	225.979	224.596	223.017	221.245	219.281	217.131	214.798	212.289	209.613	206.78	203.803	200.7	197.487	194.187	190.821	187.411	183.981	180.551	177.138	173.759	170.425	167.149	163.936	160.792	157.722	154.728	151.811	148.971	146.209	143.522	140.912	138.374	135.909	133.514	
135.244	137.738	140.309	142.961	145.694	148.513	151.419	154.413	157.496	160.671	163.936	167.289	170.729	174.25	177.845	181.503	185.211	188.951	192.701	196.436	200.129	203.752	207.277	210.68	213.938	217.032	219.95	222.678	225.21	227.539	229.66	231.572	233.272	234.761	236.036	237.098	237.948	238.585	239.01	239.222	239.222	239.01	238.585	237.948	237.098	236.036	234.761	233.272	231.572	229.66	227.539	225.21	222.678	219.95	217.032	213.938	210.68	207.277	203.752	200.129	196.436	192.701	188.951	185.211	181.503	177.845	174.25	170.729	167.289	163.936	160.671	157.496	154.413	151.419	148.513	145.694	142.961	140.309	137.738	135.244	
136.975	139.571	142.251	145.021	147.882	150.838	153.893	157.049	160.309	163.675	167.149	170.729	174.416	178.205	182.09	186.062	190.104	194.198	198.317	202.431	206.505	210.503	214.391	218.137	221.716	225.106	228.293	231.265	234.015	236.538	238.832	240.894	242.725	244.325	245.694	246.833	247.744	248.426	248.88	249.107	249.107	248.88	248.426	247.744	246.833	245.694	244.325	242.725	240.894	238.832	236.538	234.015	231.265	228.293	225.106	221.716	218.137	214.391	210.503	206.505	202.431	198.317	194.198	190.104	186.062	182.09	178.205	174.416	170.729	167.149	163.675	160.309	157.049	153.893	150.838	147.882	145.021	142.251	139.571	136.975	
138.704	141.403	144.196	147.087	150.08	153.179	156.39	159.715	163.161	166.73	170.425	174.25	178.205	182.289	186.497	190.82	195.245	199.748	204.299	208.86	213.384	217.826	222.139	226.285	230.232	233.957	237.446	240.688	243.677	246.411	248.89	251.114	253.084	254.803	256.271	257.492	258.466	259.195	259.681	259.924	259.924	259.681	259.195	258.466	257.492	256.271	254.803	253.084	251.114	248.89	246.411	243.677	240.688	237.446	233.957	230.232	226.285	222.139	217.826	213.384	208.86	204.299	199.748	195.245	190.82	186.497	182.289	178.205	174.25	170.425	166.73	163.161	159.715	156.39	153.179	150.08	147.087	144.196	141.403	138.704	
140.426	143.231	146.139	149.154	152.283	155.53	158.901	162.404	166.044	169.827	173.759	177.845	182.09	186.497	191.064	195.785	200.649	205.631	210.695	215.793	220.862	225.837	230.657	235.271	239.643	243.749	247.575	251.115	254.366	257.329	260.007	262.403	264.522	266.365	267.939	269.245	270.286	271.065	271.583	271.842	271.842	271.583	271.065	270.286	269.245	267.939	266.365	264.522	262.403	260.007	257.329	254.366	251.115	247.575	243.749	239.643	235.271	230.657	225.837	220.862	215.793	210.695	205.631	200.649	195.785	191.064	186.497	182.09	177.845	173.759	169.827	166.044	162.404	158.901	155.53	152.283	149.154	146.139	143.231	140.426	
142.138	145.05	148.075	151.217	154.484	157.883	161.421	165.107	168.949	172.956	177.138	181.503	186.062	190.82	195.785	200.957	206.327	211.876	217.563	223.323	229.068	234.702	240.137	245.308	250.173	254.712	258.915	262.783	266.318	269.527	272.417	274.996	277.27	279.246	280.929	282.323	283.434	284.265	284.817	285.093	285.093	284.817	284.265	283.434	282.323	280.929	279.246	277.27	274.996	272.417	269.527	266.318	262.783	258.915	254.712	250.173	245.308	240.137	234.702	229.068	223.323	217.563	211.876	206.327	200.957	195.785	190.82	186.062	181.503	177.138	172.956	168.949	165.107	161.421	157.883	154.484	151.217	148.075	145.05	142.138	
143.833	146.855	149.997	153.269	156.677	160.231	163.94	167.815	171.866	176.107	180.551	185.211	190.104	195.245	200.649	206.327	212.286	218.515	224.974	231.58	238.2	244.677	250.877	256.718	262.158	267.186	271.808	276.032	279.873	283.344	286.459	289.23	291.667	293.78	295.576	297.063	298.247	299.13	299.718	300.011	300.011	299.718	299.13	298.247	297.063	295.576	293.78	291.667	289.23	286.459	283.344	279.873	276.032	271.808	267.186	262.158	256.718	250.877	244.677	238.2	231.58	224.974	218.515	212.286	206.327	200.649	195.245	190.104	185.211	180.551	176.107	171.866	167.815	163.94	160.231	156.677	153.269	149.997	146.855	143.833	
145.509	148.639	151.901	155.303	158.855	162.566	166.449	170.517	174.784	179.266	183.981	188.951	194.198	199.748	205.631	211.876	218.515	225.564	233.009	240.757	248.585	256.2	263.38	270.031	276.137	281.715	286.795	291.404	295.57	299.318	302.668	305.638	308.244	310.499	312.412	313.994	315.251	316.19	316.813	317.124	317.124	316.813	316.19	315.251	313.994	312.412	310.499	308.244	305.638	302.668	299.318	295.57	291.404	286.795	281.715	276.137	270.031	263.38	256.2	248.585	240.757	233.009	225.564	218.515	211.876	205.631	199.748	194.198	188.951	183.981	179.266	174.784	170.517	166.449	162.566	158.855	155.303	151.901	148.639	145.509	
147.158	150.398	153.78	157.313	161.009	164.879	168.938	173.202	177.688	182.416	187.411	192.701	198.317	204.299	210.695	217.563	224.974	233.009	241.747	251.165	260.878	270.16	278.626	286.253	293.118	299.302	304.874	309.891	314.398	318.433	322.026	325.202	327.981	330.38	332.413	334.091	335.424	336.418	337.077	337.406	337.406	337.077	336.418	335.424	334.091	332.413	330.38	327.981	325.202	322.026	318.433	314.398	309.891	304.874	299.302	293.118	286.253	278.626	270.16	260.878	251.165	241.747	233.009	224.974	217.563	210.695	204.299	198.317	192.701	187.411	182.416	177.688	173.202	168.938	164.879	161.009	157.313	153.78	150.398	147.158	
148.777	152.126	155.627	159.291	163.131	167.16	171.396	175.857	180.564	185.542	190.821	196.436	202.431	208.86	215.793	223.323	231.58	240.757	251.165	263.342	277.058	289.095	299.225	307.983	315.681	322.51	328.599	334.038	338.897	343.226	347.066	350.451	353.405	355.951	358.105	359.88	361.289	362.338	363.035	363.382	363.382	363.035	362.338	361.289	359.88	358.105	355.951	353.405	350.451	347.066	343.226	338.897	334.038	328.599	322.51	315.681	307.983	299.225	289.095	277.058	263.342	251.165	240.757	231.58	223.323	215.793	208.86	202.431	196.436	190.821	185.542	180.564	175.857	171.396	167.16	163.131	159.291	155.627	152.126	148.777	
150.359	153.816	157.435	161.229	165.212	169.4	173.812	178.469	183.397	188.624	194.187	200.129	206.505	213.384	220.862	229.068	238.2	248.585	260.878	277.058	304.672	320.71	332.717	342.675	351.234	358.723	365.336	371.202	376.414	381.038	385.127	388.721	391.851	394.544	396.818	398.691	400.176	401.281	402.014	402.379	402.379	402.014	401.281	400.176	398.691	396.818	394.544	391.851	388.721	385.127	381.038	376.414	371.202	365.336	358.723	351.234	342.675	332.717	320.71	304.672	277.058	260.878	248.585	238.2	229.068	220.862	213.384	206.505	200.129	194.187	188.624	183.397	178.469	173.812	169.4	165.212	161.229	157.435	153.816	150.359	
151.9	155.463	159.199	163.121	167.245	171.589	176.174	181.025	186.17	191.644	197.487	203.752	210.503	217.826	225.837	234.702	244.677	256.2	270.16	289.095	320.71	339.499	353.168	364.253	373.643	381.774	388.901	395.188	400.748	405.664	409.999	413.8	417.104	419.941	422.335	424.305	425.864	427.024	427.794	428.177	428.177	427.794	427.024	425.864	424.305	422.335	419.941	417.104	413.8	409.999	405.664	400.748	395.188	388.901	381.774	373.643	364.253	353.168	339.499	320.71	289.095	270.16	256.2	244.677	234.702	225.837	217.826	210.503	203.752	197.487	191.644	186.17	181.025	176.174	171.589	167.245	163.121	159.199	155.463	151.9	
153.394	157.061	160.91	164.957	169.22	173.717	178.472	183.512	188.87	194.583	200.7	207.277	214.391	222.139	230.657	240.137	250.877	263.38	278.626	299.225	332.717	353.168	368.116	380.172	390.315	399.046	406.66	413.35	419.246	424.446	429.019	433.021	436.495	439.475	441.986	444.05	445.683	446.897	447.702	448.103	448.103	447.702	446.897	445.683	444.05	441.986	439.475	436.495	433.021	429.019	424.446	419.246	413.35	406.66	399.046	390.315	380.172	368.116	353.168	332.717	299.225	278.626	263.38	250.877	240.137	230.657	222.139	214.391	207.277	200.7	194.583	188.87	183.512	178.472	173.717	169.22	164.957	160.91	157.061	153.394	
154.835	158.603	162.564	166.732	171.128	175.774	180.693	185.917	191.48	197.425	203.803	210.68	218.137	226.285	235.271	245.308	256.718	270.031	286.253	307.983	342.675	364.253	380.172	393.03	403.83	413.102	421.167	428.233	434.448	439.917	444.72	448.916	452.554	455.671	458.295	460.451	462.155	463.422	464.261	464.68	464.68	464.261	463.422	462.155	460.451	458.295	455.671	452.554	448.916	444.72	439.917	434.448	428.233	421.167	413.102	403.83	393.03	380.172	364.253	342.675	307.983	286.253	270.031	256.718	245.308	235.271	226.285	218.137	210.68	203.803	197.425	191.48	185.917	180.693	175.774	171.128	166.732	162.564	158.603	154.835	
156.219	160.085	164.152	168.438	172.963	177.751	182.829	188.229	193.988	200.153	206.78	213.938	221.716	230.232	239.643	250.173	262.158	276.137	293.118	315.681	351.234	373.643	390.315	403.83	415.193	424.944	433.416	440.83	447.341	453.063	458.082	462.463	466.258	469.505	472.238	474.482	476.255	477.573	478.445	478.88	478.88	478.445	477.573	476.255	474.482	472.238	469.505	466.258	462.463	458.082	453.063	447.341	440.83	433.416	424.944	415.193	403.83	390.315	373.643	351.234	315.681	293.118	276.137	262.158	250.173	239.643	230.232	221.716	213.938	206.78	200.153	193.988	188.229	182.829	177.751	172.963	168.438	164.152	160.085	156.219	
157.541	161.5	165.669	170.067	174.716	179.64	184.869	190.436	196.381	202.754	209.613	217.032	225.106	233.957	243.749	254.712	267.186	281.715	299.302	322.51	358.723	381.774	399.046	413.102	424.944	435.114	443.949	451.678	458.461	464.418	469.64	474.194	478.136	481.508	484.344	486.671	488.509	489.875	490.78	491.23	491.23	490.78	489.875	488.509	486.671	484.344	481.508	478.136	474.194	469.64	464.418	458.461	451.678	443.949	435.114	424.944	413.102	399.046	381.774	358.723	322.51	299.302	281.715	267.186	254.712	243.749	233.957	225.106	217.032	209.613	202.754	196.381	190.436	184.869	179.64	174.716	170.067	165.669	161.5	157.541	
158.795	162.843	167.11	171.614	176.38	181.433	186.804	192.528	198.648	205.214	212.289	219.95	228.293	237.446	247.575	258.915	271.808	286.795	304.874	328.599	365.336	388.901	406.66	421.167	433.416	443.949	453.106	461.117	468.148	474.32	479.728	484.443	488.523	492.011	494.944	497.35	499.25	500.662	501.596	502.062	502.062	501.596	500.662	499.25	497.35	494.944	492.011	488.523	484.443	479.728	474.32	468.148	461.117	453.106	443.949	433.416	421.167	406.66	388.901	365.336	328.599	304.874	286.795	271.808	258.915	247.575	237.446	228.293	219.95	212.289	205.214	198.648	192.528	186.804	181.433	176.38	171.614	167.11	162.843	158.795	
159.978	164.11	168.468	173.073	177.949	183.123	188.627	194.498	200.779	207.525	214.798	222.678	231.265	240.688	251.115	262.783	276.032	291.404	309.891	334.038	371.202	395.188	413.35	428.233	440.83	451.678	461.117	469.38	476.632	483.001	488.579	493.442	497.649	501.245	504.269	506.748	508.706	510.16	511.123	511.602	511.602	511.123	510.16	508.706	506.748	504.269	501.245	497.649	493.442	488.579	483.001	476.632	469.38	461.117	451.678	440.83	428.233	413.35	395.188	371.202	334.038	309.891	291.404	276.032	262.783	251.115	240.688	231.265	222.678	214.798	207.525	200.779	194.498	188.627	183.123	177.949	173.073	168.468	164.11	159.978	
161.085	165.296	169.74	174.439	179.417	184.704	190.331	196.337	202.768	209.677	217.131	225.21	234.015	243.677	254.366	266.318	279.873	295.57	314.398	338.897	376.414	400.748	419.246	434.448	447.341	458.461	468.148	476.632	484.084	490.628	496.361	501.359	505.682	509.378	512.484	515.031	517.043	518.537	519.526	520.018	520.018	519.526	518.537	517.043	515.031	512.484	509.378	505.682	501.359	496.361	490.628	484.084	476.632	468.148	458.461	447.341	434.448	419.246	400.748	376.414	338.897	314.398	295.57	279.873	266.318	254.366	243.677	234.015	225.21	217.131	209.677	202.768	196.337	190.331	184.704	179.417	174.439	169.74	165.296	161.085	
162.113	166.397	170.92	175.706	180.779	186.169	191.909	198.04	204.606	211.665	219.281	227.539	236.538	246.411	257.329	269.527	283.344	299.318	318.433	343.226	381.038	405.664	424.446	439.917	453.063	464.418	474.32	483.001	490.628	497.329	503.201	508.321	512.749	516.535	519.717	522.327	524.387	525.917	526.93	527.434	527.434	526.93	525.917	524.387	522.327	519.717	516.535	512.749	508.321	503.201	497.329	490.628	483.001	474.32	464.418	453.063	439.917	424.446	405.664	381.038	343.226	318.433	299.318	283.344	269.527	257.329	246.411	236.538	227.539	219.281	211.665	204.606	198.04	191.909	186.169	180.779	175.706	170.92	166.397	162.113	
163.058	167.408	172.005	176.87	182.03	187.514	193.358	199.6	206.29	213.482	221.245	229.66	238.832	248.89	260.007	272.417	286.459	302.668	322.026	347.066	385.127	409.999	429.019	444.72	458.082	469.64	479.728	488.579	496.361	503.201	509.196	514.425	518.948	522.816	526.066	528.732	530.837	532.4	533.434	533.95	533.95	533.434	532.4	530.837	528.732	526.066	522.816	518.948	514.425	509.196	503.201	496.361	488.579	479.728	469.64	458.082	444.72	429.019	409.999	385.127	347.066	322.026	302.668	286.459	272.417	260.007	248.89	238.832	229.66	221.245	213.482	206.29	199.6	193.358	187.514	182.03	176.87	172.005	167.408	163.058	
163.917	168.328	172.991	177.927	183.165	188.735	194.671	201.015	207.814	215.125	223.017	231.572	240.894	251.114	262.403	274.996	289.23	305.638	325.202	350.451	388.721	413.8	433.021	448.916	462.463	474.194	484.443	493.442	501.359	508.321	514.425	519.75	524.357	528.297	531.609	534.325	536.469	538.062	539.116	539.641	539.641	539.116	538.062	536.469	534.325	531.609	528.297	524.357	519.75	514.425	508.321	501.359	493.442	484.443	474.194	462.463	448.916	433.021	413.8	388.721	350.451	325.202	305.638	289.23	274.996	262.403	251.114	240.894	231.572	223.017	215.125	207.814	201.015	194.671	188.735	183.165	177.927	172.991	168.328	163.917	
164.688	169.153	173.874	178.875	184.183	189.828	195.846	202.279	209.175	216.591	224.596	233.272	242.725	253.084	264.522	277.27	291.667	308.244	327.981	353.405	391.851	417.104	436.495	452.554	466.258	478.136	488.523	497.649	505.682	512.749	518.948	524.357	529.039	533.042	536.408	539.168	541.348	542.967	544.038	544.572	544.572	544.038	542.967	541.348	539.168	536.408	533.042	529.039	524.357	518.948	512.749	505.682	497.649	488.523	478.136	466.258	452.554	436.495	417.104	391.851	353.405	327.981	308.244	291.667	277.27	264.522	253.084	242.725	233.272	224.596	216.591	209.175	202.279	195.846	189.828	184.183	178.875	173.874	169.153	164.688	
165.367	169.88	174.653	179.71	185.079	190.79	196.88	203.391	210.371	217.877	225.979	234.761	244.325	254.803	266.365	279.246	293.78	310.499	330.38	355.951	394.544	419.941	439.475	455.671	469.505	481.508	492.011	501.245	509.378	516.535	522.816	528.297	533.042	537.101	540.513	543.312	545.522	547.164	548.25	548.792	548.792	548.25	547.164	545.522	543.312	540.513	537.101	533.042	528.297	522.816	516.535	509.378	501.245	492.011	481.508	469.505	455.671	439.475	419.941	394.544	355.951	330.38	310.499	293.78	279.246	266.365	254.803	244.325	234.761	225.979	217.877	210.371	203.391	196.88	190.79	185.079	179.71	174.653	169.88	165.367	
165.953	170.507	175.325	180.43	185.851	191.619	197.771	204.347	211.399	218.982	227.166	236.036	245.694	256.271	267.939	280.929	295.576	312.412	332.413	358.105	396.818	422.335	441.986	458.295	472.238	484.344	494.944	504.269	512.484	519.717	526.066	531.609	536.408	540.513	543.965	546.797	549.033	550.694	551.794	552.341	552.341	551.794	550.694	549.033	546.797	543.965	540.513	536.408	531.609	526.066	519.717	512.484	504.269	494.944	484.344	472.238	458.295	441.986	422.335	396.818	358.105	332.413	312.412	295.576	280.929	267.939	256.271	245.694	236.036	227.166	218.982	211.399	204.347	197.771	191.619	185.851	180.43	175.325	170.507	165.953	
166.444	171.032	175.887	181.033	186.498	192.313	198.515	205.147	212.257	219.904	228.156	237.098	246.833	257.492	269.245	282.323	297.063	313.994	334.091	359.88	398.691	424.305	444.05	460.451	474.482	486.671	497.35	506.748	515.031	522.327	528.732	534.325	539.168	543.312	546.797	549.655	551.914	553.591	554.701	555.254	555.254	554.701	553.591	551.914	549.655	546.797	543.312	539.168	534.325	528.732	522.327	515.031	506.748	497.35	486.671	474.482	460.451	444.05	424.305	398.691	359.88	334.091	313.994	297.063	282.323	269.245	257.492	246.833	237.098	228.156	219.904	212.257	205.147	198.515	192.313	186.498	181.033	175.887	171.032	166.444	
166.838	171.454	176.339	181.517	187.017	192.87	199.113	205.788	212.945	220.642	228.949	237.948	247.744	258.466	270.286	283.434	298.247	315.251	335.424	361.289	400.176	425.864	445.683	462.155	476.255	488.509	499.25	508.706	517.043	524.387	530.837	536.469	541.348	545.522	549.033	551.914	554.189	555.879	556.998	557.555	557.555	556.998	555.879	554.189	551.914	549.033	545.522	541.348	536.469	530.837	524.387	517.043	508.706	499.25	488.509	476.255	462.155	445.683	425.864	400.176	361.289	335.424	315.251	298.247	283.434	270.286	258.466	247.744	237.948	228.949	220.642	212.945	205.788	199.113	192.87	187.017	181.517	176.339	171.454	166.838	
167.135	171.772	176.679	181.882	187.407	193.288	199.562	206.27	213.462	221.197	229.543	238.585	248.426	259.195	271.065	284.265	299.13	316.19	336.418	362.338	401.281	427.024	446.897	463.422	477.573	489.875	500.662	510.16	518.537	525.917	532.4	538.062	542.967	547.164	550.694	553.591	555.879	557.578	558.704	559.264	559.264	558.704	557.578	555.879	553.591	550.694	547.164	542.967	538.062	532.4	525.917	518.537	510.16	500.662	489.875	477.573	463.422	446.897	427.024	401.281	362.338	336.418	316.19	299.13	284.265	271.065	259.195	248.426	238.585	229.543	221.197	213.462	206.27	199.562	193.288	187.407	181.882	176.679	171.772	167.135	
167.333	171.984	176.906	182.125	187.668	193.568	199.862	206.591	213.807	221.567	229.94	239.01	248.88	259.681	271.583	284.817	299.718	316.813	337.077	363.035	402.014	427.794	447.702	464.261	478.445	490.78	501.596	511.123	519.526	526.93	533.434	539.116	544.038	548.25	551.794	554.701	556.998	558.704	559.833	560.396	560.396	559.833	558.704	556.998	554.701	551.794	548.25	544.038	539.116	533.434	526.93	519.526	511.123	501.596	490.78	478.445	464.261	447.702	427.794	402.014	363.035	337.077	316.813	299.718	284.817	271.583	259.681	248.88	239.01	229.94	221.567	213.807	206.591	199.862	193.568	187.668	182.125	176.906	171.984	167.333	
167.433	172.09	177.02	182.247	187.798	193.708	200.012	206.752	213.98	221.752	230.138	239.222	249.107	259.924	271.842	285.093	300.011	317.124	337.406	363.382	402.379	428.177	448.103	464.68	478.88	491.23	502.062	511.602	520.018	527.434	533.95	539.641	544.572	548.792	552.341	555.254	557.555	559.264	560.396	560.959	560.959	560.396	559.264	557.555	555.254	552.341	548.792	544.572	539.641	533.95	527.434	520.018	511.602	502.062	491.23	478.88	464.68	448.103	428.177	402.379	363.382	337.406	317.124	300.011	285.093	271.842	259.924	249.107	239.222	230.138	221.752	213.98	206.752	200.012	193.708	187.798	182.247	177.02	172.09	167.433	
167.433	172.09	177.02	182.247	187.798	193.708	200.012	206.752	213.98	221.752	230.138	239.222	249.107	259.924	271.842	285.093	300.011	317.124	337.406	363.382	402.379	428.177	448.103	464.68	478.88	491.23	502.062	511.602	520.018	527.434	533.95	539.641	544.572	548.792	552.341	555.254	557.555	559.264	560.396	560.959	560.959	560.396	559.264	557.555	555.254	552.341	548.792	544.572	539.641	533.95	527.434	520.018	511.602	502.062	491.23	478.88	464.68	448.103	428.177	402.379	363.382	337.406	317.124	300.011	285.093	271.842	259.924	249.107	239.222	230.138	221.752	213.98	206.752	200.012	193.708	187.798	182.247	177.02	172.09	167.433	
167.333	171.984	176.906	182.125	187.668	193.568	199.862	206.591	213.807	221.567	229.94	239.01	248.88	259.681	271.583	284.817	299.718	316.813	337.077	363.035	402.014	427.794	447.702	464.261	478.445	490.78	501.596	511.123	519.526	526.93	533.434	539.116	544.038	548.25	551.794	554.701	556.998	558.704	559.833	560.396	560.396	559.833	558.704	556.998	554.701	551.794	548.25	544.038	539.116	533.434	526.93	519.526	511.123	501.596	490.78	478.445	464.261	447.702	427.794	402.014	363.035	337.077	316.813	299.718	284.817	271.583	259.681	248.88	239.01	229.94	221.567	213.807	206.591	199.862	193.568	187.668	182.125	176.906	171.984	167.333	
167.135	171.772	176.679	181.882	187.407	193.288	199.562	206.27	213.462	221.197	229.543	238.585	248.426	259.195	271.065	284.265	299.13	316.19	336.418	362.338	401.281	427.024	446.897	463.422	477.573	489.875	500.662	510.16	518.537	525.917	532.4	538.062	542.967	547.164	550.694	553.591	555.879	557.578	558.704	559.264	559.264	558.704	557.578	555.879	553.591	550.694	547.164	542.967	538.062	532.4	525.917	518.537	510.16	500.662	489.875	477.573	463.422	446.897	427.024	401.281	362.338	336.418	316.19	299.13	284.265	271.065	259.195	248.426	238.585	229.543	221.197	213.462	206.27	199.562	193.288	187.407	181.882	176.679	171.772	167.135	
166.838	171.454	176.339	181.517	187.017	192.87	199.113	205.788	212.945	220.642	228.949	237.948	247.744	258.466	270.286	283.434	298.247	315.251	335.424	361.289	400.176	425.864	445.683	462.155	476.255	488.509	499.25	508.706	517.043	524.387	530.837	536.469	541.348	545.522	549.033	551.914	554.189	555.879	556.998	557.555	557.555	556.998	555.879	554.189	551.914	549.033	545.522	541.348	536.469	530.837	524.387	517.043	508.706	499.25	488.509	476.255	462.155	445.683	425.864	400.176	361.289	335.424	315.251	298.247	283.434	270.286	258.466	247.744	237.948	228.949	220.642	212.945	205.788	199.113	192.87	187.017	181.517	176.339	171.454	166.838	
166.444	171.032	175.887	181.033	186.498	192.313	198.515	205.147	212.257	219.904	228.156	237.098	246.833	257.492	269.245	282.323	297.063	313.994	334.091	359.88	398.691	424.305	444.05	460.451	474.482	486.671	497.35	506.748	515.031	522.327	528.732	534.325	539.168	543.312	546.797	549.655	551.914	553.591	554.701	555.254	555.254	554.701	553.591	551.914	549.655	546.797	543.312	539.168	534.325	528.732	522.327	515.031	506.748	497.35	486.671	474.482	460.451	444.05	424.305	398.691	359.88	334.091	313.994	297.063	282.323	269.245	257.492	246.833	237.098	228.156	219.904	212.257	205.147	198.515	192.313	186.498	181.033	175.887	171.032	166.444	
165.953	170.507	175.325	180.43	185.851	191.619	197.771	204.347	211.399	218.982	227.166	236.036	245.694	256.271	267.939	280.929	295.576	312.412	332.413	358.105	396.818	422.335	441.986	458.295	472.238	484.344	494.944	504.269	512.484	519.717	526.066	531.609	536.408	540.513	543.965	546.797	549.033	550.694	551.794	552.341	552.341	551.794	550.694	549.033	546.797	543.965	540.513	536.408	531.609	526.066	519.717	512.484	504.269	494.944	484.344	472.238	458.295	441.986	422.335	396.818	358.105	332.413	312.412	295.576	280.929	267.939	256.271	245.694	236.036	227.166	218.982	211.399	204.347	197.771	191.619	185.851	180.43	175.325	170.507	165.953	
165.367	169.88	174.653	179.71	185.079	190.79	196.88	203.391	210.371	217.877	225.979	234.761	244.325	254.803	266.365	279.246	293.78	310.499	330.38	355.951	394.544	419.941	439.475	455.671	469.505	481.508	492.011	501.245	509.378	516.535	522.816	528.297	533.042	537.101	540.513	543.312	545.522	547.164	548.25	548.792	548.792	548.25	547.164	545.522	543.312	540.513	537.101	533.042	528.297	522.816	516.535	509.378	501.245	492.011	481.508	469.505	455.671	439.475	419.941	394.544	355.951	330.38	310.499	293.78	279.246	266.365	254.803	244.325	234.761	225.979	217.877	210.371	203.391	196.88	190.79	185.079	179.71	174.653	169.88	165.367	
164.688	169.153	173.874	178.875	184.183	189.828	195.846	202.279	209.175	216.591	224.596	233.272	242.725	253.084	264.522	277.27	291.667	308.244	327.981	353.405	391.851	417.104	436.495	452.554	466.258	478.136	488.523	497.649	505.682	512.749	518.948	524.357	529.039	533.042	536.408	539.168	541.348	542.967	544.038	544.572	544.572	544.038	542.967	541.348	539.168	536.408	533.042	529.039	524.357	518.948	512.749	505.682	497.649	488.523	478.136	466.258	452.554	436.495	417.104	391.851	353.405	327.981	308.244	291.667	277.27	264.522	253.084	242.725	233.272	224.596	216.591	209.175	202.279	195.846	189.828	184.183	178.875	173.874	169.153	164.688	
163.917	168.328	172.991	177.927	183.165	188.735	194.671	201.015	207.814	215.125	223.017	231.572	240.894	251.114	262.403	274.996	289.23	305.638	325.202	350.451	388.721	413.8	433.021	448.916	462.463	474.194	484.443	493.442	501.359	508.321	514.425	519.75	524.357	528.297	531.609	534.325	536.469	538.062	539.116	539.641	539.641	539.116	538.062	536.469	534.325	531.609	528.297	524.357	519.75	514.425	508.321	501.359	493.442	484.443	474.194	462.463	448.916	433.021	413.8	388.721	350.451	325.202	305.638	289.23	274.996	262.403	251.114	240.894	231.572	223.017	215.125	207.814	201.015	194.671	188.735	183.165	177.927	172.991	168.328	163.917	
163.058	167.408	172.005	176.87	182.03	187.514	193.358	199.6	206.29	213.482	221.245	229.66	238.832	248.89	260.007	272.417	286.459	302.668	322.026	347.066	385.127	409.999	429.019	444.72	458.082	469.64	479.728	488.579	496.361	503.201	509.196	514.425	518.948	522.816	526.066	528.732	530.837	532.4	533.434	533.95	533.95	533.434	532.4	530.837	528.732	526.066	522.816	518.948	514.425	509.196	503.201	496.361	488.579	479.728	469.64	458.082	444.72	429.019	409.999	385.127	347.066	322.026	302.668	286.459	272.417	260.007	248.89	238.832	229.66	221.245	213.482	206.29	199.6	193.358	187.514	182.03	176.87	172.005	167.408	163.058	
162.113	166.397	170.92	175.706	180.779	186.169	191.909	198.04	204.606	211.665	219.281	227.539	236.538	246.411	257.329	269.527	283.344	299.318	318.433	343.226	381.038	405.664	424.446	439.917	453.063	464.418	474.32	483.001	490.628	497.329	503.201	508.321	512.749	516.535	519.717	522.327	524.387	525.917	526.93	527.434	527.434	526.93	525.917	524.387	522.327	519.717	516.535	512.749	508.321	503.201	497.329	490.628	483.001	474.32	464.418	453.063	439.917	424.446	405.664	381.038	343.226	318.433	299.318	283.344	269.527	257.329	246.411	236.538	227.539	219.281	211.665	204.606	198.04	191.909	186.169	180.779	175.706	170.92	166.397	162.113	
161.085	165.296	169.74	174.439	179.417	184.704	190.331	196.337	202.768	209.677	217.131	225.21	234.015	243.677	254.366	266.318	279.873	295.57	314.398	338.897	376.414	400.748	419.246	434.448	447.341	458.461	468.148	476.632	484.084	490.628	496.361	501.359	505.682	509.378	512.484	515.031	517.043	518.537	519.526	520.018	520.018	519.526	518.537	517.043	515.031	512.484	509.378	505.682	501.359	496.361	490.628	484.084	476.632	468.148	458.461	447.341	434.448	419.246	400.748	376.414	338.897	314.398	295.57	279.873	266.318	254.366	243.677	234.015	225.21	217.131	209.677	202.768	196.337	190.331	184.704	179.417	174.439	169.74	165.296	161.085	
159.978	164.11	168.468	173.073	177.949	183.123	188.627	194.498	200.779	207.525	214.798	222.678	231.265	240.688	251.115	262.783	276.032	291.404	309.891	334.038	371.202	395.188	413.35	428.233	440.83	451.678	461.117	469.38	476.632	483.001	488.579	493.442	497.649	501.245	504.269	506.748	508.706	510.16	511.123	511.602	511.602	511.123	510.16	508.706	506.748	504.269	501.245	497.649	493.442	488.579	483.001	476.632	469.38	461.117	451.678	440.83	428.233	413.35	395.188	371.202	334.038	309.891	291.404	276.032	262.783	251.115	240.688	231.265	222.678	214.798	207.525	200.779	194.498	188.627	183.123	177.949	173.073	168.468	164.11	159.978	
158.795	162.843	167.11	171.614	176.38	181.433	186.804	192.528	198.648	205.214	212.289	219.95	228.293	237.446	247.575	258.915	271.808	286.795	304.874	328.599	365.336	388.901	406.66	421.167	433.416	443.949	453.106	461.117	468.148	474.32	479.728	484.443	488.523	492.011	494.944	497.35	499.25	500.662	501.596	502.062	502.062	501.596	500.662	499.25	497.35	494.944	492.011	488.523	484.443	479.728	474.32	468.148	461.117	453.106	443.949	433.416	421.167	406.66	388.901	365.336	328.599	304.874	286.795	271.808	258.915	247.575	237.446	228.293	219.95	212.289	205.214	198.648	192.528	186.804	181.433	176.38	171.614	167.11	162.843	158.795	
157.541	161.5	165.669	170.067	174.716	179.64	184.869	190.436	196.381	202.754	209.613	217.032	225.106	233.957	243.749	254.712	267.186	281.715	299.302	322.51	358.723	381.774	399.046	413.102	424.944	435.114	443.949	451.678	458.461	464.418	469.64	474.194	478.136	481.508	484.344	486.671	488.509	489.875	490.78	491.23	491.23	490.78	489.875	488.509	486.671	484.344	481.508	478.136	474.194	469.64	464.418	458.461	451.678	443.949	435.114	424.944	413.102	399.046	381.774	358.723	322.51	299.302	281.715	267.186	254.712	243.749	233.957	225.106	217.032	209.613	202.754	196.381	190.436	184.869	179.64	174.716	170.067	165.669	161.5	157.541	
156.219	160.085	164.152	168.438	172.963	177.751	182.829	188.229	193.988	200.153	206.78	213.938	221.716	230.232	239.643	250.173	262.158	276.137	293.118	315.681	351.234	373.643	390.315	403.83	415.193	424.944	433.416	440.83	447.341	453.063	458.082	462.463	466.258	469.505	472.238	474.482	476.255	477.573	478.445	478.88	478.88	478.445	477.573	476.255	474.482	472.238	469.505	466.258	462.463	458.082	453.063	447.341	440.83	433.416	424.944	415.193	403.83	390.315	373.643	351.234	315.681	293.118	276.137	262.158	250.173	239.643	230.232	221.716	213.938	206.78	200.153	193.988	188.229	182.829	177.751	172.963	168.438	164.152	160.085	156.219	
154.835	158.603	162.564	166.732	171.128	175.774	180.693	185.917	191.48	197.425	203.803	210.68	218.137	226.285	235.271	245.308	256.718	270.031	286.253	307.983	342.675	364.253	380.172	393.03	403.83	413.102	421.167	428.233	434.448	439.917	444.72	448.916	452.554	455.671	458.295	460.451	462.155	463.422	464.261	464.68	464.68	464.261	463.422	462.155	460.451	458.295	455.671	452.554	448.916	444.72	439.917	434.448	428.233	421.167	413.102	403.83	393.03	380.172	364.253	342.675	307.983	286.253	270.031	256.718	245.308	235.271	226.285	218.137	210.68	203.803	197.425	191.48	185.917	180.693	175.774	171.128	166.732	162.564	158.603	154.835	
153.394	157.061	160.91	164.957	169.22	173.717	178.472	183.512	188.87	194.583	200.7	207.277	214.391	222.139	230.657	240.137	250.877	263.38	278.626	299.225	332.717	353.168	368.116	380.172	390.315	399.046	406.66	413.35	419.246	424.446	429.019	433.021	436.495	439.475	441.986	444.05	445.683	446.897	447.702	448.103	448.103	447.702	446.897	445.683	444.05	441.986	439.475	436.495	433.021	429.019	424.446	419.246	413.35	406.66	399.046	390.315	380.172	368.116	353.168	332.717	299.225	278.626	263.38	250.877	240.137	230.657	222.139	214.391	207.277	200.7	194.583	188.87	183.512	178.472	173.717	169.22	164.957	160.91	157.061	153.394	
151.9	155.463	159.199	163.121	167.245	171.589	176.174	181.025	186.17	191.644	197.487	203.752	210.503	217.826	225.837	234.702	244.677	256.2	270.16	289.095	320.71	339.499	353.168	364.253	373.643	381.774	388.901	395.188	400.748	405.664	409.999	413.8	417.104	419.941	422.335	424.305	425.864	427.024	427.794	428.177	428.177	427.794	427.024	425.864	424.305	422.335	419.941	417.104	413.8	409.999	405.664	400.748	395.188	388.901	381.774	373.643	364.253	353.168	339.499	320.71	289.095	270.16	256.2	244.677	234.702	225.837	217.826	210.503	203.752	197.487	191.644	186.17	181.025	176.174	171.589	167.245	163.121	159.199	155.463	151.9	
150.359	153.816	157.435	161.229	165.212	169.4	173.812	178.469	183.397	188.624	194.187	200.129	206.505	213.384	220.862	229.068	238.2	248.585	260.878	277.058	304.672	320.71	332.717	342.675	351.234	358.723	365.336	371.202	376.414	381.038	385.127	388.721	391.851	394.544	396.818	398.691	400.176	401.281	402.014	402.379	402.379	402.014	401.281	400.176	398.691	396.818	394.544	391.851	388.721	385.127	381.038	376.414	371.202	365.336	358.723	351.234	342.675	332.717	320.71	304.672	277.058	260.878	248.585	238.2	229.068	220.862	213.384	206.505	200.129	194.187	188.624	183.397	178.469	173.812	169.4	165.212	161.229	157.435	153.816	150.359	
148.777	152.126	155.627	159.291	163.131	167.16	171.396	175.857	180.564	185.542	190.821	196.436	202.431	208.86	215.793	223.323	231.58	240.757	251.165	263.342	277.058	289.095	299.225	307.983	315.681	322.51	328.599	334.038	338.897	343.226	347.066	350.451	353.405	355.951	358.105	359.88	361.289	362.338	363.035	363.382	363.382	363.035	362.338	361.289	359.88	358.105	355.951	353.405	350.451	347.066	343.226	338.897	334.038	328.599	322.51	315.681	307.983	299.225	289.095	277.058	263.342	251.165	240.757	231.58	223.323	215.793	208.86	202.431	196.436	190.821	185.542	180.564	175.857	171.396	167.16	163.131	159.291	155.627	152.126	148.777	
147.158	150.398	153.78	157.313	161.009	164.879	168.938	173.202	177.688	182.416	187.411	192.701	198.317	204.299	210.695	217.563	224.974	233.009	241.747	251.165	260.878	270.16	278.626	286.253	293.118	299.302	304.874	309.891	314.398	318.433	322.026	325.202	327.981	330.38	332.413	334.091	335.424	336.418	337.077	337.406	337.406	337.077	336.418	335.424	334.091	332.413	330.38	327.981	325.202	322.026	318.433	314.398	309.891	304.874	299.302	293.118	286.253	278.626	270.16	260.878	251.165	241.747	233.009	224.974	217.563	210.695	204.299	198.317	192.701	187.411	182.416	177.688	173.202	168.938	164.879	161.009	157.313	153.78	150.398	147.158	
145.509	148.639	151.901	155.303	158.855	162.566	166.449	170.517	174.784	179.266	183.981	188.951	194.198	199.748	205.631	211.876	218.515	225.564	233.009	240.757	248.585	256.2	263.38	270.031	276.137	281.715	286.795	291.404	295.57	299.318	302.668	305.638	308.244	310.499	312.412	313.994	315.251	316.19	316.813	317.124	317.124	316.813	316.19	315.251	313.994	312.412	310.499	308.244	305.638	302.668	299.318	295.57	291.404	286.795	281.715	276.137	270.031	263.38	256.2	248.585	240.757	233.009	225.564	218.515	211.876	205.631	199.748	194.198	188.951	183.981	179.266	174.784	170.517	166.449	162.566	158.855	155.303	151.901	148.639	145.509	
