0.146824	0.152995	0.159425	0.166059	0.172762	0.179359	0.185657	0.191458	0.196598	0.200931	0.204315	0.206631	0.207776	0.207689	0.206368	0.203858	0.200253	0.19568	0.190282	0.184229	0.17774	0.171035	0.164321	0.15776	0.151423	0.145335	
0.152995	0.160026	0.167434	0.175163	0.183092	0.191037	0.198748	0.205953	0.21239	0.217821	0.222105	0.225124	0.226648	0.226505	0.224735	0.221463	0.216862	0.211143	0.204457	0.196986	0.18907	0.181048	0.173142	0.165508	0.158223	0.15131	
0.159425	0.167434	0.175941	0.184897	0.194218	0.203765	0.213341	0.222666	0.231324	0.238858	0.244865	0.249	0.251	0.250726	0.248178	0.243506	0.237034	0.229176	0.220356	0.21098	0.201394	0.191872	0.182615	0.173758	0.165378	0.157509	
0.166059	0.175163	0.184897	0.195231	0.206136	0.217566	0.229579	0.242028	0.254305	0.265567	0.274626	0.280461	0.283029	0.282553	0.278821	0.271839	0.262149	0.250544	0.238234	0.226275	0.214757	0.203517	0.192707	0.18246	0.172834	0.163873	
0.172762	0.183092	0.194218	0.206136	0.219003	0.232964	0.248202	0.264542	0.280963	0.296094	0.308401	0.316568	0.320236	0.319452	0.314028	0.304167	0.290831	0.275308	0.259199	0.24385	0.229503	0.216006	0.203347	0.191474	0.180427	0.170276	
0.179359	0.191037	0.203765	0.217566	0.232964	0.250381	0.269848	0.290865	0.311639	0.33008	0.34534	0.356594	0.36222	0.361077	0.353419	0.340211	0.323157	0.304196	0.284368	0.264567	0.245972	0.229354	0.214395	0.200579	0.187939	0.176555	
0.185657	0.198748	0.213341	0.229579	0.248202	0.269848	0.294784	0.322535	0.350998	0.377418	0.399177	0.414979	0.422886	0.421659	0.411431	0.39328	0.369299	0.34214	0.314712	0.288403	0.264538	0.243769	0.225647	0.209476	0.195129	0.182535	
0.191458	0.205953	0.222666	0.242028	0.264542	0.290865	0.322535	0.360335	0.402222	0.443206	0.478512	0.500875	0.510829	0.510073	0.497159	0.471246	0.434695	0.392672	0.35022	0.314631	0.285051	0.259148	0.236776	0.217834	0.201752	0.188038	
0.196598	0.21239	0.231324	0.254305	0.280963	0.311639	0.350998	0.402222	0.468509	0.544201	0.600386	0.630798	0.642476	0.643022	0.627223	0.590437	0.530347	0.453299	0.388276	0.341346	0.306098	0.274573	0.24725	0.22535	0.207621	0.192911	
0.200931	0.217821	0.238858	0.265567	0.296094	0.33008	0.377418	0.443206	0.544201	0.853383	0.928907	0.967322	0.980383	0.983074	0.964191	0.915322	0.821297	0.510495	0.424458	0.366059	0.325731	0.288787	0.256465	0.231743	0.212573	0.197016	
0.204315	0.222105	0.244865	0.274626	0.308401	0.34534	0.399177	0.478512	0.600386	0.928907	1.02221	1.06736	1.08195	1.08637	1.06501	1.00466	0.890412	0.560038	0.454828	0.386842	0.341879	0.300284	0.263864	0.236811	0.216444	0.200209	
0.206631	0.225124	0.249	0.280461	0.316568	0.356594	0.414979	0.500875	0.630798	0.967322	1.06736	1.11689	1.13367	1.13838	1.11481	1.04925	0.927466	0.58887	0.476041	0.402125	0.352728	0.30778	0.268967	0.240373	0.219098	0.202371	
0.207776	0.226648	0.251	0.283029	0.320236	0.36222	0.422886	0.510829	0.642476	0.980383	1.08195	1.13367	1.152	1.15636	1.13136	1.06433	0.941082	0.600985	0.486284	0.409684	0.357686	0.311147	0.271438	0.242162	0.220411	0.20342	
0.207689	0.226505	0.250726	0.282553	0.319452	0.361077	0.421659	0.510073	0.643022	0.983074	1.08638	1.13839	1.15636	1.16064	1.13551	1.06783	0.943206	0.60102	0.484741	0.408062	0.356726	0.31061	0.271109	0.241988	0.220307	0.203316	
0.206368	0.224735	0.248178	0.278821	0.314028	0.353419	0.411431	0.497159	0.627223	0.964191	1.06502	1.11481	1.13136	1.13551	1.11131	1.04532	0.923213	0.584311	0.471201	0.397861	0.349585	0.305821	0.267967	0.2399	0.218792	0.202055	
0.203858	0.221463	0.243506	0.271839	0.304167	0.340211	0.39328	0.471246	0.590437	0.915321	1.00467	1.04926	1.06434	1.06784	1.04533	0.985341	0.873514	0.546977	0.446551	0.380597	0.336566	0.296766	0.262196	0.236049	0.215926	0.199678	
0.200253	0.216862	0.237034	0.262149	0.290831	0.323157	0.369299	0.434695	0.530347	0.821296	0.890421	0.927479	0.941095	0.94322	0.923225	0.87352	0.7845	0.492197	0.413537	0.358133	0.319065	0.284319	0.254234	0.230636	0.211809	0.196268	
0.19568	0.211143	0.229176	0.250544	0.275308	0.304196	0.34214	0.392672	0.453299	0.510494	0.560046	0.588883	0.600999	0.601035	0.584323	0.546983	0.492198	0.433911	0.376496	0.332775	0.298946	0.269692	0.24464	0.223912	0.206586	0.191944	
0.190282	0.204457	0.220356	0.238234	0.259199	0.284368	0.314712	0.350221	0.388276	0.424457	0.454836	0.476054	0.486302	0.484761	0.47122	0.446564	0.413546	0.376504	0.339778	0.306791	0.278417	0.254438	0.234001	0.21609	0.200413	0.186844	
0.184229	0.196986	0.210981	0.226275	0.24385	0.264567	0.288403	0.314631	0.341346	0.366058	0.38685	0.402138	0.409701	0.408082	0.397879	0.380613	0.358146	0.332789	0.306796	0.281856	0.259325	0.239876	0.222866	0.207418	0.193484	0.181133	
0.17774	0.18907	0.201395	0.214757	0.229503	0.245972	0.264538	0.285051	0.306098	0.325731	0.341882	0.352737	0.3577	0.356742	0.3496	0.336581	0.319081	0.298962	0.27843	0.259331	0.241988	0.226145	0.21165	0.198299	0.186069	0.174999	
0.171035	0.181048	0.191872	0.203517	0.216006	0.229354	0.243769	0.259148	0.274572	0.288786	0.300286	0.307788	0.311163	0.310627	0.305839	0.296785	0.284339	0.269711	0.254454	0.239885	0.226147	0.213031	0.200659	0.189124	0.178444	0.168635	
0.164321	0.173142	0.182616	0.192707	0.203347	0.214395	0.225647	0.236776	0.247249	0.256463	0.263865	0.268976	0.271454	0.271129	0.267987	0.262217	0.254255	0.244662	0.234019	0.222877	0.211654	0.20066	0.190118	0.180164	0.170862	0.162225	
0.15776	0.165508	0.173758	0.182461	0.191474	0.20058	0.209476	0.217833	0.225348	0.231742	0.236811	0.240378	0.242174	0.242005	0.239918	0.236069	0.230657	0.223932	0.216107	0.207429	0.198304	0.189125	0.180164	0.171603	0.163519	0.155921	
0.151423	0.158223	0.165378	0.172834	0.180427	0.18794	0.195129	0.201751	0.207619	0.21257	0.216443	0.2191	0.220419	0.220321	0.21881	0.215946	0.21183	0.206606	0.20043	0.193497	0.186076	0.178447	0.170861	0.163518	0.156491	0.149797	
0.145335	0.15131	0.157509	0.163873	0.170276	0.176555	0.182534	0.188036	0.192908	0.197013	0.200207	0.202373	0.203429	0.203331	0.202075	0.199702	0.196293	0.191968	0.186865	0.181148	0.175009	0.168638	0.162224	0.155918	0.149795	0.143888	
