116.572	117.827	119.095	120.377	121.673	122.981	124.301	125.633	126.974	128.325	129.683	131.049	132.419	133.794	135.171	136.548	137.924	139.296	140.663	142.022	143.37	144.706	146.026	147.328	148.609	149.867	151.098	152.301	153.472	154.608	155.708	156.769	157.787	158.762	159.69	160.57	161.399	162.177	162.901	163.57	164.182	164.736	165.232	165.667	166.042	166.356	166.607	166.796	166.922	166.985	166.985	166.922	166.796	166.607	166.356	166.042	165.667	165.232	164.736	164.182	163.57	162.901	162.177	161.399	160.57	159.69	158.762	157.787	156.769	155.708	154.608	153.472	152.301	151.098	149.867	148.609	147.328	146.026	144.706	143.37	142.022	140.663	139.296	137.924	136.548	135.171	133.794	132.419	131.049	129.683	128.325	126.974	125.633	124.301	122.981	121.673	120.377	119.095	117.827	116.572	
117.827	119.123	120.435	121.763	123.106	124.463	125.833	127.216	128.611	130.017	131.432	132.856	134.286	135.722	137.162	138.603	140.044	141.483	142.916	144.343	145.76	147.164	148.553	149.924	151.273	152.599	153.897	155.166	156.402	157.601	158.762	159.882	160.958	161.987	162.967	163.897	164.773	165.594	166.358	167.065	167.711	168.296	168.819	169.279	169.675	170.006	170.271	170.47	170.604	170.67	170.67	170.604	170.47	170.271	170.006	169.675	169.279	168.819	168.296	167.711	167.065	166.358	165.594	164.773	163.897	162.967	161.987	160.958	159.882	158.762	157.601	156.402	155.166	153.897	152.599	151.273	149.924	148.553	147.164	145.76	144.343	142.916	141.483	140.044	138.603	137.162	135.722	134.286	132.856	131.432	130.017	128.611	127.216	125.833	124.463	123.106	121.763	120.435	119.123	117.827	
119.095	120.435	121.793	123.168	124.56	125.967	127.39	128.827	130.278	131.742	133.217	134.702	136.196	137.696	139.202	140.711	142.222	143.731	145.236	146.735	148.225	149.703	151.166	152.61	154.033	155.432	156.803	158.142	159.447	160.715	161.942	163.125	164.262	165.35	166.386	167.368	168.295	169.162	169.97	170.716	171.399	172.018	172.57	173.056	173.474	173.823	174.103	174.314	174.454	174.525	174.525	174.454	174.314	174.103	173.823	173.474	173.056	172.57	172.018	171.399	170.716	169.97	169.162	168.295	167.368	166.386	165.35	164.262	163.125	161.942	160.715	159.447	158.142	156.803	155.432	154.033	152.61	151.166	149.703	148.225	146.735	145.236	143.731	142.222	140.711	139.202	137.696	136.196	134.702	133.217	131.742	130.278	128.827	127.39	125.967	124.56	123.168	121.793	120.435	119.095	
120.377	121.763	123.168	124.592	126.035	127.495	128.972	130.466	131.976	133.5	135.038	136.588	138.148	139.717	141.293	142.875	144.459	146.043	147.625	149.201	150.77	152.326	153.869	155.393	156.895	158.372	159.82	161.236	162.616	163.957	165.255	166.507	167.709	168.86	169.957	170.996	171.975	172.893	173.748	174.537	175.258	175.912	176.496	177.009	177.45	177.82	178.116	178.338	178.487	178.561	178.561	178.487	178.338	178.116	177.82	177.45	177.009	176.496	175.912	175.258	174.537	173.748	172.893	171.975	170.996	169.957	168.86	167.709	166.507	165.255	163.957	162.616	161.236	159.82	158.372	156.895	155.393	153.869	152.326	150.77	149.201	147.625	146.043	144.459	142.875	141.293	139.717	138.148	136.588	135.038	133.5	131.976	130.466	128.972	127.495	126.035	124.592	123.168	121.763	120.377	
121.673	123.106	124.56	126.035	127.53	129.045	130.58	132.133	133.704	135.292	136.896	138.514	140.144	141.786	143.437	145.095	146.757	148.422	150.085	151.745	153.397	155.039	156.667	158.276	159.864	161.426	162.958	164.456	165.917	167.336	168.711	170.036	171.31	172.529	173.69	174.79	175.827	176.799	177.703	178.538	179.301	179.992	180.61	181.152	181.619	182.009	182.322	182.557	182.714	182.792	182.792	182.714	182.557	182.322	182.009	181.619	181.152	180.61	179.992	179.301	178.538	177.703	176.799	175.827	174.79	173.69	172.529	171.31	170.036	168.711	167.336	165.917	164.456	162.958	161.426	159.864	158.276	156.667	155.039	153.397	151.745	150.085	148.422	146.757	145.095	143.437	141.786	140.144	138.514	136.896	135.292	133.704	132.133	130.58	129.045	127.53	126.035	124.56	123.106	121.673	
122.981	124.463	125.967	127.495	129.045	130.618	132.212	133.827	135.463	137.117	138.79	140.48	142.185	143.904	145.634	147.374	149.12	150.87	152.621	154.37	156.113	157.846	159.565	161.267	162.947	164.6	166.223	167.811	169.359	170.863	172.32	173.726	175.077	176.369	177.599	178.765	179.864	180.893	181.85	182.734	183.542	184.273	184.926	185.5	185.993	186.406	186.736	186.985	187.151	187.234	187.234	187.151	186.985	186.736	186.406	185.993	185.5	184.926	184.273	183.542	182.734	181.85	180.893	179.864	178.765	177.599	176.369	175.077	173.726	172.32	170.863	169.359	167.811	166.223	164.6	162.947	161.267	159.565	157.846	156.113	154.37	152.621	150.87	149.12	147.374	145.634	143.904	142.185	140.48	138.79	137.117	135.463	133.827	132.212	130.618	129.045	127.495	125.967	124.463	122.981	
124.301	125.833	127.39	128.972	130.58	132.212	133.868	135.548	137.251	138.976	140.722	142.488	144.272	146.072	147.886	149.712	151.548	153.39	155.235	157.079	158.92	160.751	162.57	164.372	166.152	167.904	169.625	171.309	172.952	174.549	176.096	177.588	179.021	180.392	181.697	182.934	184.099	185.19	186.204	187.14	187.996	188.77	189.461	190.068	190.59	191.026	191.376	191.639	191.814	191.902	191.902	191.814	191.639	191.376	191.026	190.59	190.068	189.461	188.77	187.996	187.14	186.204	185.19	184.099	182.934	181.697	180.392	179.021	177.588	176.096	174.549	172.952	171.309	169.625	167.904	166.152	164.372	162.57	160.751	158.92	157.079	155.235	153.39	151.548	149.712	147.886	146.072	144.272	142.488	140.722	138.976	137.251	135.548	133.868	132.212	130.58	128.972	127.39	125.833	124.301	
125.633	127.216	128.827	130.466	132.133	133.827	135.548	137.296	139.069	140.868	142.691	144.537	146.403	148.29	150.194	152.113	154.044	155.984	157.93	159.877	161.823	163.761	165.688	167.598	169.486	171.347	173.174	174.964	176.71	178.407	180.05	181.636	183.159	184.615	186.001	187.314	188.55	189.707	190.782	191.774	192.681	193.501	194.233	194.875	195.427	195.889	196.259	196.536	196.722	196.814	196.814	196.722	196.536	196.259	195.889	195.427	194.875	194.233	193.501	192.681	191.774	190.782	189.707	188.55	187.314	186.001	184.615	183.159	181.636	180.05	178.407	176.71	174.964	173.174	171.347	169.486	167.598	165.688	163.761	161.823	159.877	157.93	155.984	154.044	152.113	150.194	148.29	146.403	144.537	142.691	140.868	139.069	137.296	135.548	133.827	132.133	130.466	128.827	127.216	125.633	
126.974	128.611	130.278	131.976	133.704	135.463	137.251	139.069	140.917	142.793	144.697	146.626	148.581	150.559	152.558	154.576	156.609	158.655	160.709	162.769	164.828	166.882	168.925	170.953	172.959	174.937	176.881	178.786	180.644	182.45	184.199	185.886	187.506	189.054	190.528	191.922	193.235	194.463	195.604	196.656	197.617	198.486	199.261	199.941	200.525	201.014	201.405	201.699	201.895	201.993	201.993	201.895	201.699	201.405	201.014	200.525	199.941	199.261	198.486	197.617	196.656	195.604	194.463	193.235	191.922	190.528	189.054	187.506	185.886	184.199	182.45	180.644	178.786	176.881	174.937	172.959	170.953	168.925	166.882	164.828	162.769	160.709	158.655	156.609	154.576	152.558	150.559	148.581	146.626	144.697	142.793	140.917	139.069	137.251	135.463	133.704	131.976	130.278	128.611	126.974	
128.325	130.017	131.742	133.5	135.292	137.117	138.976	140.868	142.793	144.75	146.739	148.757	150.805	152.88	154.981	157.104	159.247	161.406	163.577	165.757	167.939	170.119	172.29	174.447	176.582	178.688	180.76	182.789	184.77	186.695	188.559	190.357	192.082	193.73	195.298	196.781	198.176	199.48	200.692	201.808	202.827	203.747	204.568	205.289	205.907	206.424	206.838	207.149	207.356	207.46	207.46	207.356	207.149	206.838	206.424	205.907	205.289	204.568	203.747	202.827	201.808	200.692	199.48	198.176	196.781	195.298	193.73	192.082	190.357	188.559	186.695	184.77	182.789	180.76	178.688	176.582	174.447	172.29	170.119	167.939	165.757	163.577	161.406	159.247	157.104	154.981	152.88	150.805	148.757	146.739	144.75	142.793	140.868	138.976	137.117	135.292	133.5	131.742	130.017	128.325	
129.683	131.432	133.217	135.038	136.896	138.79	140.722	142.691	144.697	146.739	148.816	150.929	153.075	155.253	157.462	159.697	161.958	164.239	166.537	168.847	171.163	173.48	175.791	178.088	180.364	182.612	184.823	186.99	189.105	191.161	193.151	195.069	196.909	198.666	200.335	201.913	203.397	204.783	206.07	207.254	208.335	209.311	210.181	210.944	211.599	212.146	212.584	212.912	213.131	213.241	213.241	213.131	212.912	212.584	212.146	211.599	210.944	210.181	209.311	208.335	207.254	206.07	204.783	203.397	201.913	200.335	198.666	196.909	195.069	193.151	191.161	189.105	186.99	184.823	182.612	180.364	178.088	175.791	173.48	171.163	168.847	166.537	164.239	161.958	159.697	157.462	155.253	153.075	150.929	148.816	146.739	144.697	142.691	140.722	138.79	136.896	135.038	133.217	131.432	129.683	
131.049	132.856	134.702	136.588	138.514	140.48	142.488	144.537	146.626	148.757	150.929	153.14	155.39	157.678	160.001	162.358	164.744	167.157	169.592	172.043	174.506	176.973	179.436	181.889	184.321	186.724	189.09	191.408	193.671	195.87	197.998	200.047	202.011	203.886	205.666	207.347	208.927	210.401	211.768	213.025	214.172	215.207	216.129	216.937	217.63	218.209	218.672	219.019	219.251	219.367	219.367	219.251	219.019	218.672	218.209	217.63	216.937	216.129	215.207	214.172	213.025	211.768	210.401	208.927	207.347	205.666	203.886	202.011	200.047	197.998	195.87	193.671	191.408	189.09	186.724	184.321	181.889	179.436	176.973	174.506	172.043	169.592	167.157	164.744	162.358	160.001	157.678	155.39	153.14	150.929	148.757	146.626	144.537	142.488	140.48	138.514	136.588	134.702	132.856	131.049	
132.419	134.286	136.196	138.148	140.144	142.185	144.272	146.403	148.581	150.805	153.075	155.39	157.751	160.154	162.6	165.085	167.607	170.162	172.745	175.351	177.974	180.606	183.238	185.861	188.466	191.041	193.578	196.064	198.49	200.847	203.126	205.319	207.42	209.423	211.323	213.115	214.797	216.365	217.818	219.154	220.371	221.468	222.445	223.301	224.035	224.647	225.137	225.504	225.749	225.872	225.872	225.749	225.504	225.137	224.647	224.035	223.301	222.445	221.468	220.371	219.154	217.818	216.365	214.797	213.115	211.323	209.423	207.42	205.319	203.126	200.847	198.49	196.064	193.578	191.041	188.466	185.861	183.238	180.606	177.974	175.351	172.745	170.162	167.607	165.085	162.6	160.154	157.751	155.39	153.075	150.805	148.581	146.403	144.272	142.185	140.144	138.148	136.196	134.286	132.419	
133.794	135.722	137.696	139.717	141.786	143.904	146.072	148.29	150.559	152.88	155.253	157.678	160.154	162.681	165.257	167.88	170.548	173.257	176.001	178.776	181.574	184.387	187.206	190.02	192.816	195.584	198.31	200.983	203.591	206.123	208.568	210.92	213.17	215.312	217.342	219.254	221.047	222.716	224.261	225.68	226.971	228.135	229.17	230.076	230.852	231.5	232.018	232.406	232.665	232.794	232.794	232.665	232.406	232.018	231.5	230.852	230.076	229.17	228.135	226.971	225.68	224.261	222.716	221.047	219.254	217.342	215.312	213.17	210.92	208.568	206.123	203.591	200.983	198.31	195.584	192.816	190.02	187.206	184.387	181.574	178.776	176.001	173.257	170.548	167.88	165.257	162.681	160.154	157.678	155.253	152.88	150.559	148.29	146.072	143.904	141.786	139.717	137.696	135.722	133.794	
135.171	137.162	139.202	141.293	143.437	145.634	147.886	150.194	152.558	154.981	157.462	160.001	162.6	165.257	167.972	170.743	173.567	176.442	179.362	182.322	185.314	188.328	191.355	194.381	197.392	200.376	203.315	206.197	209.008	211.734	214.364	216.89	219.303	221.598	223.768	225.81	227.721	229.499	231.142	232.649	234.019	235.253	236.349	237.308	238.129	238.814	239.361	239.772	240.045	240.182	240.182	240.045	239.772	239.361	238.814	238.129	237.308	236.349	235.253	234.019	232.649	231.142	229.499	227.721	225.81	223.768	221.598	219.303	216.89	214.364	211.734	209.008	206.197	203.315	200.376	197.392	194.381	191.355	188.328	185.314	182.322	179.362	176.442	173.567	170.743	167.972	165.257	162.6	160.001	157.462	154.981	152.558	150.194	147.886	145.634	143.437	141.293	139.202	137.162	135.171	
136.548	138.603	140.711	142.875	145.095	147.374	149.712	152.113	154.576	157.104	159.697	162.358	165.085	167.88	170.743	173.672	176.665	179.72	182.832	185.995	189.2	192.439	195.698	198.963	202.218	205.445	208.626	211.744	214.782	217.725	220.561	223.279	225.872	228.332	230.654	232.836	234.874	236.768	238.515	240.116	241.57	242.877	244.038	245.053	245.921	246.645	247.223	247.656	247.945	248.089	248.089	247.945	247.656	247.223	246.645	245.921	245.053	244.038	242.877	241.57	240.116	238.515	236.768	234.874	232.836	230.654	228.332	225.872	223.279	220.561	217.725	214.782	211.744	208.626	205.445	202.218	198.963	195.698	192.439	189.2	185.995	182.832	179.72	176.665	173.672	170.743	167.88	165.085	162.358	159.697	157.104	154.576	152.113	149.712	147.374	145.095	142.875	140.711	138.603	136.548	
137.924	140.044	142.222	144.459	146.757	149.12	151.548	154.044	156.609	159.247	161.958	164.744	167.607	170.548	173.567	176.665	179.84	183.09	186.411	189.798	193.242	196.731	200.253	203.79	207.322	210.827	214.284	217.669	220.965	224.152	227.217	230.149	232.938	235.579	238.067	240.399	242.574	244.59	246.449	248.148	249.69	251.075	252.304	253.376	254.294	255.058	255.668	256.126	256.43	256.582	256.582	256.43	256.126	255.668	255.058	254.294	253.376	252.304	251.075	249.69	248.148	246.449	244.59	242.574	240.399	238.067	235.579	232.938	230.149	227.217	224.152	220.965	217.669	214.284	210.827	207.322	203.79	200.253	196.731	193.242	189.798	186.411	183.09	179.84	176.665	173.567	170.548	167.607	164.744	161.958	159.247	156.609	154.044	151.548	149.12	146.757	144.459	142.222	140.044	137.924	
139.296	141.483	143.731	146.043	148.422	150.87	153.39	155.984	158.655	161.406	164.239	167.157	170.162	173.257	176.442	179.72	183.09	186.552	190.102	193.735	197.445	201.217	205.038	208.887	212.739	216.566	220.34	224.034	227.623	231.087	234.409	237.576	240.582	243.42	246.087	248.581	250.901	253.049	255.024	256.828	258.463	259.929	261.228	262.362	263.331	264.137	264.78	265.262	265.583	265.744	265.744	265.583	265.262	264.78	264.137	263.331	262.362	261.228	259.929	258.463	256.828	255.024	253.049	250.901	248.581	246.087	243.42	240.582	237.576	234.409	231.087	227.623	224.034	220.34	216.566	212.739	208.887	205.038	201.217	197.445	193.735	190.102	186.552	183.09	179.72	176.442	173.257	170.162	167.157	164.239	161.406	158.655	155.984	153.39	150.87	148.422	146.043	143.731	141.483	139.296	
140.663	142.916	145.236	147.625	150.085	152.621	155.235	157.93	160.709	163.577	166.537	169.592	172.745	176.001	179.362	182.832	186.411	190.102	193.902	197.809	201.816	205.91	210.075	214.286	218.512	222.717	226.865	230.917	234.845	238.623	242.233	245.664	248.907	251.959	254.819	257.486	259.962	262.248	264.347	266.261	267.992	269.543	270.916	272.112	273.135	273.984	274.662	275.17	275.508	275.677	275.677	275.508	275.17	274.662	273.984	273.135	272.112	270.916	269.543	267.992	266.261	264.347	262.248	259.962	257.486	254.819	251.959	248.907	245.664	242.233	238.623	234.845	230.917	226.865	222.717	218.512	214.286	210.075	205.91	201.816	197.809	193.902	190.102	186.411	182.832	179.362	176.001	172.745	169.592	166.537	163.577	160.709	157.93	155.235	152.621	150.085	147.625	145.236	142.916	140.663	
142.022	144.343	146.735	149.201	151.745	154.37	157.079	159.877	162.769	165.757	168.847	172.043	175.351	178.776	182.322	185.995	189.798	193.735	197.809	202.019	206.359	210.821	215.386	220.024	224.698	229.357	233.949	238.426	242.749	246.887	250.822	254.545	258.049	261.334	264.401	267.253	269.893	272.325	274.553	276.582	278.413	280.052	281.501	282.763	283.841	284.735	285.449	285.983	286.338	286.515	286.515	286.338	285.983	285.449	284.735	283.841	282.763	281.501	280.052	278.413	276.582	274.553	272.325	269.893	267.253	264.401	261.334	258.049	254.545	250.822	246.887	242.749	238.426	233.949	229.357	224.698	220.024	215.386	210.821	206.359	202.019	197.809	193.735	189.798	185.995	182.322	178.776	175.351	172.043	168.847	165.757	162.769	159.877	157.079	154.37	151.745	149.201	146.735	144.343	142.022	
143.37	145.76	148.225	150.77	153.397	156.113	158.92	161.823	164.828	167.939	171.163	174.506	177.974	181.574	185.314	189.2	193.242	197.445	201.816	206.359	211.076	215.961	220.996	226.15	231.371	236.589	241.727	246.716	251.504	256.058	260.361	264.407	268.196	271.732	275.02	278.068	280.881	283.466	285.829	287.977	289.913	291.643	293.17	294.499	295.633	296.574	297.324	297.885	298.258	298.444	298.444	298.258	297.885	297.324	296.574	295.633	294.499	293.17	291.643	289.913	287.977	285.829	283.466	280.881	278.068	275.02	271.732	268.196	264.407	260.361	256.058	251.504	246.716	241.727	236.589	231.371	226.15	220.996	215.961	211.076	206.359	201.816	197.445	193.242	189.2	185.314	181.574	177.974	174.506	171.163	167.939	164.828	161.823	158.92	156.113	153.397	150.77	148.225	145.76	143.37	
144.706	147.164	149.703	152.326	155.039	157.846	160.751	163.761	166.882	170.119	173.48	176.973	180.606	184.387	188.328	192.439	196.731	201.217	205.91	210.821	215.961	221.332	226.929	232.718	238.635	244.572	250.404	256.026	261.369	266.403	271.12	275.523	279.621	283.426	286.949	290.203	293.197	295.941	298.444	300.714	302.757	304.581	306.189	307.587	308.778	309.766	310.553	311.141	311.533	311.728	311.728	311.533	311.141	310.553	309.766	308.778	307.587	306.189	304.581	302.757	300.714	298.444	295.941	293.197	290.203	286.949	283.426	279.621	275.523	271.12	266.403	261.369	256.026	250.404	244.572	238.635	232.718	226.929	221.332	215.961	210.821	205.91	201.217	196.731	192.439	188.328	184.387	180.606	176.973	173.48	170.119	166.882	163.761	160.751	157.846	155.039	152.326	149.703	147.164	144.706	
146.026	148.553	151.166	153.869	156.667	159.565	162.57	165.688	168.925	172.29	175.791	179.436	183.238	187.206	191.355	195.698	200.253	205.038	210.075	215.386	220.996	226.929	233.2	239.797	246.645	253.568	260.33	266.756	272.769	278.357	283.536	288.328	292.758	296.847	300.617	304.085	307.266	310.175	312.822	315.217	317.371	319.29	320.98	322.448	323.697	324.733	325.558	326.175	326.585	326.789	326.789	326.585	326.175	325.558	324.733	323.697	322.448	320.98	319.29	317.371	315.217	312.822	310.175	307.266	304.085	300.617	296.847	292.758	288.328	283.536	278.357	272.769	266.756	260.33	253.568	246.645	239.797	233.2	226.929	220.996	215.386	210.075	205.038	200.253	195.698	191.355	187.206	183.238	179.436	175.791	172.29	168.925	165.688	162.57	159.565	156.667	153.869	151.166	148.553	146.026	
147.328	149.924	152.61	155.393	158.276	161.267	164.372	167.598	170.953	174.447	178.088	181.889	185.861	190.02	194.381	198.963	203.79	208.887	214.286	220.024	226.15	232.718	239.797	247.446	255.651	264.101	272.217	279.692	286.507	292.724	298.41	303.619	308.399	312.786	316.812	320.501	323.875	326.951	329.745	332.269	334.534	336.549	338.322	339.861	341.17	342.254	343.117	343.762	344.19	344.404	344.404	344.19	343.762	343.117	342.254	341.17	339.861	338.322	336.549	334.534	332.269	329.745	326.951	323.875	320.501	316.812	312.786	308.399	303.619	298.41	292.724	286.507	279.692	272.217	264.101	255.651	247.446	239.797	232.718	226.15	220.024	214.286	208.887	203.79	198.963	194.381	190.02	185.861	181.889	178.088	174.447	170.953	167.598	164.372	161.267	158.276	155.393	152.61	149.924	147.328	
148.609	151.273	154.033	156.895	159.864	162.947	166.152	169.486	172.959	176.582	180.364	184.321	188.466	192.816	197.392	202.218	207.322	212.739	218.512	224.698	231.371	238.635	246.645	255.651	266.081	277.754	288.095	296.922	304.664	311.57	317.795	323.441	328.583	333.276	337.563	341.477	345.046	348.293	351.235	353.888	356.265	358.378	360.235	361.845	363.213	364.346	365.247	365.92	366.368	366.591	366.591	366.368	365.92	365.247	364.346	363.213	361.845	360.235	358.378	356.265	353.888	351.235	348.293	345.046	341.477	337.563	333.276	328.583	323.441	317.795	311.57	304.664	296.922	288.095	277.754	266.081	255.651	246.645	238.635	231.371	224.698	218.512	212.739	207.322	202.218	197.392	192.816	188.466	184.321	180.364	176.582	172.959	169.486	166.152	162.947	159.864	156.895	154.033	151.273	148.609	
149.867	152.599	155.432	158.372	161.426	164.6	167.904	171.347	174.937	178.688	182.612	186.724	191.041	195.584	200.376	205.445	210.827	216.566	222.717	229.357	236.589	244.572	253.568	264.101	277.754	300.566	314.128	324.479	333.202	340.82	347.596	353.686	359.194	364.196	368.745	372.886	376.65	380.067	383.157	385.94	388.43	390.64	392.581	394.261	395.689	396.871	397.81	398.512	398.978	399.21	399.21	398.978	398.512	397.81	396.871	395.689	394.261	392.581	390.64	388.43	385.94	383.157	380.067	376.65	372.886	368.745	364.196	359.194	353.686	347.596	340.82	333.202	324.479	314.128	300.566	277.754	264.101	253.568	244.572	236.589	229.357	222.717	216.566	210.827	205.445	200.376	195.584	191.041	186.724	182.612	178.688	174.937	171.347	167.904	164.6	161.426	158.372	155.432	152.599	149.867	
151.098	153.897	156.803	159.82	162.958	166.223	169.625	173.174	176.881	180.76	184.823	189.09	193.578	198.31	203.315	208.626	214.284	220.34	226.865	233.949	241.727	250.404	260.33	272.217	288.095	314.128	329.913	341.615	351.263	359.569	366.882	373.407	379.277	384.583	389.392	393.757	397.716	401.301	404.539	407.45	410.051	412.358	414.382	416.133	417.62	418.85	419.827	420.556	421.041	421.283	421.283	421.041	420.556	419.827	418.85	417.62	416.133	414.382	412.358	410.051	407.45	404.539	401.301	397.716	393.757	389.392	384.583	379.277	373.407	366.882	359.569	351.263	341.615	329.913	314.128	288.095	272.217	260.33	250.404	241.727	233.949	226.865	220.34	214.284	208.626	203.315	198.31	193.578	189.09	184.823	180.76	176.881	173.174	169.625	166.223	162.958	159.82	156.803	153.897	151.098	
152.301	155.166	158.142	161.236	164.456	167.811	171.309	174.964	178.786	182.789	186.99	191.408	196.064	200.983	206.197	211.744	217.669	224.034	230.917	238.426	246.716	256.026	266.756	279.692	296.922	324.479	341.615	354.363	364.81	373.742	381.559	388.499	394.716	400.317	405.379	409.962	414.112	417.863	421.245	424.282	426.993	429.395	431.501	433.322	434.867	436.144	437.159	437.916	438.419	438.67	438.67	438.419	437.916	437.159	436.144	434.867	433.322	431.501	429.395	426.993	424.282	421.245	417.863	414.112	409.962	405.379	400.317	394.716	388.499	381.559	373.742	364.81	354.363	341.615	324.479	296.922	279.692	266.756	256.026	246.716	238.426	230.917	224.034	217.669	211.744	206.197	200.983	196.064	191.408	186.99	182.789	178.786	174.964	171.309	167.811	164.456	161.236	158.142	155.166	152.301	
153.472	156.402	159.447	162.616	165.917	169.359	172.952	176.71	180.644	184.77	189.105	193.671	198.49	203.591	209.008	214.782	220.965	227.623	234.845	242.749	251.504	261.369	272.769	286.507	304.664	333.202	351.263	364.81	375.922	385.404	393.678	401.003	407.547	413.429	418.735	423.529	427.862	431.774	435.297	438.457	441.276	443.771	445.957	447.846	449.448	450.772	451.823	452.607	453.128	453.388	453.388	453.128	452.607	451.823	450.772	449.448	447.846	445.957	443.771	441.276	438.457	435.297	431.774	427.862	423.529	418.735	413.429	407.547	401.003	393.678	385.404	375.922	364.81	351.263	333.202	304.664	286.507	272.769	261.369	251.504	242.749	234.845	227.623	220.965	214.782	209.008	203.591	198.49	193.671	189.105	184.77	180.644	176.71	172.952	169.359	165.917	162.616	159.447	156.402	153.472	
154.608	157.601	160.715	163.957	167.336	170.863	174.549	178.407	182.45	186.695	191.161	195.87	200.847	206.123	211.734	217.725	224.152	231.087	238.623	246.887	256.058	266.403	278.357	292.724	311.57	340.82	359.569	373.742	385.404	395.359	404.041	411.717	418.565	424.711	430.246	435.241	439.751	443.817	447.476	450.756	453.678	456.264	458.527	460.483	462.141	463.51	464.597	465.408	465.946	466.215	466.215	465.946	465.408	464.597	463.51	462.141	460.483	458.527	456.264	453.678	450.756	447.476	443.817	439.751	435.241	430.246	424.711	418.565	411.717	404.041	395.359	385.404	373.742	359.569	340.82	311.57	292.724	278.357	266.403	256.058	246.887	238.623	231.087	224.152	217.725	211.734	206.123	200.847	195.87	191.161	186.695	182.45	178.407	174.549	170.863	167.336	163.957	160.715	157.601	154.608	
155.708	158.762	161.942	165.255	168.711	172.32	176.096	180.05	184.199	188.559	193.151	197.998	203.126	208.568	214.364	220.561	227.217	234.409	242.233	250.822	260.361	271.12	283.536	298.41	317.795	347.596	366.882	381.559	393.678	404.041	413.084	421.076	428.202	434.592	440.342	445.527	450.204	454.418	458.207	461.601	464.623	467.296	469.635	471.654	473.366	474.779	475.901	476.737	477.292	477.569	477.569	477.292	476.737	475.901	474.779	473.366	471.654	469.635	467.296	464.623	461.601	458.207	454.418	450.204	445.527	440.342	434.592	428.202	421.076	413.084	404.041	393.678	381.559	366.882	347.596	317.795	298.41	283.536	271.12	260.361	250.822	242.233	234.409	227.217	220.561	214.364	208.568	203.126	197.998	193.151	188.559	184.199	180.05	176.096	172.32	168.711	165.255	161.942	158.762	155.708	
156.769	159.882	163.125	166.507	170.036	173.726	177.588	181.636	185.886	190.357	195.069	200.047	205.319	210.92	216.89	223.279	230.149	237.576	245.664	254.545	264.407	275.523	288.328	303.619	323.441	353.686	373.407	388.499	401.003	411.717	421.076	429.352	436.73	443.344	449.294	454.656	459.491	463.845	467.757	471.259	474.378	477.133	479.544	481.625	483.389	484.844	485.999	486.86	487.432	487.717	487.717	487.432	486.86	485.999	484.844	483.389	481.625	479.544	477.133	474.378	471.259	467.757	463.845	459.491	454.656	449.294	443.344	436.73	429.352	421.076	411.717	401.003	388.499	373.407	353.686	323.441	303.619	288.328	275.523	264.407	254.545	245.664	237.576	230.149	223.279	216.89	210.92	205.319	200.047	195.069	190.357	185.886	181.636	177.588	173.726	170.036	166.507	163.125	159.882	156.769	
157.787	160.958	164.262	167.709	171.31	175.077	179.021	183.159	187.506	192.082	196.909	202.011	207.42	213.17	219.303	225.872	232.938	240.582	248.907	258.049	268.196	279.621	292.758	308.399	328.583	359.194	379.277	394.716	407.547	418.565	428.202	436.73	444.336	451.155	457.289	462.816	467.797	472.282	476.311	479.916	483.125	485.96	488.44	490.579	492.392	493.888	495.075	495.96	496.547	496.84	496.84	496.547	495.96	495.075	493.888	492.392	490.579	488.44	485.96	483.125	479.916	476.311	472.282	467.797	462.816	457.289	451.155	444.336	436.73	428.202	418.565	407.547	394.716	379.277	359.194	328.583	308.399	292.758	279.621	268.196	258.049	248.907	240.582	232.938	225.872	219.303	213.17	207.42	202.011	196.909	192.082	187.506	183.159	179.021	175.077	171.31	167.709	164.262	160.958	157.787	
158.762	161.987	165.35	168.86	172.529	176.369	180.392	184.615	189.054	193.73	198.666	203.886	209.423	215.312	221.598	228.332	235.579	243.42	251.959	261.334	271.732	283.426	296.847	312.786	333.276	364.196	384.583	400.317	413.429	424.711	434.592	443.344	451.155	458.161	464.463	470.141	475.259	479.866	484.004	487.706	491	493.91	496.455	498.65	500.51	502.044	503.262	504.169	504.772	505.072	505.072	504.772	504.169	503.262	502.044	500.51	498.65	496.455	493.91	491	487.706	484.004	479.866	475.259	470.141	464.463	458.161	451.155	443.344	434.592	424.711	413.429	400.317	384.583	364.196	333.276	312.786	296.847	283.426	271.732	261.334	251.959	243.42	235.579	228.332	221.598	215.312	209.423	203.886	198.666	193.73	189.054	184.615	180.392	176.369	172.529	168.86	165.35	161.987	158.762	
159.69	162.967	166.386	169.957	173.69	177.599	181.697	186.001	190.528	195.298	200.335	205.666	211.323	217.342	223.768	230.654	238.067	246.087	254.819	264.401	275.02	286.949	300.617	316.812	337.563	368.745	389.392	405.379	418.735	430.246	440.342	449.294	457.289	464.463	470.919	476.736	481.979	486.7	490.939	494.731	498.105	501.086	503.692	505.94	507.844	509.414	510.661	511.59	512.206	512.514	512.514	512.206	511.59	510.661	509.414	507.844	505.94	503.692	501.086	498.105	494.731	490.939	486.7	481.979	476.736	470.919	464.463	457.289	449.294	440.342	430.246	418.735	405.379	389.392	368.745	337.563	316.812	300.617	286.949	275.02	264.401	254.819	246.087	238.067	230.654	223.768	217.342	211.323	205.666	200.335	195.298	190.528	186.001	181.697	177.599	173.69	169.957	166.386	162.967	159.69	
160.57	163.897	167.368	170.996	174.79	178.765	182.934	187.314	191.922	196.781	201.913	207.347	213.115	219.254	225.81	232.836	240.399	248.581	257.486	267.253	278.068	290.203	304.085	320.501	341.477	372.886	393.757	409.962	423.529	435.241	445.527	454.656	462.816	470.141	476.736	482.681	488.039	492.864	497.197	501.073	504.522	507.568	510.231	512.528	514.474	516.079	517.352	518.301	518.931	519.245	519.245	518.931	518.301	517.352	516.079	514.474	512.528	510.231	507.568	504.522	501.073	497.197	492.864	488.039	482.681	476.736	470.141	462.816	454.656	445.527	435.241	423.529	409.962	393.757	372.886	341.477	320.501	304.085	290.203	278.068	267.253	257.486	248.581	240.399	232.836	225.81	219.254	213.115	207.347	201.913	196.781	191.922	187.314	182.934	178.765	174.79	170.996	167.368	163.897	160.57	
161.399	164.773	168.295	171.975	175.827	179.864	184.099	188.55	193.235	198.176	203.397	208.927	214.797	221.047	227.721	234.874	242.574	250.901	259.962	269.893	280.881	293.197	307.266	323.875	345.046	376.65	397.716	414.112	427.862	439.751	450.204	459.491	467.797	475.259	481.979	488.039	493.503	498.423	502.842	506.796	510.314	513.421	516.137	518.48	520.464	522.101	523.4	524.368	525.01	525.331	525.331	525.01	524.368	523.4	522.101	520.464	518.48	516.137	513.421	510.314	506.796	502.842	498.423	493.503	488.039	481.979	475.259	467.797	459.491	450.204	439.751	427.862	414.112	397.716	376.65	345.046	323.875	307.266	293.197	280.881	269.893	259.962	250.901	242.574	234.874	227.721	221.047	214.797	208.927	203.397	198.176	193.235	188.55	184.099	179.864	175.827	171.975	168.295	164.773	161.399	
162.177	165.594	169.162	172.893	176.799	180.893	185.19	189.707	194.463	199.48	204.783	210.401	216.365	222.716	229.499	236.768	244.59	253.049	262.248	272.325	283.466	295.941	310.175	326.951	348.293	380.067	401.301	417.863	431.774	443.817	454.418	463.845	472.282	479.866	486.7	492.864	498.423	503.43	507.928	511.953	515.534	518.697	521.463	523.848	525.868	527.535	528.857	529.842	530.496	530.822	530.822	530.496	529.842	528.857	527.535	525.868	523.848	521.463	518.697	515.534	511.953	507.928	503.43	498.423	492.864	486.7	479.866	472.282	463.845	454.418	443.817	431.774	417.863	401.301	380.067	348.293	326.951	310.175	295.941	283.466	272.325	262.248	253.049	244.59	236.768	229.499	222.716	216.365	210.401	204.783	199.48	194.463	189.707	185.19	180.893	176.799	172.893	169.162	165.594	162.177	
162.901	166.358	169.97	173.748	177.703	181.85	186.204	190.782	195.604	200.692	206.07	211.768	217.818	224.261	231.142	238.515	246.449	255.024	264.347	274.553	285.829	298.444	312.822	329.745	351.235	383.157	404.539	421.245	435.297	447.476	458.207	467.757	476.311	484.004	490.939	497.197	502.842	507.928	512.498	516.587	520.226	523.441	526.251	528.676	530.729	532.422	533.766	534.768	535.432	535.764	535.764	535.432	534.768	533.766	532.422	530.729	528.676	526.251	523.441	520.226	516.587	512.498	507.928	502.842	497.197	490.939	484.004	476.311	467.757	458.207	447.476	435.297	421.245	404.539	383.157	351.235	329.745	312.822	298.444	285.829	274.553	264.347	255.024	246.449	238.515	231.142	224.261	217.818	211.768	206.07	200.692	195.604	190.782	186.204	181.85	177.703	173.748	169.97	166.358	162.901	
163.57	167.065	170.716	174.537	178.538	182.734	187.14	191.774	196.656	201.808	207.254	213.025	219.154	225.68	232.649	240.116	248.148	256.828	266.261	276.582	287.977	300.714	315.217	332.269	353.888	385.94	407.45	424.282	438.457	450.756	461.601	471.259	479.916	487.706	494.731	501.073	506.796	511.953	516.587	520.735	524.427	527.688	530.539	532.999	535.082	536.801	538.164	539.18	539.855	540.191	540.191	539.855	539.18	538.164	536.801	535.082	532.999	530.539	527.688	524.427	520.735	516.587	511.953	506.796	501.073	494.731	487.706	479.916	471.259	461.601	450.756	438.457	424.282	407.45	385.94	353.888	332.269	315.217	300.714	287.977	276.582	266.261	256.828	248.148	240.116	232.649	225.68	219.154	213.025	207.254	201.808	196.656	191.774	187.14	182.734	178.538	174.537	170.716	167.065	163.57	
164.182	167.711	171.399	175.258	179.301	183.542	187.996	192.681	197.617	202.827	208.335	214.172	220.371	226.971	234.019	241.57	249.69	258.463	267.992	278.413	289.913	302.757	317.371	334.534	356.265	388.43	410.051	426.993	441.276	453.678	464.623	474.378	483.125	491	498.105	504.522	510.314	515.534	520.226	524.427	528.166	531.468	534.357	536.849	538.959	540.7	542.082	543.111	543.795	544.135	544.135	543.795	543.111	542.082	540.7	538.959	536.849	534.357	531.468	528.166	524.427	520.226	515.534	510.314	504.522	498.105	491	483.125	474.378	464.623	453.678	441.276	426.993	410.051	388.43	356.265	334.534	317.371	302.757	289.913	278.413	267.992	258.463	249.69	241.57	234.019	226.971	220.371	214.172	208.335	202.827	197.617	192.681	187.996	183.542	179.301	175.258	171.399	167.711	164.182	
164.736	168.296	172.018	175.912	179.992	184.273	188.77	193.501	198.486	203.747	209.311	215.207	221.468	228.135	235.253	242.877	251.075	259.929	269.543	280.052	291.643	304.581	319.29	336.549	358.378	390.64	412.358	429.395	443.771	456.264	467.296	477.133	485.96	493.91	501.086	507.568	513.421	518.697	523.441	527.688	531.468	534.809	537.73	540.251	542.386	544.147	545.544	546.586	547.277	547.622	547.622	547.277	546.586	545.544	544.147	542.386	540.251	537.73	534.809	531.468	527.688	523.441	518.697	513.421	507.568	501.086	493.91	485.96	477.133	467.296	456.264	443.771	429.395	412.358	390.64	358.378	336.549	319.29	304.581	291.643	280.052	269.543	259.929	251.075	242.877	235.253	228.135	221.468	215.207	209.311	203.747	198.486	193.501	188.77	184.273	179.992	175.912	172.018	168.296	164.736	
165.232	168.819	172.57	176.496	180.61	184.926	189.461	194.233	199.261	204.568	210.181	216.129	222.445	229.17	236.349	244.038	252.304	261.228	270.916	281.501	293.17	306.189	320.98	338.322	360.235	392.581	414.382	431.501	445.957	458.527	469.635	479.544	488.44	496.455	503.692	510.231	516.137	521.463	526.251	530.539	534.357	537.73	540.681	543.227	545.383	547.162	548.574	549.626	550.324	550.673	550.673	550.324	549.626	548.574	547.162	545.383	543.227	540.681	537.73	534.357	530.539	526.251	521.463	516.137	510.231	503.692	496.455	488.44	479.544	469.635	458.527	445.957	431.501	414.382	392.581	360.235	338.322	320.98	306.189	293.17	281.501	270.916	261.228	252.304	244.038	236.349	229.17	222.445	216.129	210.181	204.568	199.261	194.233	189.461	184.926	180.61	176.496	172.57	168.819	165.232	
165.667	169.279	173.056	177.009	181.152	185.5	190.068	194.875	199.941	205.289	210.944	216.937	223.301	230.076	237.308	245.053	253.376	262.362	272.112	282.763	294.499	307.587	322.448	339.861	361.845	394.261	416.133	433.322	447.846	460.483	471.654	481.625	490.579	498.65	505.94	512.528	518.48	523.848	528.676	532.999	536.849	540.251	543.227	545.795	547.97	549.764	551.188	552.25	552.954	553.306	553.306	552.954	552.25	551.188	549.764	547.97	545.795	543.227	540.251	536.849	532.999	528.676	523.848	518.48	512.528	505.94	498.65	490.579	481.625	471.654	460.483	447.846	433.322	416.133	394.261	361.845	339.861	322.448	307.587	294.499	282.763	272.112	262.362	253.376	245.053	237.308	230.076	223.301	216.937	210.944	205.289	199.941	194.875	190.068	185.5	181.152	177.009	173.056	169.279	165.667	
166.042	169.675	173.474	177.45	181.619	185.993	190.59	195.427	200.525	205.907	211.599	217.63	224.035	230.852	238.129	245.921	254.294	263.331	273.135	283.841	295.633	308.778	323.697	341.17	363.213	395.689	417.62	434.867	449.448	462.141	473.366	483.389	492.392	500.51	507.844	514.474	520.464	525.868	530.729	535.082	538.959	542.386	545.383	547.97	550.161	551.968	553.403	554.472	555.182	555.536	555.536	555.182	554.472	553.403	551.968	550.161	547.97	545.383	542.386	538.959	535.082	530.729	525.868	520.464	514.474	507.844	500.51	492.392	483.389	473.366	462.141	449.448	434.867	417.62	395.689	363.213	341.17	323.697	308.778	295.633	283.841	273.135	263.331	254.294	245.921	238.129	230.852	224.035	217.63	211.599	205.907	200.525	195.427	190.59	185.993	181.619	177.45	173.474	169.675	166.042	
166.356	170.006	173.823	177.82	182.009	186.406	191.026	195.889	201.014	206.424	212.146	218.209	224.647	231.5	238.814	246.645	255.058	264.137	273.984	284.735	296.574	309.766	324.733	342.254	364.346	396.871	418.85	436.144	450.772	463.51	474.779	484.844	493.888	502.044	509.414	516.079	522.101	527.535	532.422	536.801	540.7	544.147	547.162	549.764	551.968	553.787	555.231	556.306	557.021	557.377	557.377	557.021	556.306	555.231	553.787	551.968	549.764	547.162	544.147	540.7	536.801	532.422	527.535	522.101	516.079	509.414	502.044	493.888	484.844	474.779	463.51	450.772	436.144	418.85	396.871	364.346	342.254	324.733	309.766	296.574	284.735	273.984	264.137	255.058	246.645	238.814	231.5	224.647	218.209	212.146	206.424	201.014	195.889	191.026	186.406	182.009	177.82	173.823	170.006	166.356	
166.607	170.271	174.103	178.116	182.322	186.736	191.376	196.259	201.405	206.838	212.584	218.672	225.137	232.018	239.361	247.223	255.668	264.78	274.662	285.449	297.324	310.553	325.558	343.117	365.247	397.81	419.827	437.159	451.823	464.597	475.901	485.999	495.075	503.262	510.661	517.352	523.4	528.857	533.766	538.164	542.082	545.544	548.574	551.188	553.403	555.231	556.681	557.762	558.48	558.838	558.838	558.48	557.762	556.681	555.231	553.403	551.188	548.574	545.544	542.082	538.164	533.766	528.857	523.4	517.352	510.661	503.262	495.075	485.999	475.901	464.597	451.823	437.159	419.827	397.81	365.247	343.117	325.558	310.553	297.324	285.449	274.662	264.78	255.668	247.223	239.361	232.018	225.137	218.672	212.584	206.838	201.405	196.259	191.376	186.736	182.322	178.116	174.103	170.271	166.607	
166.796	170.47	174.314	178.338	182.557	186.985	191.639	196.536	201.699	207.149	212.912	219.019	225.504	232.406	239.772	247.656	256.126	265.262	275.17	285.983	297.885	311.141	326.175	343.762	365.92	398.512	420.556	437.916	452.607	465.408	476.737	486.86	495.96	504.169	511.59	518.301	524.368	529.842	534.768	539.18	543.111	546.586	549.626	552.25	554.472	556.306	557.762	558.847	559.567	559.927	559.927	559.567	558.847	557.762	556.306	554.472	552.25	549.626	546.586	543.111	539.18	534.768	529.842	524.368	518.301	511.59	504.169	495.96	486.86	476.737	465.408	452.607	437.916	420.556	398.512	365.92	343.762	326.175	311.141	297.885	285.983	275.17	265.262	256.126	247.656	239.772	232.406	225.504	219.019	212.912	207.149	201.699	196.536	191.639	186.985	182.557	178.338	174.314	170.47	166.796	
166.922	170.604	174.454	178.487	182.714	187.151	191.814	196.722	201.895	207.356	213.131	219.251	225.749	232.665	240.045	247.945	256.43	265.583	275.508	286.338	298.258	311.533	326.585	344.19	366.368	398.978	421.041	438.419	453.128	465.946	477.292	487.432	496.547	504.772	512.206	518.931	525.01	530.496	535.432	539.855	543.795	547.277	550.324	552.954	555.182	557.021	558.48	559.567	560.289	560.649	560.649	560.289	559.567	558.48	557.021	555.182	552.954	550.324	547.277	543.795	539.855	535.432	530.496	525.01	518.931	512.206	504.772	496.547	487.432	477.292	465.946	453.128	438.419	421.041	398.978	366.368	344.19	326.585	311.533	298.258	286.338	275.508	265.583	256.43	247.945	240.045	232.665	225.749	219.251	213.131	207.356	201.895	196.722	191.814	187.151	182.714	178.487	174.454	170.604	166.922	
166.985	170.67	174.525	178.561	182.792	187.234	191.902	196.814	201.993	207.46	213.241	219.367	225.872	232.794	240.182	248.089	256.582	265.744	275.677	286.515	298.444	311.728	326.789	344.404	366.591	399.21	421.283	438.67	453.388	466.215	477.569	487.717	496.84	505.072	512.514	519.245	525.331	530.822	535.764	540.191	544.135	547.622	550.673	553.306	555.536	557.377	558.838	559.927	560.649	561.01	561.01	560.649	559.927	558.838	557.377	555.536	553.306	550.673	547.622	544.135	540.191	535.764	530.822	525.331	519.245	512.514	505.072	496.84	487.717	477.569	466.215	453.388	438.67	421.283	399.21	366.591	344.404	326.789	311.728	298.444	286.515	275.677	265.744	256.582	248.089	240.182	232.794	225.872	219.367	213.241	207.46	201.993	196.814	191.902	187.234	182.792	178.561	174.525	170.67	166.985	
