116.365	117.405	118.455	119.515	120.584	121.663	122.75	123.845	124.948	126.058	127.175	128.298	129.426	130.559	131.696	132.836	133.978	135.122	136.265	137.408	138.548	139.685	140.817	141.944	143.063	144.173	145.273	146.361	147.436	148.496	149.54	150.566	151.572	152.556	153.519	154.457	155.369	156.255	157.111	157.938	158.734	159.498	160.228	160.923	161.583	162.206	162.791	163.338	163.846	164.314	164.741	165.128	165.472	165.775	166.035	166.252	166.426	166.557	166.644	166.688	166.688	166.644	166.557	166.426	166.252	166.035	165.775	165.472	165.128	164.741	164.314	163.846	163.338	162.791	162.206	161.583	160.923	160.228	159.498	158.734	157.938	157.111	156.255	155.369	154.457	153.519	152.556	151.572	150.566	149.54	148.496	147.436	146.361	145.273	144.173	143.063	141.944	140.817	139.685	138.548	137.408	136.265	135.122	133.978	132.836	131.696	130.559	129.426	128.298	127.175	126.058	124.948	123.845	122.75	121.663	120.584	119.515	118.455	117.405	116.365	
117.405	118.475	119.555	120.645	121.746	122.857	123.978	125.107	126.245	127.392	128.546	129.707	130.874	132.047	133.225	134.407	135.592	136.778	137.966	139.153	140.338	141.521	142.7	143.873	145.039	146.197	147.344	148.479	149.601	150.708	151.799	152.87	153.922	154.952	155.958	156.939	157.893	158.82	159.716	160.582	161.414	162.213	162.977	163.705	164.395	165.047	165.66	166.232	166.763	167.253	167.7	168.104	168.465	168.781	169.053	169.28	169.462	169.599	169.69	169.736	169.736	169.69	169.599	169.462	169.28	169.053	168.781	168.465	168.104	167.7	167.253	166.763	166.232	165.66	165.047	164.395	163.705	162.977	162.213	161.414	160.582	159.716	158.82	157.893	156.939	155.958	154.952	153.922	152.87	151.799	150.708	149.601	148.479	147.344	146.197	145.039	143.873	142.7	141.521	140.338	139.153	137.966	136.778	135.592	134.407	133.225	132.047	130.874	129.707	128.546	127.392	126.245	125.107	123.978	122.857	121.746	120.645	119.555	118.475	117.405	
118.455	119.555	120.666	121.788	122.922	124.066	125.221	126.387	127.562	128.746	129.939	131.139	132.348	133.562	134.783	136.008	137.237	138.469	139.703	140.937	142.17	143.401	144.629	145.851	147.067	148.274	149.472	150.657	151.83	152.986	154.126	155.247	156.347	157.424	158.477	159.504	160.503	161.473	162.411	163.317	164.189	165.026	165.826	166.587	167.31	167.993	168.634	169.233	169.789	170.302	170.77	171.192	171.57	171.901	172.185	172.423	172.614	172.757	172.852	172.9	172.9	172.852	172.757	172.614	172.423	172.185	171.901	171.57	171.192	170.77	170.302	169.789	169.233	168.634	167.993	167.31	166.587	165.826	165.026	164.189	163.317	162.411	161.473	160.503	159.504	158.477	157.424	156.347	155.247	154.126	152.986	151.83	150.657	149.472	148.274	147.067	145.851	144.629	143.401	142.17	140.937	139.703	138.469	137.237	136.008	134.783	133.562	132.348	131.139	129.939	128.746	127.562	126.387	125.221	124.066	122.922	121.788	120.666	119.555	118.455	
119.515	120.645	121.788	122.943	124.111	125.29	126.481	127.683	128.897	130.12	131.353	132.595	133.846	135.104	136.369	137.64	138.916	140.195	141.478	142.761	144.045	145.327	146.606	147.881	149.149	150.409	151.66	152.898	154.124	155.333	156.525	157.698	158.85	159.977	161.08	162.156	163.202	164.218	165.201	166.151	167.064	167.941	168.779	169.577	170.334	171.049	171.72	172.348	172.93	173.467	173.957	174.399	174.794	175.141	175.439	175.687	175.887	176.036	176.136	176.186	176.186	176.136	176.036	175.887	175.687	175.439	175.141	174.794	174.399	173.957	173.467	172.93	172.348	171.72	171.049	170.334	169.577	168.779	167.941	167.064	166.151	165.201	164.218	163.202	162.156	161.08	159.977	158.85	157.698	156.525	155.333	154.124	152.898	151.66	150.409	149.149	147.881	146.606	145.327	144.045	142.761	141.478	140.195	138.916	137.64	136.369	135.104	133.846	132.595	131.353	130.12	128.897	127.683	126.481	125.29	124.111	122.943	121.788	120.645	119.515	
120.584	121.746	122.922	124.111	125.313	126.529	127.757	128.997	130.25	131.514	132.789	134.074	135.369	136.673	137.984	139.303	140.628	141.958	143.291	144.627	145.963	147.299	148.633	149.962	151.287	152.603	153.91	155.205	156.487	157.753	159.001	160.229	161.435	162.617	163.772	164.9	165.997	167.062	168.093	169.088	170.046	170.964	171.843	172.679	173.473	174.222	174.926	175.583	176.193	176.755	177.268	177.732	178.145	178.508	178.82	179.08	179.289	179.446	179.55	179.603	179.603	179.55	179.446	179.289	179.08	178.82	178.508	178.145	177.732	177.268	176.755	176.193	175.583	174.926	174.222	173.473	172.679	171.843	170.964	170.046	169.088	168.093	167.062	165.997	164.9	163.772	162.617	161.435	160.229	159.001	157.753	156.487	155.205	153.91	152.603	151.287	149.962	148.633	147.299	145.963	144.627	143.291	141.958	140.628	139.303	137.984	136.673	135.369	134.074	132.789	131.514	130.25	128.997	127.757	126.529	125.313	124.111	122.922	121.746	120.584	
121.663	122.857	124.066	125.29	126.529	127.781	129.048	130.328	131.622	132.928	134.246	135.576	136.917	138.269	139.629	140.998	142.374	143.757	145.144	146.534	147.927	149.319	150.711	152.099	153.482	154.858	156.225	157.58	158.922	160.248	161.556	162.843	164.107	165.347	166.559	167.741	168.892	170.009	171.091	172.135	173.14	174.104	175.025	175.902	176.734	177.52	178.257	178.946	179.586	180.175	180.712	181.198	181.631	182.011	182.338	182.61	182.829	182.993	183.102	183.157	183.157	183.102	182.993	182.829	182.61	182.338	182.011	181.631	181.198	180.712	180.175	179.586	178.946	178.257	177.52	176.734	175.902	175.025	174.104	173.14	172.135	171.091	170.009	168.892	167.741	166.559	165.347	164.107	162.843	161.556	160.248	158.922	157.58	156.225	154.858	153.482	152.099	150.711	149.319	147.927	146.534	145.144	143.757	142.374	140.998	139.629	138.269	136.917	135.576	134.246	132.928	131.622	130.328	129.048	127.781	126.529	125.29	124.066	122.857	121.663	
122.75	123.978	125.221	126.481	127.757	129.048	130.354	131.676	133.012	134.362	135.725	137.102	138.492	139.892	141.304	142.725	144.155	145.593	147.037	148.485	149.937	151.39	152.842	154.293	155.739	157.178	158.609	160.028	161.434	162.824	164.195	165.545	166.872	168.173	169.445	170.686	171.895	173.068	174.203	175.299	176.354	177.365	178.332	179.253	180.126	180.95	181.723	182.446	183.116	183.734	184.297	184.806	185.26	185.658	186	186.286	186.514	186.686	186.801	186.858	186.858	186.801	186.686	186.514	186.286	186	185.658	185.26	184.806	184.297	183.734	183.116	182.446	181.723	180.95	180.126	179.253	178.332	177.365	176.354	175.299	174.203	173.068	171.895	170.686	169.445	168.173	166.872	165.545	164.195	162.824	161.434	160.028	158.609	157.178	155.739	154.293	152.842	151.39	149.937	148.485	147.037	145.593	144.155	142.725	141.304	139.892	138.492	137.102	135.725	134.362	133.012	131.676	130.354	129.048	127.757	126.481	125.221	123.978	122.75	
123.845	125.107	126.387	127.683	128.997	130.328	131.676	133.039	134.419	135.815	137.226	138.652	140.091	141.544	143.009	144.485	145.972	147.468	148.971	150.481	151.995	153.511	155.029	156.545	158.058	159.565	161.063	162.551	164.025	165.484	166.923	168.341	169.734	171.1	172.437	173.741	175.011	176.243	177.436	178.588	179.696	180.758	181.774	182.74	183.657	184.521	185.333	186.091	186.794	187.441	188.032	188.565	189.041	189.458	189.817	190.116	190.356	190.536	190.656	190.716	190.716	190.656	190.536	190.356	190.116	189.817	189.458	189.041	188.565	188.032	187.441	186.794	186.091	185.333	184.521	183.657	182.74	181.774	180.758	179.696	178.588	177.436	176.243	175.011	173.741	172.437	171.1	169.734	168.341	166.923	165.484	164.025	162.551	161.063	159.565	158.058	156.545	155.029	153.511	151.995	150.481	148.971	147.468	145.972	144.485	143.009	141.544	140.091	138.652	137.226	135.815	134.419	133.039	131.676	130.328	128.997	127.683	126.387	125.107	123.845	
124.948	126.245	127.562	128.897	130.25	131.622	133.012	134.419	135.845	137.288	138.748	140.224	141.716	143.223	144.744	146.278	147.824	149.381	150.948	152.522	154.102	155.686	157.273	158.859	160.443	162.022	163.593	165.154	166.701	168.233	169.745	171.235	172.699	174.136	175.542	176.913	178.249	179.545	180.799	182.01	183.175	184.291	185.358	186.373	187.336	188.244	189.096	189.891	190.629	191.308	191.927	192.487	192.985	193.422	193.798	194.111	194.363	194.551	194.677	194.74	194.74	194.677	194.551	194.363	194.111	193.798	193.422	192.985	192.487	191.927	191.308	190.629	189.891	189.096	188.244	187.336	186.373	185.358	184.291	183.175	182.01	180.799	179.545	178.249	176.913	175.542	174.136	172.699	171.235	169.745	168.233	166.701	165.154	163.593	162.022	160.443	158.859	157.273	155.686	154.102	152.522	150.948	149.381	147.824	146.278	144.744	143.223	141.716	140.224	138.748	137.288	135.845	134.419	133.012	131.622	130.25	128.897	127.562	126.245	124.948	
126.058	127.392	128.746	130.12	131.514	132.928	134.362	135.815	137.288	138.78	140.291	141.82	143.367	144.93	146.51	148.104	149.713	151.335	152.967	154.61	156.26	157.916	159.576	161.237	162.896	164.552	166.201	167.84	169.466	171.076	172.666	174.234	175.775	177.287	178.767	180.211	181.616	182.98	184.301	185.574	186.8	187.974	189.096	190.163	191.174	192.128	193.023	193.858	194.632	195.344	195.994	196.58	197.103	197.562	197.955	198.284	198.547	198.744	198.876	198.942	198.942	198.876	198.744	198.547	198.284	197.955	197.562	197.103	196.58	195.994	195.344	194.632	193.858	193.023	192.128	191.174	190.163	189.096	187.974	186.8	185.574	184.301	182.98	181.616	180.211	178.767	177.287	175.775	174.234	172.666	171.076	169.466	167.84	166.201	164.552	162.896	161.237	159.576	157.916	156.26	154.61	152.967	151.335	149.713	148.104	146.51	144.93	143.367	141.82	140.291	138.78	137.288	135.815	134.362	132.928	131.514	130.12	128.746	127.392	126.058	
127.175	128.546	129.939	131.353	132.789	134.246	135.725	137.226	138.748	140.291	141.855	143.439	145.042	146.665	148.306	149.964	151.639	153.328	155.031	156.745	158.47	160.202	161.94	163.68	165.421	167.159	168.892	170.615	172.325	174.019	175.693	177.344	178.968	180.561	182.12	183.642	185.123	186.56	187.951	189.292	190.582	191.818	192.998	194.12	195.183	196.185	197.126	198.002	198.815	199.563	200.244	200.86	201.408	201.888	202.301	202.645	202.921	203.128	203.266	203.335	203.335	203.266	203.128	202.921	202.645	202.301	201.888	201.408	200.86	200.244	199.563	198.815	198.002	197.126	196.185	195.183	194.12	192.998	191.818	190.582	189.292	187.951	186.56	185.123	183.642	182.12	180.561	178.968	177.344	175.693	174.019	172.325	170.615	168.892	167.159	165.421	163.68	161.94	160.202	158.47	156.745	155.031	153.328	151.639	149.964	148.306	146.665	145.042	143.439	141.855	140.291	138.748	137.226	135.725	134.246	132.789	131.353	129.939	128.546	127.175	
128.298	129.707	131.139	132.595	134.074	135.576	137.102	138.652	140.224	141.82	143.439	145.08	146.743	148.427	150.133	151.857	153.601	155.362	157.139	158.93	160.733	162.546	164.367	166.193	168.021	169.847	171.669	173.482	175.283	177.068	178.833	180.574	182.287	183.967	185.612	187.217	188.779	190.295	191.761	193.174	194.533	195.835	197.077	198.258	199.376	200.43	201.418	202.339	203.192	203.977	204.693	205.338	205.913	206.417	206.849	207.21	207.499	207.716	207.861	207.933	207.933	207.861	207.716	207.499	207.21	206.849	206.417	205.913	205.338	204.693	203.977	203.192	202.339	201.418	200.43	199.376	198.258	197.077	195.835	194.533	193.174	191.761	190.295	188.779	187.217	185.612	183.967	182.287	180.574	178.833	177.068	175.283	173.482	171.669	169.847	168.021	166.193	164.367	162.546	160.733	158.93	157.139	155.362	153.601	151.857	150.133	148.427	146.743	145.08	143.439	141.82	140.224	138.652	137.102	135.576	134.074	132.595	131.139	129.707	128.298	
129.426	130.874	132.348	133.846	135.369	136.917	138.492	140.091	141.716	143.367	145.042	146.743	148.468	150.217	151.989	153.784	155.601	157.437	159.292	161.164	163.051	164.951	166.86	168.777	170.698	172.619	174.537	176.448	178.347	180.23	182.093	183.931	185.74	187.515	189.253	190.948	192.597	194.197	195.743	197.235	198.667	200.039	201.347	202.591	203.767	204.875	205.914	206.882	207.778	208.602	209.353	210.03	210.633	211.162	211.615	211.993	212.296	212.523	212.675	212.751	212.751	212.675	212.523	212.296	211.993	211.615	211.162	210.633	210.03	209.353	208.602	207.778	206.882	205.914	204.875	203.767	202.591	201.347	200.039	198.667	197.235	195.743	194.197	192.597	190.948	189.253	187.515	185.74	183.931	182.093	180.23	178.347	176.448	174.537	172.619	170.698	168.777	166.86	164.951	163.051	161.164	159.292	157.437	155.601	153.784	151.989	150.217	148.468	146.743	145.042	143.367	141.716	140.091	138.492	136.917	135.369	133.846	132.348	130.874	129.426	
130.559	132.047	133.562	135.104	136.673	138.269	139.892	141.544	143.223	144.93	146.665	148.427	150.217	152.034	153.876	155.745	157.637	159.553	161.491	163.449	165.425	167.417	169.421	171.436	173.457	175.48	177.502	179.518	181.523	183.513	185.482	187.426	189.339	191.216	193.053	194.846	196.589	198.28	199.914	201.488	202.999	204.446	205.825	207.134	208.373	209.539	210.631	211.649	212.59	213.456	214.244	214.954	215.587	216.141	216.616	217.012	217.33	217.568	217.726	217.806	217.806	217.726	217.568	217.33	217.012	216.616	216.141	215.587	214.954	214.244	213.456	212.59	211.649	210.631	209.539	208.373	207.134	205.825	204.446	202.999	201.488	199.914	198.28	196.589	194.846	193.053	191.216	189.339	187.426	185.482	183.513	181.523	179.518	177.502	175.48	173.457	171.436	169.421	167.417	165.425	163.449	161.491	159.553	157.637	155.745	153.876	152.034	150.217	148.427	146.665	144.93	143.223	141.544	139.892	138.269	136.673	135.104	133.562	132.047	130.559	
131.696	133.225	134.783	136.369	137.984	139.629	141.304	143.009	144.744	146.51	148.306	150.133	151.989	153.876	155.793	157.738	159.711	161.711	163.737	165.786	167.856	169.946	172.052	174.172	176.3	178.434	180.568	182.698	184.819	186.924	189.009	191.068	193.094	195.083	197.028	198.926	200.771	202.56	204.287	205.951	207.547	209.073	210.528	211.908	213.212	214.439	215.588	216.658	217.647	218.556	219.383	220.129	220.792	221.373	221.871	222.286	222.619	222.868	223.034	223.118	223.118	223.034	222.868	222.619	222.286	221.871	221.373	220.792	220.129	219.383	218.556	217.647	216.658	215.588	214.439	213.212	211.908	210.528	209.073	207.547	205.951	204.287	202.56	200.771	198.926	197.028	195.083	193.094	191.068	189.009	186.924	184.819	182.698	180.568	178.434	176.3	174.172	172.052	169.946	167.856	165.786	163.737	161.711	159.711	157.738	155.793	153.876	151.989	150.133	148.306	146.51	144.744	143.009	141.304	139.629	137.984	136.369	134.783	133.225	131.696	
132.836	134.407	136.008	137.64	139.303	140.998	142.725	144.485	146.278	148.104	149.964	151.857	153.784	155.745	157.738	159.764	161.822	163.91	166.028	168.174	170.346	172.541	174.756	176.988	179.233	181.486	183.742	185.997	188.243	190.475	192.686	194.87	197.019	199.129	201.193	203.206	205.161	207.055	208.884	210.643	212.33	213.942	215.476	216.932	218.306	219.598	220.807	221.931	222.971	223.925	224.793	225.575	226.271	226.88	227.402	227.837	228.185	228.446	228.621	228.708	228.708	228.621	228.446	228.185	227.837	227.402	226.88	226.271	225.575	224.793	223.925	222.971	221.931	220.807	219.598	218.306	216.932	215.476	213.942	212.33	210.643	208.884	207.055	205.161	203.206	201.193	199.129	197.019	194.87	192.686	190.475	188.243	185.997	183.742	181.486	179.233	176.988	174.756	172.541	170.346	168.174	166.028	163.91	161.822	159.764	157.738	155.745	153.784	151.857	149.964	148.104	146.278	144.485	142.725	140.998	139.303	137.64	136.008	134.407	132.836	
133.978	135.592	137.237	138.916	140.628	142.374	144.155	145.972	147.824	149.713	151.639	153.601	155.601	157.637	159.711	161.822	163.968	166.15	168.366	170.615	172.894	175.201	177.534	179.887	182.258	184.641	187.03	189.42	191.804	194.174	196.524	198.845	201.131	203.373	205.566	207.703	209.779	211.787	213.725	215.587	217.372	219.075	220.695	222.23	223.678	225.039	226.31	227.493	228.585	229.587	230.498	231.319	232.048	232.686	233.233	233.689	234.054	234.327	234.51	234.601	234.601	234.51	234.327	234.054	233.689	233.233	232.686	232.048	231.319	230.498	229.587	228.585	227.493	226.31	225.039	223.678	222.23	220.695	219.075	217.372	215.587	213.725	211.787	209.779	207.703	205.566	203.373	201.131	198.845	196.524	194.174	191.804	189.42	187.03	184.641	182.258	179.887	177.534	175.201	172.894	170.615	168.366	166.15	163.968	161.822	159.711	157.637	155.601	153.601	151.639	149.713	147.824	145.972	144.155	142.374	140.628	138.916	137.237	135.592	133.978	
135.122	136.778	138.469	140.195	141.958	143.757	145.593	147.468	149.381	151.335	153.328	155.362	157.437	159.553	161.711	163.91	166.15	168.431	170.75	173.108	175.502	177.93	180.388	182.873	185.38	187.905	190.44	192.978	195.513	198.036	200.538	203.011	205.446	207.834	210.169	212.442	214.648	216.781	218.836	220.81	222.698	224.499	226.21	227.83	229.357	230.79	232.128	233.371	234.519	235.571	236.527	237.388	238.152	238.821	239.394	239.871	240.253	240.539	240.73	240.825	240.825	240.73	240.539	240.253	239.871	239.394	238.821	238.152	237.388	236.527	235.571	234.519	233.371	232.128	230.79	229.357	227.83	226.21	224.499	222.698	220.81	218.836	216.781	214.648	212.442	210.169	207.834	205.446	203.011	200.538	198.036	195.513	192.978	190.44	187.905	185.38	182.873	180.388	177.93	175.502	173.108	170.75	168.431	166.15	163.91	161.711	159.553	157.437	155.362	153.328	151.335	149.381	147.468	145.593	143.757	141.958	140.195	138.469	136.778	135.122	
136.265	137.966	139.703	141.478	143.291	145.144	147.037	148.971	150.948	152.967	155.031	157.139	159.292	161.491	163.737	166.028	168.366	170.75	173.18	175.654	178.17	180.726	183.32	185.948	188.604	191.283	193.978	196.68	199.383	202.074	204.746	207.386	209.986	212.536	215.026	217.449	219.797	222.065	224.248	226.341	228.342	230.247	232.056	233.765	235.375	236.884	238.292	239.599	240.805	241.909	242.913	243.815	244.616	245.316	245.916	246.416	246.815	247.115	247.314	247.414	247.414	247.314	247.115	246.815	246.416	245.916	245.316	244.616	243.815	242.913	241.909	240.805	239.599	238.292	236.884	235.375	233.765	232.056	230.247	228.342	226.341	224.248	222.065	219.797	217.449	215.026	212.536	209.986	207.386	204.746	202.074	199.383	196.68	193.978	191.283	188.604	185.948	183.32	180.726	178.17	175.654	173.18	170.75	168.366	166.028	163.737	161.491	159.292	157.139	155.031	152.967	150.948	148.971	147.037	145.144	143.291	141.478	139.703	137.966	136.265	
137.408	139.153	140.937	142.761	144.627	146.534	148.485	150.481	152.522	154.61	156.745	158.93	161.164	163.449	165.786	168.174	170.615	173.108	175.654	178.25	180.897	183.592	186.333	189.115	191.933	194.781	197.652	200.537	203.425	206.305	209.166	211.994	214.778	217.506	220.168	222.756	225.26	227.676	229.997	232.219	234.34	236.357	238.268	240.073	241.77	243.36	244.842	246.216	247.482	248.641	249.693	250.638	251.478	252.211	252.839	253.362	253.779	254.093	254.301	254.406	254.406	254.301	254.093	253.779	253.362	252.839	252.211	251.478	250.638	249.693	248.641	247.482	246.216	244.842	243.36	241.77	240.073	238.268	236.357	234.34	232.219	229.997	227.676	225.26	222.756	220.168	217.506	214.778	211.994	209.166	206.305	203.425	200.537	197.652	194.781	191.933	189.115	186.333	183.592	180.897	178.25	175.654	173.108	170.615	168.174	165.786	163.449	161.164	158.93	156.745	154.61	152.522	150.481	148.485	146.534	144.627	142.761	140.937	139.153	137.408	
138.548	140.338	142.17	144.045	145.963	147.927	149.937	151.995	154.102	156.26	158.47	160.733	163.051	165.425	167.856	170.346	172.894	175.502	178.17	180.897	183.684	186.527	189.426	192.375	195.371	198.407	201.473	204.561	207.658	210.75	213.823	216.861	219.852	222.78	225.634	228.403	231.079	233.655	236.126	238.488	240.738	242.874	244.895	246.8	248.59	250.264	251.822	253.266	254.596	255.811	256.914	257.905	258.783	259.551	260.208	260.754	261.191	261.518	261.736	261.845	261.845	261.736	261.518	261.191	260.754	260.208	259.551	258.783	257.905	256.914	255.811	254.596	253.266	251.822	250.264	248.59	246.8	244.895	242.874	240.738	238.488	236.126	233.655	231.079	228.403	225.634	222.78	219.852	216.861	213.823	210.75	207.658	204.561	201.473	198.407	195.371	192.375	189.426	186.527	183.684	180.897	178.17	175.502	172.894	170.346	167.856	165.425	163.051	160.733	158.47	156.26	154.102	151.995	149.937	147.927	145.963	144.045	142.17	140.338	138.548	
139.685	141.521	143.401	145.327	147.299	149.319	151.39	153.511	155.686	157.916	160.202	162.546	164.951	167.417	169.946	172.541	175.201	177.93	180.726	183.592	186.527	189.53	192.6	195.732	198.923	202.165	205.45	208.766	212.098	215.431	218.745	222.024	225.248	228.401	231.469	234.44	237.305	240.057	242.69	245.202	247.59	249.852	251.99	254.001	255.888	257.651	259.29	260.806	262.202	263.476	264.632	265.669	266.588	267.391	268.077	268.648	269.105	269.447	269.674	269.788	269.788	269.674	269.447	269.105	268.648	268.077	267.391	266.588	265.669	264.632	263.476	262.202	260.806	259.29	257.651	255.888	254.001	251.99	249.852	247.59	245.202	242.69	240.057	237.305	234.44	231.469	228.401	225.248	222.024	218.745	215.431	212.098	208.766	205.45	202.165	198.923	195.732	192.6	189.53	186.527	183.592	180.726	177.93	175.201	172.541	169.946	167.417	164.951	162.546	160.202	157.916	155.686	153.511	151.39	149.319	147.299	145.327	143.401	141.521	139.685	
140.817	142.7	144.629	146.606	148.633	150.711	152.842	155.029	157.273	159.576	161.94	164.367	166.86	169.421	172.052	174.756	177.534	180.388	183.32	186.333	189.426	192.6	195.854	199.185	202.591	206.063	209.593	213.168	216.769	220.378	223.97	227.524	231.015	234.424	237.733	240.929	244.002	246.946	249.756	252.429	254.965	257.362	259.622	261.746	263.735	265.59	267.313	268.905	270.368	271.704	272.914	273.999	274.96	275.799	276.516	277.112	277.589	277.945	278.183	278.302	278.302	278.183	277.945	277.589	277.112	276.516	275.799	274.96	273.999	272.914	271.704	270.368	268.905	267.313	265.59	263.735	261.746	259.622	257.362	254.965	252.429	249.756	246.946	244.002	240.929	237.733	234.424	231.015	227.524	223.97	220.378	216.769	213.168	209.593	206.063	202.591	199.185	195.854	192.6	189.426	186.333	183.32	180.388	177.534	174.756	172.052	169.421	166.86	164.367	161.94	159.576	157.273	155.029	152.842	150.711	148.633	146.606	144.629	142.7	140.817	
141.944	143.873	145.851	147.881	149.962	152.099	154.293	156.545	158.859	161.237	163.68	166.193	168.777	171.436	174.172	176.988	179.887	182.873	185.948	189.115	192.375	195.732	199.185	202.734	206.377	210.106	213.913	217.783	221.696	225.627	229.545	233.419	237.22	240.922	244.504	247.952	251.256	254.41	257.411	260.257	262.95	265.49	267.88	270.121	272.216	274.168	275.977	277.648	279.182	280.58	281.846	282.98	283.985	284.861	285.609	286.231	286.728	287.1	287.348	287.472	287.472	287.348	287.1	286.728	286.231	285.609	284.861	283.985	282.98	281.846	280.58	279.182	277.648	275.977	274.168	272.216	270.121	267.88	265.49	262.95	260.257	257.411	254.41	251.256	247.952	244.504	240.922	237.22	233.419	229.545	225.627	221.696	217.783	213.913	210.106	206.377	202.734	199.185	195.732	192.375	189.115	185.948	182.873	179.887	176.988	174.172	171.436	168.777	166.193	163.68	161.237	158.859	156.545	154.293	152.099	149.962	147.881	145.851	143.873	141.944	
143.063	145.039	147.067	149.149	151.287	153.482	155.739	158.058	160.443	162.896	165.421	168.021	170.698	173.457	176.3	179.233	182.258	185.38	188.604	191.933	195.371	198.923	202.591	206.377	210.28	214.297	218.42	222.633	226.912	231.225	235.532	239.788	243.953	247.994	251.888	255.619	259.178	262.561	265.768	268.801	271.661	274.352	276.877	279.241	281.447	283.498	285.397	287.149	288.755	290.218	291.541	292.726	293.774	294.688	295.469	296.118	296.635	297.023	297.281	297.41	297.41	297.281	297.023	296.635	296.118	295.469	294.688	293.774	292.726	291.541	290.218	288.755	287.149	285.397	283.498	281.447	279.241	276.877	274.352	271.661	268.801	265.768	262.561	259.178	255.619	251.888	247.994	243.953	239.788	235.532	231.225	226.912	222.633	218.42	214.297	210.28	206.377	202.591	198.923	195.371	191.933	188.604	185.38	182.258	179.233	176.3	173.457	170.698	168.021	165.421	162.896	160.443	158.058	155.739	153.482	151.287	149.149	147.067	145.039	143.063	
144.173	146.197	148.274	150.409	152.603	154.858	157.178	159.565	162.022	164.552	167.159	169.847	172.619	175.48	178.434	181.486	184.641	187.905	191.283	194.781	198.407	202.165	206.063	210.106	214.297	218.637	223.122	227.737	232.456	237.235	242.018	246.74	251.342	255.783	260.034	264.083	267.923	271.557	274.986	278.216	281.252	284.101	286.769	289.26	291.58	293.734	295.726	297.561	299.241	300.771	302.152	303.389	304.482	305.435	306.248	306.923	307.462	307.866	308.134	308.268	308.268	308.134	307.866	307.462	306.923	306.248	305.435	304.482	303.389	302.152	300.771	299.241	297.561	295.726	293.734	291.58	289.26	286.769	284.101	281.252	278.216	274.986	271.557	267.923	264.083	260.034	255.783	251.342	246.74	242.018	237.235	232.456	227.737	223.122	218.637	214.297	210.106	206.063	202.165	198.407	194.781	191.283	187.905	184.641	181.486	178.434	175.48	172.619	169.847	167.159	164.552	162.022	159.565	157.178	154.858	152.603	150.409	148.274	146.197	144.173	
145.273	147.344	149.472	151.66	153.91	156.225	158.609	161.063	163.593	166.201	168.892	171.669	174.537	177.502	180.568	183.742	187.03	190.44	193.978	197.652	201.473	205.45	209.593	213.913	218.42	223.122	228.022	233.115	238.374	243.743	249.136	254.447	259.587	264.502	269.166	273.571	277.721	281.624	285.29	288.729	291.951	294.965	297.779	300.402	302.84	305.1	307.187	309.106	310.862	312.459	313.901	315.19	316.329	317.32	318.167	318.869	319.43	319.85	320.129	320.268	320.268	320.129	319.85	319.43	318.869	318.167	317.32	316.329	315.19	313.901	312.459	310.862	309.106	307.187	305.1	302.84	300.402	297.779	294.965	291.951	288.729	285.29	281.624	277.721	273.571	269.166	264.502	259.587	254.447	249.136	243.743	238.374	233.115	228.022	223.122	218.42	213.913	209.593	205.45	201.473	197.652	193.978	190.44	187.03	183.742	180.568	177.502	174.537	171.669	168.892	166.201	163.593	161.063	158.609	156.225	153.91	151.66	149.472	147.344	145.273	
146.361	148.479	150.657	152.898	155.205	157.58	160.028	162.551	165.154	167.84	170.615	173.482	176.448	179.518	182.698	185.997	189.42	192.978	196.68	200.537	204.561	208.766	213.168	217.783	222.633	227.737	233.115	238.78	244.722	250.879	257.104	263.2	269.022	274.507	279.644	284.446	288.933	293.125	297.042	300.699	304.114	307.298	310.264	313.022	315.581	317.948	320.132	322.138	323.971	325.636	327.138	328.48	329.665	330.696	331.576	332.306	332.889	333.324	333.614	333.759	333.759	333.614	333.324	332.889	332.306	331.576	330.696	329.665	328.48	327.138	325.636	323.971	322.138	320.132	317.948	315.581	313.022	310.264	307.298	304.114	300.699	297.042	293.125	288.933	284.446	279.644	274.507	269.022	263.2	257.104	250.879	244.722	238.78	233.115	227.737	222.633	217.783	213.168	208.766	204.561	200.537	196.68	192.978	189.42	185.997	182.698	179.518	176.448	173.482	170.615	167.84	165.154	162.551	160.028	157.58	155.205	152.898	150.657	148.479	146.361	
147.436	149.601	151.83	154.124	156.487	158.922	161.434	164.025	166.701	169.466	172.325	175.283	178.347	181.523	184.819	188.243	191.804	195.513	199.383	203.425	207.658	212.098	216.769	221.696	226.912	232.456	238.374	244.722	251.552	258.849	266.358	273.594	280.302	286.467	292.14	297.377	302.224	306.721	310.899	314.783	318.396	321.755	324.875	327.771	330.452	332.929	335.211	337.303	339.214	340.949	342.511	343.907	345.139	346.21	347.123	347.881	348.486	348.938	349.238	349.388	349.388	349.238	348.938	348.486	347.881	347.123	346.21	345.139	343.907	342.511	340.949	339.214	337.303	335.211	332.929	330.452	327.771	324.875	321.755	318.396	314.783	310.899	306.721	302.224	297.377	292.14	286.467	280.302	273.594	266.358	258.849	251.552	244.722	238.374	232.456	226.912	221.696	216.769	212.098	207.658	203.425	199.383	195.513	191.804	188.243	184.819	181.523	178.347	175.283	172.325	169.466	166.701	164.025	161.434	158.922	156.487	154.124	151.83	149.601	147.436	
148.496	150.708	152.986	155.333	157.753	160.248	162.824	165.484	168.233	171.076	174.019	177.068	180.23	183.513	186.924	190.475	194.174	198.036	202.074	206.305	210.75	215.431	220.378	225.627	231.225	237.235	243.743	250.879	258.849	268.013	278.218	287.32	295.167	302.116	308.375	314.074	319.298	324.11	328.555	332.671	336.486	340.022	343.299	346.334	349.139	351.726	354.106	356.286	358.275	360.079	361.703	363.152	364.431	365.542	366.489	367.275	367.901	368.369	368.681	368.836	368.836	368.681	368.369	367.901	367.275	366.489	365.542	364.431	363.152	361.703	360.079	358.275	356.286	354.106	351.726	349.139	346.334	343.299	340.022	336.486	332.671	328.555	324.11	319.298	314.074	308.375	302.116	295.167	287.32	278.218	268.013	258.849	250.879	243.743	237.235	231.225	225.627	220.378	215.431	210.75	206.305	202.074	198.036	194.174	190.475	186.924	183.513	180.23	177.068	174.019	171.076	168.233	165.484	162.824	160.248	157.753	155.333	152.986	150.708	148.496	
149.54	151.799	154.126	156.525	159.001	161.556	164.195	166.923	169.745	172.666	175.693	178.833	182.093	185.482	189.009	192.686	196.524	200.538	204.746	209.166	213.823	218.745	223.97	229.545	235.532	242.018	249.136	257.104	266.358	278.218	297.718	309.516	318.644	326.423	333.288	339.458	345.064	350.195	354.911	359.259	363.277	366.991	370.425	373.599	376.528	379.225	381.704	383.972	386.039	387.912	389.597	391.1	392.425	393.576	394.557	395.371	396.019	396.503	396.826	396.987	396.987	396.826	396.503	396.019	395.371	394.557	393.576	392.425	391.1	389.597	387.912	386.039	383.972	381.704	379.225	376.528	373.599	370.425	366.991	363.277	359.259	354.911	350.195	345.064	339.458	333.288	326.423	318.644	309.516	297.718	278.218	266.358	257.104	249.136	242.018	235.532	229.545	223.97	218.745	213.823	209.166	204.746	200.538	196.524	192.686	189.009	185.482	182.093	178.833	175.693	172.666	169.745	166.923	164.195	161.556	159.001	156.525	154.126	151.799	149.54	
150.566	152.87	155.247	157.698	160.229	162.843	165.545	168.341	171.235	174.234	177.344	180.574	183.931	187.426	191.068	194.87	198.845	203.011	207.386	211.994	216.861	222.024	227.524	233.419	239.788	246.74	254.447	263.2	273.594	287.32	309.516	323.178	333.444	342.006	349.456	356.087	362.07	367.514	372.498	377.077	381.295	385.186	388.776	392.088	395.14	397.947	400.523	402.879	405.024	406.965	408.711	410.268	411.639	412.83	413.845	414.686	415.355	415.856	416.189	416.355	416.355	416.189	415.856	415.355	414.686	413.845	412.83	411.639	410.268	408.711	406.965	405.024	402.879	400.523	397.947	395.14	392.088	388.776	385.186	381.295	377.077	372.498	367.514	362.07	356.087	349.456	342.006	333.444	323.178	309.516	287.32	273.594	263.2	254.447	246.74	239.788	233.419	227.524	222.024	216.861	211.994	207.386	203.011	198.845	194.87	191.068	187.426	183.931	180.574	177.344	174.234	171.235	168.341	165.545	162.843	160.229	157.698	155.247	152.87	150.566	
151.572	153.922	156.347	158.85	161.435	164.107	166.872	169.734	172.699	175.775	178.968	182.287	185.74	189.339	193.094	197.019	201.131	205.446	209.986	214.778	219.852	225.248	231.015	237.22	243.953	251.342	259.587	269.022	280.302	295.167	318.644	333.444	344.594	353.834	361.819	368.883	375.224	380.971	386.215	391.019	395.434	399.498	403.241	406.689	409.863	412.779	415.451	417.893	420.115	422.124	423.931	425.539	426.957	428.187	429.235	430.103	430.795	431.311	431.655	431.827	431.827	431.655	431.311	430.795	430.103	429.235	428.187	426.957	425.539	423.931	422.124	420.115	417.893	415.451	412.779	409.863	406.689	403.241	399.498	395.434	391.019	386.215	380.971	375.224	368.883	361.819	353.834	344.594	333.444	318.644	295.167	280.302	269.022	259.587	251.342	243.953	237.22	231.015	225.248	219.852	214.778	209.986	205.446	201.131	197.019	193.094	189.339	185.74	182.287	178.968	175.775	172.699	169.734	166.872	164.107	161.435	158.85	156.347	153.922	151.572	
152.556	154.952	157.424	159.977	162.617	165.347	168.173	171.1	174.136	177.287	180.561	183.967	187.515	191.216	195.083	199.129	203.373	207.834	212.536	217.506	222.78	228.401	234.424	240.922	247.994	255.783	264.502	274.507	286.467	302.116	326.423	342.006	353.834	363.641	372.097	379.555	386.23	392.264	397.756	402.776	407.382	411.614	415.507	419.088	422.38	425.402	428.17	430.696	432.993	435.07	436.935	438.596	440.059	441.328	442.408	443.304	444.016	444.549	444.903	445.08	445.08	444.903	444.549	444.016	443.304	442.408	441.328	440.059	438.596	436.935	435.07	432.993	430.696	428.17	425.402	422.38	419.088	415.507	411.614	407.382	402.776	397.756	392.264	386.23	379.555	372.097	363.641	353.834	342.006	326.423	302.116	286.467	274.507	264.502	255.783	247.994	240.922	234.424	228.401	222.78	217.506	212.536	207.834	203.373	199.129	195.083	191.216	187.515	183.967	180.561	177.287	174.136	171.1	168.173	165.347	162.617	159.977	157.424	154.952	152.556	
153.519	155.958	158.477	161.08	163.772	166.559	169.445	172.437	175.542	178.767	182.12	185.612	189.253	193.053	197.028	201.193	205.566	210.169	215.026	220.168	225.634	231.469	237.733	244.504	251.888	260.034	269.166	279.644	292.14	308.375	333.288	349.456	361.819	372.097	380.961	388.772	395.754	402.055	407.779	413.006	417.793	422.187	426.225	429.935	433.343	436.468	439.328	441.937	444.308	446.451	448.374	450.086	451.593	452.9	454.012	454.934	455.667	456.216	456.58	456.762	456.762	456.58	456.216	455.667	454.934	454.012	452.9	451.593	450.086	448.374	446.451	444.308	441.937	439.328	436.468	433.343	429.935	426.225	422.187	417.793	413.006	407.779	402.055	395.754	388.772	380.961	372.097	361.819	349.456	333.288	308.375	292.14	279.644	269.166	260.034	251.888	244.504	237.733	231.469	225.634	220.168	215.026	210.169	205.566	201.193	197.028	193.053	189.253	185.612	182.12	178.767	175.542	172.437	169.445	166.559	163.772	161.08	158.477	155.958	153.519	
154.457	156.939	159.504	162.156	164.9	167.741	170.686	173.741	176.913	180.211	183.642	187.217	190.948	194.846	198.926	203.206	207.703	212.442	217.449	222.756	228.403	234.44	240.929	247.952	255.619	264.083	273.571	284.446	297.377	314.074	339.458	356.087	368.883	379.555	388.772	396.897	404.156	410.703	416.645	422.066	427.026	431.574	435.75	439.584	443.103	446.329	449.279	451.968	454.411	456.617	458.597	460.358	461.909	463.253	464.397	465.344	466.098	466.661	467.036	467.223	467.223	467.036	466.661	466.098	465.344	464.397	463.253	461.909	460.358	458.597	456.617	454.411	451.968	449.279	446.329	443.103	439.584	435.75	431.574	427.026	422.066	416.645	410.703	404.156	396.897	388.772	379.555	368.883	356.087	339.458	314.074	297.377	284.446	273.571	264.083	255.619	247.952	240.929	234.44	228.403	222.756	217.449	212.442	207.703	203.206	198.926	194.846	190.948	187.217	183.642	180.211	176.913	173.741	170.686	167.741	164.9	162.156	159.504	156.939	154.457	
155.369	157.893	160.503	163.202	165.997	168.892	171.895	175.011	178.249	181.616	185.123	188.779	192.597	196.589	200.771	205.161	209.779	214.648	219.797	225.26	231.079	237.305	244.002	251.256	259.178	267.923	277.721	288.933	302.224	319.298	345.064	362.07	375.224	386.23	395.754	404.156	411.665	418.436	424.58	430.181	435.304	439.999	444.306	448.259	451.885	455.207	458.243	461.01	463.522	465.79	467.825	469.635	471.227	472.608	473.782	474.755	475.529	476.107	476.491	476.683	476.683	476.491	476.107	475.529	474.755	473.782	472.608	471.227	469.635	467.825	465.79	463.522	461.01	458.243	455.207	451.885	448.259	444.306	439.999	435.304	430.181	424.58	418.436	411.665	404.156	395.754	386.23	375.224	362.07	345.064	319.298	302.224	288.933	277.721	267.923	259.178	251.256	244.002	237.305	231.079	225.26	219.797	214.648	209.779	205.161	200.771	196.589	192.597	188.779	185.123	181.616	178.249	175.011	171.895	168.892	165.997	163.202	160.503	157.893	155.369	
156.255	158.82	161.473	164.218	167.062	170.009	173.068	176.243	179.545	182.98	186.56	190.295	194.197	198.28	202.56	207.055	211.787	216.781	222.065	227.676	233.655	240.057	246.946	254.41	262.561	271.557	281.624	293.125	306.721	324.11	350.195	367.514	380.971	392.264	402.055	410.703	418.436	425.411	431.74	437.51	442.784	447.617	452.049	456.114	459.842	463.256	466.375	469.217	471.796	474.124	476.211	478.068	479.701	481.117	482.32	483.317	484.11	484.703	485.097	485.293	485.293	485.097	484.703	484.11	483.317	482.32	481.117	479.701	478.068	476.211	474.124	471.796	469.217	466.375	463.256	459.842	456.114	452.049	447.617	442.784	437.51	431.74	425.411	418.436	410.703	402.055	392.264	380.971	367.514	350.195	324.11	306.721	293.125	281.624	271.557	262.561	254.41	246.946	240.057	233.655	227.676	222.065	216.781	211.787	207.055	202.56	198.28	194.197	190.295	186.56	182.98	179.545	176.243	173.068	170.009	167.062	164.218	161.473	158.82	156.255	
157.111	159.716	162.411	165.201	168.093	171.091	174.203	177.436	180.799	184.301	187.951	191.761	195.743	199.914	204.287	208.884	213.725	218.836	224.248	229.997	236.126	242.69	249.756	257.411	265.768	274.986	285.29	297.042	310.899	328.555	354.911	372.498	386.215	397.756	407.779	416.645	424.58	431.74	438.24	444.164	449.58	454.542	459.091	463.263	467.087	470.588	473.787	476.7	479.343	481.728	483.867	485.769	487.441	488.89	490.123	491.143	491.955	492.561	492.964	493.165	493.165	492.964	492.561	491.955	491.143	490.123	488.89	487.441	485.769	483.867	481.728	479.343	476.7	473.787	470.588	467.087	463.263	459.091	454.542	449.58	444.164	438.24	431.74	424.58	416.645	407.779	397.756	386.215	372.498	354.911	328.555	310.899	297.042	285.29	274.986	265.768	257.411	249.756	242.69	236.126	229.997	224.248	218.836	213.725	208.884	204.287	199.914	195.743	191.761	187.951	184.301	180.799	177.436	174.203	171.091	168.093	165.201	162.411	159.716	157.111	
157.938	160.582	163.317	166.151	169.088	172.135	175.299	178.588	182.01	185.574	189.292	193.174	197.235	201.488	205.951	210.643	215.587	220.81	226.341	232.219	238.488	245.202	252.429	260.257	268.801	278.216	288.729	300.699	314.783	332.671	359.259	377.077	391.019	402.776	413.006	422.066	430.181	437.51	444.164	450.231	455.779	460.86	465.519	469.791	473.707	477.291	480.565	483.546	486.25	488.69	490.878	492.822	494.532	496.014	497.274	498.317	499.146	499.766	500.178	500.384	500.384	500.178	499.766	499.146	498.317	497.274	496.014	494.532	492.822	490.878	488.69	486.25	483.546	480.565	477.291	473.707	469.791	465.519	460.86	455.779	450.231	444.164	437.51	430.181	422.066	413.006	402.776	391.019	377.077	359.259	332.671	314.783	300.699	288.729	278.216	268.801	260.257	252.429	245.202	238.488	232.219	226.341	220.81	215.587	210.643	205.951	201.488	197.235	193.174	189.292	185.574	182.01	178.588	175.299	172.135	169.088	166.151	163.317	160.582	157.938	
158.734	161.414	164.189	167.064	170.046	173.14	176.354	179.696	183.175	186.8	190.582	194.533	198.667	202.999	207.547	212.33	217.372	222.698	228.342	234.34	240.738	247.59	254.965	262.95	271.661	281.252	291.951	304.114	318.396	336.486	363.277	381.295	395.434	407.382	417.793	427.026	435.304	442.784	449.58	455.779	461.447	466.64	471.401	475.767	479.769	483.431	486.776	489.822	492.584	495.076	497.31	499.296	501.041	502.554	503.84	504.905	505.752	506.384	506.805	507.015	507.015	506.805	506.384	505.752	504.905	503.84	502.554	501.041	499.296	497.31	495.076	492.584	489.822	486.776	483.431	479.769	475.767	471.401	466.64	461.447	455.779	449.58	442.784	435.304	427.026	417.793	407.382	395.434	381.295	363.277	336.486	318.396	304.114	291.951	281.252	271.661	262.95	254.965	247.59	240.738	234.34	228.342	222.698	217.372	212.33	207.547	202.999	198.667	194.533	190.582	186.8	183.175	179.696	176.354	173.14	170.046	167.064	164.189	161.414	158.734	
159.498	162.213	165.026	167.941	170.964	174.104	177.365	180.758	184.291	187.974	191.818	195.835	200.039	204.446	209.073	213.942	219.075	224.499	230.247	236.357	242.874	249.852	257.362	265.49	274.352	284.101	294.965	307.298	321.755	340.022	366.991	385.186	399.498	411.614	422.187	431.574	439.999	447.617	454.542	460.86	466.64	471.936	476.792	481.246	485.328	489.064	492.476	495.582	498.399	500.941	503.219	505.244	507.023	508.566	509.877	510.962	511.826	512.47	512.899	513.113	513.113	512.899	512.47	511.826	510.962	509.877	508.566	507.023	505.244	503.219	500.941	498.399	495.582	492.476	489.064	485.328	481.246	476.792	471.936	466.64	460.86	454.542	447.617	439.999	431.574	422.187	411.614	399.498	385.186	366.991	340.022	321.755	307.298	294.965	284.101	274.352	265.49	257.362	249.852	242.874	236.357	230.247	224.499	219.075	213.942	209.073	204.446	200.039	195.835	191.818	187.974	184.291	180.758	177.365	174.104	170.964	167.941	165.026	162.213	159.498	
