116.217	117.106	118.002	118.905	119.815	120.732	121.655	122.585	123.52	124.462	125.409	126.36	127.317	128.278	129.243	130.211	131.182	132.156	133.132	134.109	135.086	136.064	137.04	138.016	138.989	139.959	140.926	141.888	142.844	143.794	144.737	145.671	146.597	147.512	148.416	149.307	150.186	151.051	151.9	152.734	153.55	154.348	155.128	155.888	156.627	157.345	158.04	158.712	159.36	159.984	160.582	161.155	161.701	162.219	162.71	163.173	163.607	164.011	164.387	164.732	165.047	165.331	165.584	165.806	165.997	166.157	166.284	166.38	166.444	166.476	166.476	166.444	166.38	166.284	166.157	165.997	165.806	165.584	165.331	165.047	164.732	164.387	164.011	163.607	163.173	162.71	162.219	161.701	161.155	160.582	159.984	159.36	158.712	158.04	157.345	156.627	155.888	155.128	154.348	153.55	152.734	151.9	151.051	150.186	149.307	148.416	147.512	146.597	145.671	144.737	143.794	142.844	141.888	140.926	139.959	138.989	138.016	137.04	136.064	135.086	134.109	133.132	132.156	131.182	130.211	129.243	128.278	127.317	126.36	125.409	124.462	123.52	122.585	121.655	120.732	119.815	118.905	118.002	117.106	116.217	
117.106	118.016	118.934	119.859	120.792	121.732	122.679	123.633	124.594	125.561	126.534	127.513	128.497	129.486	130.479	131.476	132.477	133.481	134.487	135.495	136.504	137.514	138.523	139.532	140.538	141.542	142.542	143.538	144.529	145.513	146.491	147.459	148.419	149.369	150.307	151.232	152.145	153.043	153.925	154.791	155.639	156.469	157.279	158.069	158.837	159.583	160.306	161.005	161.679	162.327	162.949	163.544	164.112	164.651	165.161	165.642	166.093	166.514	166.904	167.262	167.59	167.885	168.148	168.379	168.578	168.743	168.876	168.975	169.042	169.075	169.075	169.042	168.975	168.876	168.743	168.578	168.379	168.148	167.885	167.59	167.262	166.904	166.514	166.093	165.642	165.161	164.651	164.112	163.544	162.949	162.327	161.679	161.005	160.306	159.583	158.837	158.069	157.279	156.469	155.639	154.791	153.925	153.043	152.145	151.232	150.307	149.369	148.419	147.459	146.491	145.513	144.529	143.538	142.542	141.542	140.538	139.532	138.523	137.514	136.504	135.495	134.487	133.481	132.477	131.476	130.479	129.486	128.497	127.513	126.534	125.561	124.594	123.633	122.679	121.732	120.792	119.859	118.934	118.016	117.106	
118.002	118.934	119.873	120.822	121.778	122.742	123.714	124.693	125.68	126.673	127.674	128.68	129.692	130.71	131.733	132.761	133.792	134.827	135.866	136.906	137.948	138.991	140.034	141.077	142.118	143.157	144.193	145.225	146.251	147.272	148.285	149.29	150.286	151.272	152.246	153.207	154.155	155.088	156.005	156.905	157.787	158.649	159.492	160.313	161.112	161.888	162.64	163.366	164.067	164.742	165.389	166.007	166.598	167.158	167.689	168.189	168.658	169.095	169.501	169.874	170.214	170.521	170.795	171.035	171.241	171.413	171.551	171.654	171.723	171.758	171.758	171.723	171.654	171.551	171.413	171.241	171.035	170.795	170.521	170.214	169.874	169.501	169.095	168.658	168.189	167.689	167.158	166.598	166.007	165.389	164.742	164.067	163.366	162.64	161.888	161.112	160.313	159.492	158.649	157.787	156.905	156.005	155.088	154.155	153.207	152.246	151.272	150.286	149.29	148.285	147.272	146.251	145.225	144.193	143.157	142.118	141.077	140.034	138.991	137.948	136.906	135.866	134.827	133.792	132.761	131.733	130.71	129.692	128.68	127.674	126.673	125.68	124.693	123.714	122.742	121.778	120.822	119.873	118.934	118.002	
118.905	119.859	120.822	121.793	122.774	123.763	124.76	125.765	126.778	127.799	128.827	129.862	130.904	131.952	133.005	134.064	135.128	136.196	137.267	138.341	139.418	140.496	141.574	142.653	143.731	144.806	145.879	146.948	148.013	149.071	150.122	151.166	152.199	153.223	154.235	155.234	156.219	157.189	158.142	159.078	159.995	160.893	161.769	162.623	163.455	164.262	165.044	165.8	166.53	167.231	167.905	168.549	169.162	169.746	170.298	170.818	171.306	171.761	172.182	172.57	172.924	173.243	173.528	173.777	173.992	174.17	174.314	174.421	174.493	174.529	174.529	174.493	174.421	174.314	174.17	173.992	173.777	173.528	173.243	172.924	172.57	172.182	171.761	171.306	170.818	170.298	169.746	169.162	168.549	167.905	167.231	166.53	165.8	165.044	164.262	163.455	162.623	161.769	160.893	159.995	159.078	158.142	157.189	156.219	155.234	154.235	153.223	152.199	151.166	150.122	149.071	148.013	146.948	145.879	144.806	143.731	142.653	141.574	140.496	139.418	138.341	137.267	136.196	135.128	134.064	133.005	131.952	130.904	129.862	128.827	127.799	126.778	125.765	124.76	123.763	122.774	121.793	120.822	119.859	118.905	
119.815	120.792	121.778	122.774	123.779	124.793	125.816	126.849	127.889	128.938	129.995	131.06	132.132	133.211	134.296	135.387	136.484	137.586	138.692	139.801	140.913	142.028	143.144	144.26	145.375	146.49	147.602	148.71	149.814	150.912	152.004	153.087	154.161	155.224	156.276	157.315	158.339	159.348	160.34	161.313	162.268	163.202	164.114	165.003	165.869	166.709	167.524	168.311	169.07	169.8	170.501	171.171	171.81	172.417	172.992	173.533	174.04	174.514	174.952	175.356	175.724	176.056	176.352	176.611	176.834	177.02	177.169	177.281	177.355	177.393	177.393	177.355	177.281	177.169	177.02	176.834	176.611	176.352	176.056	175.724	175.356	174.952	174.514	174.04	173.533	172.992	172.417	171.81	171.171	170.501	169.8	169.07	168.311	167.524	166.709	165.869	165.003	164.114	163.202	162.268	161.313	160.34	159.348	158.339	157.315	156.276	155.224	154.161	153.087	152.004	150.912	149.814	148.71	147.602	146.49	145.375	144.26	143.144	142.028	140.913	139.801	138.692	137.586	136.484	135.387	134.296	133.211	132.132	131.06	129.995	128.938	127.889	126.849	125.816	124.793	123.779	122.774	121.778	120.792	119.815	
120.732	121.732	122.742	123.763	124.793	125.834	126.884	127.943	129.012	130.09	131.177	132.273	133.376	134.487	135.605	136.73	137.861	138.998	140.14	141.286	142.436	143.588	144.743	145.898	147.054	148.209	149.362	150.511	151.657	152.797	153.93	155.056	156.172	157.278	158.371	159.452	160.518	161.568	162.6	163.614	164.608	165.58	166.53	167.457	168.358	169.233	170.081	170.901	171.692	172.452	173.182	173.88	174.545	175.177	175.775	176.338	176.866	177.359	177.815	178.235	178.618	178.963	179.271	179.541	179.773	179.966	180.121	180.238	180.315	180.354	180.354	180.315	180.238	180.121	179.966	179.773	179.541	179.271	178.963	178.618	178.235	177.815	177.359	176.866	176.338	175.775	175.177	174.545	173.88	173.182	172.452	171.692	170.901	170.081	169.233	168.358	167.457	166.53	165.58	164.608	163.614	162.6	161.568	160.518	159.452	158.371	157.278	156.172	155.056	153.93	152.797	151.657	150.511	149.362	148.209	147.054	145.898	144.743	143.588	142.436	141.286	140.14	138.998	137.861	136.73	135.605	134.487	133.376	132.273	131.177	130.09	129.012	127.943	126.884	125.834	124.793	123.763	122.742	121.732	120.732	
121.655	122.679	123.714	124.76	125.816	126.884	127.961	129.05	130.148	131.256	132.373	133.5	134.636	135.78	136.933	138.093	139.26	140.433	141.612	142.797	143.986	145.178	146.373	147.57	148.767	149.964	151.16	152.353	153.543	154.727	155.905	157.075	158.235	159.386	160.524	161.648	162.758	163.851	164.927	165.983	167.018	168.032	169.022	169.987	170.926	171.838	172.722	173.576	174.4	175.192	175.952	176.679	177.372	178.03	178.653	179.239	179.789	180.302	180.777	181.214	181.612	181.971	182.292	182.573	182.814	183.015	183.176	183.297	183.378	183.418	183.418	183.378	183.297	183.176	183.015	182.814	182.573	182.292	181.971	181.612	181.214	180.777	180.302	179.789	179.239	178.653	178.03	177.372	176.679	175.952	175.192	174.4	173.576	172.722	171.838	170.926	169.987	169.022	168.032	167.018	165.983	164.927	163.851	162.758	161.648	160.524	159.386	158.235	157.075	155.905	154.727	153.543	152.353	151.16	149.964	148.767	147.57	146.373	145.178	143.986	142.797	141.612	140.433	139.26	138.093	136.933	135.78	134.636	133.5	132.373	131.256	130.148	129.05	127.961	126.884	125.816	124.76	123.714	122.679	121.655	
122.585	123.633	124.693	125.765	126.849	127.943	129.05	130.167	131.295	132.434	133.583	134.743	135.912	137.091	138.279	139.475	140.679	141.891	143.109	144.334	145.563	146.797	148.035	149.274	150.516	151.758	152.998	154.237	155.473	156.703	157.928	159.145	160.353	161.55	162.735	163.907	165.063	166.202	167.323	168.424	169.503	170.559	171.592	172.598	173.577	174.528	175.449	176.34	177.199	178.024	178.817	179.574	180.296	180.981	181.63	182.241	182.813	183.347	183.842	184.296	184.711	185.085	185.419	185.711	185.962	186.171	186.339	186.465	186.549	186.591	186.591	186.549	186.465	186.339	186.171	185.962	185.711	185.419	185.085	184.711	184.296	183.842	183.347	182.813	182.241	181.63	180.981	180.296	179.574	178.817	178.024	177.199	176.34	175.449	174.528	173.577	172.598	171.592	170.559	169.503	168.424	167.323	166.202	165.063	163.907	162.735	161.55	160.353	159.145	157.928	156.703	155.473	154.237	152.998	151.758	150.516	149.274	148.035	146.797	145.563	144.334	143.109	141.891	140.679	139.475	138.279	137.091	135.912	134.743	133.583	132.434	131.295	130.167	129.05	127.943	126.849	125.765	124.693	123.633	122.585	
123.52	124.594	125.68	126.778	127.889	129.012	130.148	131.295	132.454	133.625	134.807	136.001	137.205	138.419	139.644	140.878	142.121	143.372	144.631	145.897	147.169	148.446	149.728	151.013	152.301	153.589	154.878	156.165	157.449	158.728	160.002	161.269	162.527	163.774	165.009	166.23	167.435	168.623	169.792	170.94	172.066	173.168	174.245	175.294	176.316	177.308	178.269	179.198	180.093	180.954	181.78	182.57	183.322	184.037	184.712	185.349	185.945	186.501	187.016	187.49	187.921	188.311	188.658	188.962	189.223	189.441	189.615	189.746	189.834	189.877	189.877	189.834	189.746	189.615	189.441	189.223	188.962	188.658	188.311	187.921	187.49	187.016	186.501	185.945	185.349	184.712	184.037	183.322	182.57	181.78	180.954	180.093	179.198	178.269	177.308	176.316	175.294	174.245	173.168	172.066	170.94	169.792	168.623	167.435	166.23	165.009	163.774	162.527	161.269	160.002	158.728	157.449	156.165	154.878	153.589	152.301	151.013	149.728	148.446	147.169	145.897	144.631	143.372	142.121	140.878	139.644	138.419	137.205	136.001	134.807	133.625	132.454	131.295	130.148	129.012	127.889	126.778	125.68	124.594	123.52	
124.462	125.561	126.673	127.799	128.938	130.09	131.256	132.434	133.625	134.829	136.045	137.273	138.513	139.765	141.027	142.3	143.583	144.876	146.177	147.487	148.803	150.126	151.455	152.787	154.123	155.461	156.799	158.137	159.472	160.804	162.13	163.449	164.76	166.06	167.347	168.62	169.878	171.117	172.337	173.536	174.711	175.861	176.985	178.081	179.148	180.183	181.186	182.155	183.089	183.988	184.849	185.672	186.457	187.202	187.906	188.569	189.191	189.77	190.306	190.799	191.249	191.654	192.015	192.332	192.604	192.831	193.012	193.148	193.239	193.285	193.285	193.239	193.148	193.012	192.831	192.604	192.332	192.015	191.654	191.249	190.799	190.306	189.77	189.191	188.569	187.906	187.202	186.457	185.672	184.849	183.988	183.089	182.155	181.186	180.183	179.148	178.081	176.985	175.861	174.711	173.536	172.337	171.117	169.878	168.62	167.347	166.06	164.76	163.449	162.13	160.804	159.472	158.137	156.799	155.461	154.123	152.787	151.455	150.126	148.803	147.487	146.177	144.876	143.583	142.3	141.027	139.765	138.513	137.273	136.045	134.829	133.625	132.434	131.256	130.09	128.938	127.799	126.673	125.561	124.462	
125.409	126.534	127.674	128.827	129.995	131.177	132.373	133.583	134.807	136.045	137.296	138.56	139.837	141.127	142.429	143.743	145.068	146.403	147.749	149.104	150.467	151.838	153.215	154.597	155.984	157.373	158.765	160.156	161.545	162.932	164.313	165.688	167.054	168.41	169.754	171.083	172.395	173.69	174.964	176.216	177.443	178.645	179.819	180.964	182.077	183.159	184.206	185.218	186.193	187.131	188.029	188.888	189.707	190.483	191.218	191.909	192.557	193.16	193.719	194.233	194.701	195.123	195.499	195.828	196.111	196.347	196.536	196.678	196.773	196.82	196.82	196.773	196.678	196.536	196.347	196.111	195.828	195.499	195.123	194.701	194.233	193.719	193.16	192.557	191.909	191.218	190.483	189.707	188.888	188.029	187.131	186.193	185.218	184.206	183.159	182.077	180.964	179.819	178.645	177.443	176.216	174.964	173.69	172.395	171.083	169.754	168.41	167.054	165.688	164.313	162.932	161.545	160.156	158.765	157.373	155.984	154.597	153.215	151.838	150.467	149.104	147.749	146.403	145.068	143.743	142.429	141.127	139.837	138.56	137.296	136.045	134.807	133.583	132.373	131.177	129.995	128.827	127.674	126.534	125.409	
126.36	127.513	128.68	129.862	131.06	132.273	133.5	134.743	136.001	137.273	138.56	139.862	141.177	142.507	143.85	145.206	146.574	147.954	149.346	150.748	152.16	153.58	155.009	156.444	157.884	159.328	160.775	162.222	163.669	165.114	166.554	167.988	169.413	170.829	172.232	173.62	174.991	176.344	177.676	178.984	180.268	181.524	182.751	183.948	185.112	186.241	187.335	188.392	189.411	190.39	191.328	192.225	193.078	193.889	194.654	195.375	196.05	196.679	197.262	197.797	198.284	198.724	199.115	199.459	199.753	199.999	200.195	200.343	200.442	200.491	200.491	200.442	200.343	200.195	199.999	199.753	199.459	199.115	198.724	198.284	197.797	197.262	196.679	196.05	195.375	194.654	193.889	193.078	192.225	191.328	190.39	189.411	188.392	187.335	186.241	185.112	183.948	182.751	181.524	180.268	178.984	177.676	176.344	174.991	173.62	172.232	170.829	169.413	167.988	166.554	165.114	163.669	162.222	160.775	159.328	157.884	156.444	155.009	153.58	152.16	150.748	149.346	147.954	146.574	145.206	143.85	142.507	141.177	139.862	138.56	137.273	136.001	134.743	133.5	132.273	131.06	129.862	128.68	127.513	126.36	
127.317	128.497	129.692	130.904	132.132	133.376	134.636	135.912	137.205	138.513	139.837	141.177	142.533	143.903	145.288	146.688	148.102	149.529	150.968	152.42	153.883	155.356	156.838	158.327	159.824	161.326	162.831	164.339	165.846	167.352	168.855	170.351	171.84	173.319	174.785	176.236	177.671	179.085	180.478	181.847	183.19	184.504	185.788	187.039	188.257	189.438	190.582	191.686	192.751	193.773	194.753	195.689	196.58	197.425	198.224	198.976	199.68	200.335	200.942	201.5	202.008	202.466	202.873	203.231	203.537	203.793	203.998	204.151	204.254	204.305	204.305	204.254	204.151	203.998	203.793	203.537	203.231	202.873	202.466	202.008	201.5	200.942	200.335	199.68	198.976	198.224	197.425	196.58	195.689	194.753	193.773	192.751	191.686	190.582	189.438	188.257	187.039	185.788	184.504	183.19	181.847	180.478	179.085	177.671	176.236	174.785	173.319	171.84	170.351	168.855	167.352	165.846	164.339	162.831	161.326	159.824	158.327	156.838	155.356	153.883	152.42	150.968	149.529	148.102	146.688	145.288	143.903	142.533	141.177	139.837	138.513	137.205	135.912	134.636	133.376	132.132	130.904	129.692	128.497	127.317	
128.278	129.486	130.71	131.952	133.211	134.487	135.78	137.091	138.419	139.765	141.127	142.507	143.903	145.316	146.745	148.191	149.651	151.127	152.616	154.12	155.636	157.163	158.702	160.25	161.805	163.368	164.935	166.506	168.078	169.65	171.218	172.782	174.338	175.884	177.418	178.936	180.437	181.918	183.377	184.81	186.216	187.592	188.936	190.246	191.52	192.756	193.952	195.107	196.22	197.288	198.312	199.289	200.22	201.102	201.936	202.72	203.454	204.137	204.77	205.351	205.88	206.357	206.782	207.154	207.473	207.739	207.952	208.112	208.219	208.272	208.272	208.219	208.112	207.952	207.739	207.473	207.154	206.782	206.357	205.88	205.351	204.77	204.137	203.454	202.72	201.936	201.102	200.22	199.289	198.312	197.288	196.22	195.107	193.952	192.756	191.52	190.246	188.936	187.592	186.216	184.81	183.377	181.918	180.437	178.936	177.418	175.884	174.338	172.782	171.218	169.65	168.078	166.506	164.935	163.368	161.805	160.25	158.702	157.163	155.636	154.12	152.616	151.127	149.651	148.191	146.745	145.316	143.903	142.507	141.127	139.765	138.419	137.091	135.78	134.487	133.211	131.952	130.71	129.486	128.278	
129.243	130.479	131.733	133.005	134.296	135.605	136.933	138.279	139.644	141.027	142.429	143.85	145.288	146.745	148.22	149.713	151.222	152.748	154.29	155.847	157.419	159.004	160.602	162.211	163.829	165.456	167.089	168.727	170.367	172.008	173.647	175.282	176.91	178.528	180.134	181.724	183.297	184.849	186.377	187.88	189.353	190.795	192.203	193.575	194.909	196.203	197.455	198.664	199.827	200.945	202.014	203.036	204.007	204.928	205.798	206.617	207.382	208.095	208.754	209.36	209.911	210.408	210.85	211.237	211.57	211.847	212.069	212.235	212.346	212.402	212.402	212.346	212.235	212.069	211.847	211.57	211.237	210.85	210.408	209.911	209.36	208.754	208.095	207.382	206.617	205.798	204.928	204.007	203.036	202.014	200.945	199.827	198.664	197.455	196.203	194.909	193.575	192.203	190.795	189.353	187.88	186.377	184.849	183.297	181.724	180.134	178.528	176.91	175.282	173.647	172.008	170.367	168.727	167.089	165.456	163.829	162.211	160.602	159.004	157.419	155.847	154.29	152.748	151.222	149.713	148.22	146.745	145.288	143.85	142.429	141.027	139.644	138.279	136.933	135.605	134.296	133.005	131.733	130.479	129.243	
130.211	131.476	132.761	134.064	135.387	136.73	138.093	139.475	140.878	142.3	143.743	145.206	146.688	148.191	149.713	151.254	152.814	154.393	155.989	157.603	159.233	160.878	162.538	164.211	165.896	167.59	169.293	171.002	172.716	174.431	176.145	177.856	179.56	181.255	182.939	184.606	186.256	187.884	189.487	191.063	192.608	194.12	195.597	197.035	198.433	199.789	201.1	202.365	203.583	204.752	205.87	206.938	207.953	208.915	209.823	210.677	211.475	212.219	212.906	213.537	214.111	214.629	215.089	215.493	215.839	216.127	216.358	216.531	216.647	216.704	216.704	216.647	216.531	216.358	216.127	215.839	215.493	215.089	214.629	214.111	213.537	212.906	212.219	211.475	210.677	209.823	208.915	207.953	206.938	205.87	204.752	203.583	202.365	201.1	199.789	198.433	197.035	195.597	194.12	192.608	191.063	189.487	187.884	186.256	184.606	182.939	181.255	179.56	177.856	176.145	174.431	172.716	171.002	169.293	167.59	165.896	164.211	162.538	160.878	159.233	157.603	155.989	154.393	152.814	151.254	149.713	148.191	146.688	145.206	143.743	142.3	140.878	139.475	138.093	136.73	135.387	134.064	132.761	131.476	130.211	
131.182	132.477	133.792	135.128	136.484	137.861	139.26	140.679	142.121	143.583	145.068	146.574	148.102	149.651	151.222	152.814	154.427	156.06	157.714	159.386	161.077	162.786	164.512	166.252	168.006	169.773	171.55	173.334	175.125	176.919	178.714	180.506	182.293	184.071	185.837	187.588	189.32	191.029	192.713	194.368	195.99	197.578	199.128	200.637	202.103	203.524	204.898	206.224	207.498	208.721	209.891	211.007	212.068	213.073	214.021	214.912	215.745	216.52	217.237	217.894	218.493	219.032	219.511	219.931	220.291	220.592	220.832	221.012	221.132	221.193	221.193	221.132	221.012	220.832	220.592	220.291	219.931	219.511	219.032	218.493	217.894	217.237	216.52	215.745	214.912	214.021	213.073	212.068	211.007	209.891	208.721	207.498	206.224	204.898	203.524	202.103	200.637	199.128	197.578	195.99	194.368	192.713	191.029	189.32	187.588	185.837	184.071	182.293	180.506	178.714	176.919	175.125	173.334	171.55	169.773	168.006	166.252	164.512	162.786	161.077	159.386	157.714	156.06	154.427	152.814	151.222	149.651	148.102	146.574	145.068	143.583	142.121	140.679	139.26	137.861	136.484	135.128	133.792	132.477	131.182	
132.156	133.481	134.827	136.196	137.586	138.998	140.433	141.891	143.372	144.876	146.403	147.954	149.529	151.127	152.748	154.393	156.06	157.751	159.463	161.197	162.953	164.728	166.522	168.334	170.162	172.005	173.86	175.725	177.599	179.477	181.358	183.238	185.113	186.98	188.836	190.676	192.496	194.293	196.064	197.803	199.509	201.177	202.805	204.39	205.929	207.42	208.861	210.25	211.585	212.866	214.09	215.257	216.365	217.415	218.405	219.335	220.205	221.013	221.76	222.445	223.069	223.63	224.13	224.567	224.942	225.254	225.504	225.692	225.817	225.879	225.879	225.817	225.692	225.504	225.254	224.942	224.567	224.13	223.63	223.069	222.445	221.76	221.013	220.205	219.335	218.405	217.415	216.365	215.257	214.09	212.866	211.585	210.25	208.861	207.42	205.929	204.39	202.805	201.177	199.509	197.803	196.064	194.293	192.496	190.676	188.836	186.98	185.113	183.238	181.358	179.477	177.599	175.725	173.86	172.005	170.162	168.334	166.522	164.728	162.953	161.197	159.463	157.751	156.06	154.393	152.748	151.127	149.529	147.954	146.403	144.876	143.372	141.891	140.433	138.998	137.586	136.196	134.827	133.481	132.156	
133.132	134.487	135.866	137.267	138.692	140.14	141.612	143.109	144.631	146.177	147.749	149.346	150.968	152.616	154.29	155.989	157.714	159.463	161.238	163.036	164.858	166.703	168.57	170.457	172.363	174.287	176.225	178.177	180.138	182.108	184.081	186.054	188.025	189.988	191.94	193.877	195.793	197.685	199.549	201.38	203.175	204.93	206.642	208.308	209.925	211.49	213.002	214.458	215.858	217.199	218.48	219.701	220.86	221.957	222.991	223.961	224.868	225.711	226.49	227.204	227.854	228.439	228.959	229.414	229.804	230.129	230.389	230.584	230.714	230.779	230.779	230.714	230.584	230.389	230.129	229.804	229.414	228.959	228.439	227.854	227.204	226.49	225.711	224.868	223.961	222.991	221.957	220.86	219.701	218.48	217.199	215.858	214.458	213.002	211.49	209.925	208.308	206.642	204.93	203.175	201.38	199.549	197.685	195.793	193.877	191.94	189.988	188.025	186.054	184.081	182.108	180.138	178.177	176.225	174.287	172.363	170.457	168.57	166.703	164.858	163.036	161.238	159.463	157.714	155.989	154.29	152.616	150.968	149.346	147.749	146.177	144.631	143.109	141.612	140.14	138.692	137.267	135.866	134.487	133.132	
134.109	135.495	136.906	138.341	139.801	141.286	142.797	144.334	145.897	147.487	149.104	150.748	152.42	154.12	155.847	157.603	159.386	161.197	163.036	164.902	166.794	168.712	170.655	172.622	174.611	176.62	178.647	180.69	182.747	184.813	186.886	188.961	191.035	193.102	195.159	197.2	199.22	201.215	203.18	205.11	207.001	208.85	210.652	212.404	214.104	215.749	217.336	218.864	220.332	221.736	223.078	224.355	225.567	226.713	227.793	228.807	229.753	230.632	231.444	232.188	232.864	233.473	234.015	234.488	234.894	235.232	235.503	235.706	235.841	235.909	235.909	235.841	235.706	235.503	235.232	234.894	234.488	234.015	233.473	232.864	232.188	231.444	230.632	229.753	228.807	227.793	226.713	225.567	224.355	223.078	221.736	220.332	218.864	217.336	215.749	214.104	212.404	210.652	208.85	207.001	205.11	203.18	201.215	199.22	197.2	195.159	193.102	191.035	188.961	186.886	184.813	182.747	180.69	178.647	176.62	174.611	172.622	170.655	168.712	166.794	164.902	163.036	161.197	159.386	157.603	155.847	154.12	152.42	150.748	149.104	147.487	145.897	144.334	142.797	141.286	139.801	138.341	136.906	135.495	134.109	
135.086	136.504	137.948	139.418	140.913	142.436	143.986	145.563	147.169	148.803	150.467	152.16	153.883	155.636	157.419	159.233	161.077	162.953	164.858	166.794	168.76	170.755	172.778	174.829	176.905	179.005	181.127	183.269	185.427	187.598	189.778	191.963	194.148	196.329	198.499	200.654	202.787	204.894	206.968	209.006	211.002	212.951	214.85	216.696	218.484	220.214	221.881	223.486	225.025	226.497	227.902	229.238	230.506	231.704	232.832	233.889	234.877	235.793	236.639	237.415	238.119	238.753	239.317	239.809	240.232	240.583	240.865	241.076	241.216	241.287	241.287	241.216	241.076	240.865	240.583	240.232	239.809	239.317	238.753	238.119	237.415	236.639	235.793	234.877	233.889	232.832	231.704	230.506	229.238	227.902	226.497	225.025	223.486	221.881	220.214	218.484	216.696	214.85	212.951	211.002	209.006	206.968	204.894	202.787	200.654	198.499	196.329	194.148	191.963	189.778	187.598	185.427	183.269	181.127	179.005	176.905	174.829	172.778	170.755	168.76	166.794	164.858	162.953	161.077	159.233	157.419	155.636	153.883	152.16	150.467	148.803	147.169	145.563	143.986	142.436	140.913	139.418	137.948	136.504	135.086	
136.064	137.514	138.991	140.496	142.028	143.588	145.178	146.797	148.446	150.126	151.838	153.58	155.356	157.163	159.004	160.878	162.786	164.728	166.703	168.712	170.755	172.83	174.938	177.077	179.246	181.443	183.666	185.913	188.18	190.464	192.761	195.065	197.372	199.676	201.97	204.249	206.506	208.735	210.929	213.084	215.193	217.251	219.255	221.201	223.085	224.904	226.658	228.342	229.957	231.501	232.973	234.372	235.697	236.949	238.127	239.231	240.261	241.217	242.098	242.906	243.64	244.299	244.886	245.398	245.837	246.203	246.495	246.715	246.861	246.934	246.934	246.861	246.715	246.495	246.203	245.837	245.398	244.886	244.299	243.64	242.906	242.098	241.217	240.261	239.231	238.127	236.949	235.697	234.372	232.973	231.501	229.957	228.342	226.658	224.904	223.085	221.201	219.255	217.251	215.193	213.084	210.929	208.735	206.506	204.249	201.97	199.676	197.372	195.065	192.761	190.464	188.18	185.913	183.666	181.443	179.246	177.077	174.938	172.83	170.755	168.712	166.703	164.728	162.786	160.878	159.004	157.163	155.356	153.58	151.838	150.126	148.446	146.797	145.178	143.588	142.028	140.496	138.991	137.514	136.064	
137.04	138.523	140.034	141.574	143.144	144.743	146.373	148.035	149.728	151.455	153.215	155.009	156.838	158.702	160.602	162.538	164.512	166.522	168.57	170.655	172.778	174.938	177.135	179.367	181.635	183.935	186.266	188.626	191.011	193.417	195.84	198.274	200.714	203.153	205.584	207.999	210.392	212.755	215.08	217.362	219.594	221.771	223.888	225.941	227.927	229.844	231.688	233.458	235.154	236.773	238.314	239.779	241.165	242.474	243.704	244.856	245.93	246.926	247.845	248.686	249.449	250.136	250.746	251.279	251.735	252.115	252.419	252.647	252.799	252.875	252.875	252.799	252.647	252.419	252.115	251.735	251.279	250.746	250.136	249.449	248.686	247.845	246.926	245.93	244.856	243.704	242.474	241.165	239.779	238.314	236.773	235.154	233.458	231.688	229.844	227.927	225.941	223.888	221.771	219.594	217.362	215.08	212.755	210.392	207.999	205.584	203.153	200.714	198.274	195.84	193.417	191.011	188.626	186.266	183.935	181.635	179.367	177.135	174.938	172.778	170.655	168.57	166.522	164.512	162.538	160.602	158.702	156.838	155.009	153.215	151.455	149.728	148.035	146.373	144.743	143.144	141.574	140.034	138.523	137.04	
138.016	139.532	141.077	142.653	144.26	145.898	147.57	149.274	151.013	152.787	154.597	156.444	158.327	160.25	162.211	164.211	166.252	168.334	170.457	172.622	174.829	177.077	179.367	181.699	184.07	186.48	188.927	191.408	193.92	196.459	199.019	201.596	204.182	206.77	209.351	211.918	214.46	216.97	219.44	221.862	224.228	226.534	228.774	230.943	233.039	235.059	237	238.861	240.642	242.34	243.955	245.488	246.938	248.305	249.59	250.792	251.912	252.95	253.907	254.782	255.577	256.291	256.925	257.479	257.953	258.348	258.664	258.901	259.058	259.137	259.137	259.058	258.901	258.664	258.348	257.953	257.479	256.925	256.291	255.577	254.782	253.907	252.95	251.912	250.792	249.59	248.305	246.938	245.488	243.955	242.34	240.642	238.861	237	235.059	233.039	230.943	228.774	226.534	224.228	221.862	219.44	216.97	214.46	211.918	209.351	206.77	204.182	201.596	199.019	196.459	193.92	191.408	188.927	186.48	184.07	181.699	179.367	177.077	174.829	172.622	170.457	168.334	166.252	164.211	162.211	160.25	158.327	156.444	154.597	152.787	151.013	149.274	147.57	145.898	144.26	142.653	141.077	139.532	138.016	
138.989	140.538	142.118	143.731	145.375	147.054	148.767	150.516	152.301	154.123	155.984	157.884	159.824	161.805	163.829	165.896	168.006	170.162	172.363	174.611	176.905	179.246	181.635	184.07	186.552	189.079	191.649	194.261	196.91	199.594	202.305	205.038	207.786	210.539	213.288	216.022	218.731	221.405	224.034	226.61	229.124	231.57	233.943	236.238	238.452	240.582	242.627	244.584	246.454	248.235	249.928	251.533	253.049	254.477	255.818	257.072	258.24	259.321	260.317	261.228	262.055	262.797	263.456	264.032	264.524	264.935	265.262	265.508	265.672	265.754	265.754	265.672	265.508	265.262	264.935	264.524	264.032	263.456	262.797	262.055	261.228	260.317	259.321	258.24	257.072	255.818	254.477	253.049	251.533	249.928	248.235	246.454	244.584	242.627	240.582	238.452	236.238	233.943	231.57	229.124	226.61	224.034	221.405	218.731	216.022	213.288	210.539	207.786	205.038	202.305	199.594	196.91	194.261	191.649	189.079	186.552	184.07	181.635	179.246	176.905	174.611	172.363	170.162	168.006	165.896	163.829	161.805	159.824	157.884	155.984	154.123	152.301	150.516	148.767	147.054	145.375	143.731	142.118	140.538	138.989	
139.959	141.542	143.157	144.806	146.49	148.209	149.964	151.758	153.589	155.461	157.373	159.328	161.326	163.368	165.456	167.59	169.773	172.005	174.287	176.62	179.005	181.443	183.935	186.48	189.079	191.73	194.433	197.186	199.984	202.825	205.702	208.609	211.536	214.473	217.41	220.332	223.228	226.085	228.892	231.639	234.315	236.915	239.433	241.863	244.204	246.452	248.606	250.665	252.629	254.498	256.272	257.952	259.537	261.029	262.428	263.736	264.953	266.079	267.115	268.063	268.922	269.694	270.378	270.976	271.487	271.913	272.253	272.508	272.678	272.763	272.763	272.678	272.508	272.253	271.913	271.487	270.976	270.378	269.694	268.922	268.063	267.115	266.079	264.953	263.736	262.428	261.029	259.537	257.952	256.272	254.498	252.629	250.665	248.606	246.452	244.204	241.863	239.433	236.915	234.315	231.639	228.892	226.085	223.228	220.332	217.41	214.473	211.536	208.609	205.702	202.825	199.984	197.186	194.433	191.73	189.079	186.48	183.935	181.443	179.005	176.62	174.287	172.005	169.773	167.59	165.456	163.368	161.326	159.328	157.373	155.461	153.589	151.758	149.964	148.209	146.49	144.806	143.157	141.542	139.959	
140.926	142.542	144.193	145.879	147.602	149.362	151.16	152.998	154.878	156.799	158.765	160.775	162.831	164.935	167.089	169.293	171.55	173.86	176.225	178.647	181.127	183.666	186.266	188.927	191.649	194.433	197.278	200.182	203.143	206.156	209.217	212.316	215.444	218.589	221.738	224.873	227.981	231.045	234.051	236.988	239.844	242.613	245.288	247.865	250.342	252.716	254.986	257.153	259.217	261.177	263.036	264.793	266.45	268.008	269.468	270.831	272.098	273.27	274.348	275.333	276.226	277.027	277.738	278.358	278.889	279.331	279.684	279.948	280.124	280.212	280.212	280.124	279.948	279.684	279.331	278.889	278.358	277.738	277.027	276.226	275.333	274.348	273.27	272.098	270.831	269.468	268.008	266.45	264.793	263.036	261.177	259.217	257.153	254.986	252.716	250.342	247.865	245.288	242.613	239.844	236.988	234.051	231.045	227.981	224.873	221.738	218.589	215.444	212.316	209.217	206.156	203.143	200.182	197.278	194.433	191.649	188.927	186.266	183.666	181.127	178.647	176.225	173.86	171.55	169.293	167.089	164.935	162.831	160.775	158.765	156.799	154.878	152.998	151.16	149.362	147.602	145.879	144.193	142.542	140.926	
141.888	143.538	145.225	146.948	148.71	150.511	152.353	154.237	156.165	158.137	160.156	162.222	164.339	166.506	168.727	171.002	173.334	175.725	178.177	180.69	183.269	185.913	188.626	191.408	194.261	197.186	200.182	203.25	206.387	209.59	212.853	216.168	219.524	222.906	226.297	229.678	233.027	236.327	239.558	242.708	245.764	248.719	251.566	254.301	256.924	259.432	261.826	264.106	266.274	268.33	270.277	272.115	273.846	275.472	276.994	278.414	279.733	280.953	282.073	283.097	284.024	284.856	285.593	286.237	286.787	287.245	287.611	287.885	288.068	288.159	288.159	288.068	287.885	287.611	287.245	286.787	286.237	285.593	284.856	284.024	283.097	282.073	280.953	279.733	278.414	276.994	275.472	273.846	272.115	270.277	268.33	266.274	264.106	261.826	259.432	256.924	254.301	251.566	248.719	245.764	242.708	239.558	236.327	233.027	229.678	226.297	222.906	219.524	216.168	212.853	209.59	206.387	203.25	200.182	197.186	194.261	191.408	188.626	185.913	183.269	180.69	178.177	175.725	173.334	171.002	168.727	166.506	164.339	162.222	160.156	158.137	156.165	154.237	152.353	150.511	148.71	146.948	145.225	143.538	141.888	
142.844	144.529	146.251	148.013	149.814	151.657	153.543	155.473	157.449	159.472	161.545	163.669	165.846	168.078	170.367	172.716	175.125	177.599	180.138	182.747	185.427	188.18	191.011	193.92	196.91	199.984	203.143	206.387	209.716	213.128	216.617	220.175	223.791	227.446	231.119	234.784	238.416	241.987	245.477	248.867	252.146	255.305	258.339	261.246	264.025	266.676	269.2	271.6	273.876	276.033	278.071	279.992	281.8	283.496	285.083	286.561	287.933	289.201	290.365	291.428	292.39	293.253	294.018	294.685	295.255	295.73	296.109	296.392	296.581	296.676	296.676	296.581	296.392	296.109	295.73	295.255	294.685	294.018	293.253	292.39	291.428	290.365	289.201	287.933	286.561	285.083	283.496	281.8	279.992	278.071	276.033	273.876	271.6	269.2	266.676	264.025	261.246	258.339	255.305	252.146	248.867	245.477	241.987	238.416	234.784	231.119	227.446	223.791	220.175	216.617	213.128	209.716	206.387	203.143	199.984	196.91	193.92	191.011	188.18	185.427	182.747	180.138	177.599	175.125	172.716	170.367	168.078	165.846	163.669	161.545	159.472	157.449	155.473	153.543	151.657	149.814	148.013	146.251	144.529	142.844	
143.794	145.513	147.272	149.071	150.912	152.797	154.727	156.703	158.728	160.804	162.932	165.114	167.352	169.65	172.008	174.431	176.919	179.477	182.108	184.813	187.598	190.464	193.417	196.459	199.594	202.825	206.156	209.59	213.128	216.769	220.51	224.345	228.261	232.236	236.243	240.248	244.213	248.103	251.891	255.555	259.084	262.468	265.707	268.798	271.743	274.545	277.207	279.731	282.122	284.381	286.514	288.522	290.409	292.177	293.829	295.367	296.794	298.11	299.319	300.422	301.42	302.315	303.107	303.798	304.389	304.88	305.272	305.566	305.761	305.859	305.859	305.761	305.566	305.272	304.88	304.389	303.798	303.107	302.315	301.42	300.422	299.319	298.11	296.794	295.367	293.829	292.177	290.409	288.522	286.514	284.381	282.122	279.731	277.207	274.545	271.743	268.798	265.707	262.468	259.084	255.555	251.891	248.103	244.213	240.248	236.243	232.236	228.261	224.345	220.51	216.769	213.128	209.59	206.156	202.825	199.594	196.459	193.417	190.464	187.598	184.813	182.108	179.477	176.919	174.431	172.008	169.65	167.352	165.114	162.932	160.804	158.728	156.703	154.727	152.797	150.912	149.071	147.272	145.513	143.794	
144.737	146.491	148.285	150.122	152.004	153.93	155.905	157.928	160.002	162.13	164.313	166.554	168.855	171.218	173.647	176.145	178.714	181.358	184.081	186.886	189.778	192.761	195.84	199.019	202.305	205.702	209.217	212.853	216.617	220.51	224.535	228.686	232.952	237.31	241.724	246.143	250.514	254.786	258.922	262.9	266.708	270.342	273.802	277.091	280.213	283.175	285.98	288.634	291.142	293.509	295.739	297.836	299.803	301.645	303.364	304.963	306.445	307.812	309.066	310.21	311.244	312.17	312.991	313.706	314.317	314.825	315.231	315.535	315.737	315.838	315.838	315.737	315.535	315.231	314.825	314.317	313.706	312.991	312.17	311.244	310.21	309.066	307.812	306.445	304.963	303.364	301.645	299.803	297.836	295.739	293.509	291.142	288.634	285.98	283.175	280.213	277.091	273.802	270.342	266.708	262.9	258.922	254.786	250.514	246.143	241.724	237.31	232.952	228.686	224.535	220.51	216.617	212.853	209.217	205.702	202.305	199.019	195.84	192.761	189.778	186.886	184.081	181.358	178.714	176.145	173.647	171.218	168.855	166.554	164.313	162.13	160.002	157.928	155.905	153.93	152.004	150.122	148.285	146.491	144.737	
145.671	147.459	149.29	151.166	153.087	155.056	157.075	159.145	161.269	163.449	165.688	167.988	170.351	172.782	175.282	177.856	180.506	183.238	186.054	188.961	191.963	195.065	198.274	201.596	205.038	208.609	212.316	216.168	220.175	224.345	228.686	233.2	237.881	242.709	247.635	252.583	257.466	262.206	266.756	271.094	275.215	279.121	282.82	286.32	289.629	292.758	295.712	298.501	301.131	303.607	305.937	308.125	310.175	312.091	313.879	315.54	317.078	318.496	319.796	320.98	322.051	323.01	323.858	324.598	325.23	325.755	326.175	326.488	326.697	326.802	326.802	326.697	326.488	326.175	325.755	325.23	324.598	323.858	323.01	322.051	320.98	319.796	318.496	317.078	315.54	313.879	312.091	310.175	308.125	305.937	303.607	301.131	298.501	295.712	292.758	289.629	286.32	282.82	279.121	275.215	271.094	266.756	262.206	257.466	252.583	247.635	242.709	237.881	233.2	228.686	224.345	220.175	216.168	212.316	208.609	205.038	201.596	198.274	195.065	191.963	188.961	186.054	183.238	180.506	177.856	175.282	172.782	170.351	167.988	165.688	163.449	161.269	159.145	157.075	155.056	153.087	151.166	149.29	147.459	145.671	
146.597	148.419	150.286	152.199	154.161	156.172	158.235	160.353	162.527	164.76	167.054	169.413	171.84	174.338	176.91	179.56	182.293	185.113	188.025	191.035	194.148	197.372	200.714	204.182	207.786	211.536	215.444	219.524	223.791	228.261	232.952	237.881	243.06	248.48	254.087	259.756	265.318	270.649	275.695	280.446	284.915	289.117	293.071	296.793	300.298	303.6	306.709	309.636	312.39	314.979	317.411	319.69	321.824	323.817	325.673	327.397	328.992	330.461	331.807	333.033	334.141	335.133	336.01	336.774	337.427	337.97	338.403	338.727	338.942	339.05	339.05	338.942	338.727	338.403	337.97	337.427	336.774	336.01	335.133	334.141	333.033	331.807	330.461	328.992	327.397	325.673	323.817	321.824	319.69	317.411	314.979	312.39	309.636	306.709	303.6	300.298	296.793	293.071	289.117	284.915	280.446	275.695	270.649	265.318	259.756	254.087	248.48	243.06	237.881	232.952	228.261	223.791	219.524	215.444	211.536	207.786	204.182	200.714	197.372	194.148	191.035	188.025	185.113	182.293	179.56	176.91	174.338	171.84	169.413	167.054	164.76	162.527	160.353	158.235	156.172	154.161	152.199	150.286	148.419	146.597	
147.512	149.369	151.272	153.223	155.224	157.278	159.386	161.55	163.774	166.06	168.41	170.829	173.319	175.884	178.528	181.255	184.071	186.98	189.988	193.102	196.329	199.676	203.153	206.77	210.539	214.473	218.589	222.906	227.446	232.236	237.31	242.709	248.48	254.667	261.258	268.034	274.581	280.678	286.314	291.532	296.38	300.899	305.122	309.076	312.783	316.263	319.53	322.598	325.479	328.183	330.717	333.09	335.309	337.379	339.305	341.092	342.744	344.264	345.657	346.925	348.07	349.094	350	350.789	351.463	352.023	352.469	352.804	353.026	353.137	353.137	353.026	352.804	352.469	352.023	351.463	350.789	350	349.094	348.07	346.925	345.657	344.264	342.744	341.092	339.305	337.379	335.309	333.09	330.717	328.183	325.479	322.598	319.53	316.263	312.783	309.076	305.122	300.899	296.38	291.532	286.314	280.678	274.581	268.034	261.258	254.667	248.48	242.709	237.31	232.236	227.446	222.906	218.589	214.473	210.539	206.77	203.153	199.676	196.329	193.102	189.988	186.98	184.071	181.255	178.528	175.884	173.319	170.829	168.41	166.06	163.774	161.55	159.386	157.278	155.224	153.223	151.272	149.369	147.512	
148.416	150.307	152.246	154.235	156.276	158.371	160.524	162.735	165.009	167.347	169.754	172.232	174.785	177.418	180.134	182.939	185.837	188.836	191.94	195.159	198.499	201.97	205.584	209.351	213.288	217.41	221.738	226.297	231.119	236.243	241.724	247.635	254.087	261.258	269.456	278.551	286.703	293.783	300.098	305.827	311.078	315.928	320.428	324.62	328.534	332.195	335.622	338.833	341.842	344.661	347.299	349.766	352.07	354.217	356.213	358.064	359.773	361.346	362.785	364.094	365.276	366.334	367.268	368.082	368.777	369.354	369.815	370.159	370.389	370.503	370.503	370.389	370.159	369.815	369.354	368.777	368.082	367.268	366.334	365.276	364.094	362.785	361.346	359.773	358.064	356.213	354.217	352.07	349.766	347.299	344.661	341.842	338.833	335.622	332.195	328.534	324.62	320.428	315.928	311.078	305.827	300.098	293.783	286.703	278.551	269.456	261.258	254.087	247.635	241.724	236.243	231.119	226.297	221.738	217.41	213.288	209.351	205.584	201.97	198.499	195.159	191.94	188.836	185.837	182.939	180.134	177.418	174.785	172.232	169.754	167.347	165.009	162.735	160.524	158.371	156.276	154.235	152.246	150.307	148.416	
149.307	151.232	153.207	155.234	157.315	159.452	161.648	163.907	166.23	168.62	171.083	173.62	176.236	178.936	181.724	184.606	187.588	190.676	193.877	197.2	200.654	204.249	207.999	211.918	216.022	220.332	224.873	229.678	234.784	240.248	246.143	252.583	259.756	268.034	278.551	295.619	306.089	314.275	321.309	327.563	333.227	338.412	343.193	347.625	351.746	355.589	359.178	362.532	365.669	368.603	371.346	373.907	376.296	378.52	380.586	382.5	384.267	385.891	387.377	388.728	389.947	391.038	392.001	392.84	393.556	394.15	394.624	394.979	395.215	395.333	395.333	395.215	394.979	394.624	394.15	393.556	392.84	392.001	391.038	389.947	388.728	387.377	385.891	384.267	382.5	380.586	378.52	376.296	373.907	371.346	368.603	365.669	362.532	359.178	355.589	351.746	347.625	343.193	338.412	333.227	327.563	321.309	314.275	306.089	295.619	278.551	268.034	259.756	252.583	246.143	240.248	234.784	229.678	224.873	220.332	216.022	211.918	207.999	204.249	200.654	197.2	193.877	190.676	187.588	184.606	181.724	178.936	176.236	173.62	171.083	168.62	166.23	163.907	161.648	159.452	157.315	155.234	153.207	151.232	149.307	
