115.896	116.458	117.022	117.589	118.16	118.733	119.308	119.887	120.468	121.052	121.638	122.227	122.818	123.411	124.007	124.605	125.205	125.808	126.412	127.018	127.625	128.235	128.845	129.457	130.071	130.685	131.301	131.918	132.535	133.152	133.771	134.389	135.008	135.626	136.244	136.862	137.479	138.095	138.711	139.325	139.937	140.548	141.158	141.765	142.369	142.972	143.571	144.168	144.761	145.351	145.937	146.519	147.097	147.67	148.239	148.802	149.361	149.914	150.461	151.003	151.538	152.066	152.588	153.103	153.611	154.111	154.604	155.089	155.565	156.034	156.494	156.945	157.387	157.819	158.243	158.657	159.061	159.455	159.839	160.212	160.576	160.928	161.27	161.601	161.921	162.229	162.527	162.812	163.087	163.349	163.6	163.839	164.065	164.28	164.483	164.673	164.851	165.016	165.169	165.309	165.437	165.552	165.655	165.745	165.822	165.886	165.937	165.976	166.002	166.015	166.015	166.002	165.976	165.937	165.886	165.822	165.745	165.655	165.552	165.437	165.309	165.169	165.016	164.851	164.673	164.483	164.28	164.065	163.839	163.6	163.349	163.087	162.812	162.527	162.229	161.921	161.601	161.27	160.928	160.576	160.212	159.839	159.455	159.061	158.657	158.243	157.819	157.387	156.945	156.494	156.034	155.565	155.089	154.604	154.111	153.611	153.103	152.588	152.066	151.538	151.003	150.461	149.914	149.361	148.802	148.239	147.67	147.097	146.519	145.937	145.351	144.761	144.168	143.571	142.972	142.369	141.765	141.158	140.548	139.937	139.325	138.711	138.095	137.479	136.862	136.244	135.626	135.008	134.389	133.771	133.152	132.535	131.918	131.301	130.685	130.071	129.457	128.845	128.235	127.625	127.018	126.412	125.808	125.205	124.605	124.007	123.411	122.818	122.227	121.638	121.052	120.468	119.887	119.308	118.733	118.16	117.589	117.022	116.458	115.896	
116.458	117.028	117.601	118.177	118.756	119.337	119.922	120.51	121.101	121.694	122.29	122.888	123.49	124.093	124.699	125.308	125.918	126.531	127.146	127.763	128.382	129.002	129.624	130.248	130.873	131.5	132.127	132.756	133.385	134.015	134.646	135.277	135.908	136.539	137.17	137.801	138.431	139.061	139.689	140.317	140.943	141.567	142.19	142.811	143.429	144.045	144.658	145.268	145.875	146.479	147.079	147.674	148.266	148.853	149.435	150.012	150.584	151.151	151.711	152.266	152.814	153.355	153.89	154.418	154.938	155.451	155.955	156.452	156.941	157.421	157.892	158.354	158.807	159.251	159.685	160.109	160.523	160.927	161.32	161.703	162.076	162.437	162.787	163.127	163.454	163.771	164.075	164.368	164.649	164.918	165.175	165.42	165.652	165.872	166.08	166.275	166.457	166.626	166.783	166.927	167.058	167.176	167.281	167.373	167.452	167.518	167.571	167.61	167.636	167.65	167.65	167.636	167.61	167.571	167.518	167.452	167.373	167.281	167.176	167.058	166.927	166.783	166.626	166.457	166.275	166.08	165.872	165.652	165.42	165.175	164.918	164.649	164.368	164.075	163.771	163.454	163.127	162.787	162.437	162.076	161.703	161.32	160.927	160.523	160.109	159.685	159.251	158.807	158.354	157.892	157.421	156.941	156.452	155.955	155.451	154.938	154.418	153.89	153.355	152.814	152.266	151.711	151.151	150.584	150.012	149.435	148.853	148.266	147.674	147.079	146.479	145.875	145.268	144.658	144.045	143.429	142.811	142.19	141.567	140.943	140.317	139.689	139.061	138.431	137.801	137.17	136.539	135.908	135.277	134.646	134.015	133.385	132.756	132.127	131.5	130.873	130.248	129.624	129.002	128.382	127.763	127.146	126.531	125.918	125.308	124.699	124.093	123.49	122.888	122.29	121.694	121.101	120.51	119.922	119.337	118.756	118.177	117.601	117.028	116.458	
117.022	117.601	118.182	118.767	119.355	119.946	120.54	121.137	121.737	122.34	122.946	123.555	124.166	124.78	125.397	126.016	126.637	127.261	127.887	128.515	129.145	129.777	130.411	131.046	131.683	132.322	132.962	133.603	134.244	134.887	135.531	136.174	136.819	137.463	138.107	138.752	139.395	140.038	140.681	141.322	141.962	142.6	143.237	143.871	144.504	145.134	145.761	146.385	147.007	147.624	148.238	148.848	149.453	150.055	150.651	151.242	151.828	152.408	152.982	153.55	154.112	154.667	155.214	155.755	156.288	156.814	157.331	157.84	158.341	158.833	159.316	159.79	160.254	160.709	161.154	161.589	162.013	162.427	162.831	163.223	163.605	163.975	164.334	164.682	165.018	165.342	165.655	165.955	166.243	166.519	166.782	167.033	167.271	167.496	167.709	167.909	168.096	168.269	168.43	168.577	168.712	168.833	168.94	169.034	169.115	169.183	169.237	169.277	169.304	169.318	169.318	169.304	169.277	169.237	169.183	169.115	169.034	168.94	168.833	168.712	168.577	168.43	168.269	168.096	167.909	167.709	167.496	167.271	167.033	166.782	166.519	166.243	165.955	165.655	165.342	165.018	164.682	164.334	163.975	163.605	163.223	162.831	162.427	162.013	161.589	161.154	160.709	160.254	159.79	159.316	158.833	158.341	157.84	157.331	156.814	156.288	155.755	155.214	154.667	154.112	153.55	152.982	152.408	151.828	151.242	150.651	150.055	149.453	148.848	148.238	147.624	147.007	146.385	145.761	145.134	144.504	143.871	143.237	142.6	141.962	141.322	140.681	140.038	139.395	138.752	138.107	137.463	136.819	136.174	135.531	134.887	134.244	133.603	132.962	132.322	131.683	131.046	130.411	129.777	129.145	128.515	127.887	127.261	126.637	126.016	125.397	124.78	124.166	123.555	122.946	122.34	121.737	121.137	120.54	119.946	119.355	118.767	118.182	117.601	117.022	
117.589	118.177	118.767	119.361	119.958	120.558	121.162	121.768	122.378	122.991	123.607	124.226	124.847	125.472	126.099	126.729	127.361	127.996	128.634	129.273	129.915	130.559	131.204	131.852	132.501	133.152	133.804	134.458	135.113	135.768	136.425	137.082	137.74	138.398	139.056	139.713	140.371	141.028	141.684	142.34	142.994	143.646	144.297	144.947	145.593	146.238	146.88	147.519	148.154	148.787	149.415	150.04	150.66	151.275	151.886	152.491	153.092	153.686	154.274	154.856	155.432	156.001	156.562	157.116	157.663	158.201	158.732	159.254	159.767	160.272	160.767	161.252	161.729	162.195	162.651	163.097	163.532	163.956	164.37	164.773	165.164	165.544	165.912	166.268	166.613	166.945	167.265	167.573	167.868	168.151	168.421	168.678	168.922	169.153	169.371	169.576	169.767	169.946	170.11	170.261	170.399	170.523	170.633	170.73	170.813	170.882	170.937	170.979	171.006	171.02	171.02	171.006	170.979	170.937	170.882	170.813	170.73	170.633	170.523	170.399	170.261	170.11	169.946	169.767	169.576	169.371	169.153	168.922	168.678	168.421	168.151	167.868	167.573	167.265	166.945	166.613	166.268	165.912	165.544	165.164	164.773	164.37	163.956	163.532	163.097	162.651	162.195	161.729	161.252	160.767	160.272	159.767	159.254	158.732	158.201	157.663	157.116	156.562	156.001	155.432	154.856	154.274	153.686	153.092	152.491	151.886	151.275	150.66	150.04	149.415	148.787	148.154	147.519	146.88	146.238	145.593	144.947	144.297	143.646	142.994	142.34	141.684	141.028	140.371	139.713	139.056	138.398	137.74	137.082	136.425	135.768	135.113	134.458	133.804	133.152	132.501	131.852	131.204	130.559	129.915	129.273	128.634	127.996	127.361	126.729	126.099	125.472	124.847	124.226	123.607	122.991	122.378	121.768	121.162	120.558	119.958	119.361	118.767	118.177	117.589	
118.16	118.756	119.355	119.958	120.564	121.174	121.787	122.404	123.023	123.646	124.272	124.901	125.534	126.169	126.807	127.448	128.091	128.738	129.387	130.038	130.691	131.347	132.005	132.665	133.327	133.991	134.656	135.322	135.99	136.659	137.329	138	138.671	139.343	140.015	140.687	141.359	142.03	142.701	143.371	144.04	144.707	145.373	146.037	146.699	147.358	148.015	148.669	149.32	149.967	150.611	151.25	151.885	152.516	153.141	153.762	154.377	154.986	155.589	156.185	156.775	157.358	157.934	158.502	159.062	159.614	160.158	160.694	161.22	161.737	162.245	162.743	163.231	163.709	164.177	164.634	165.08	165.516	165.94	166.353	166.754	167.143	167.521	167.886	168.24	168.58	168.909	169.224	169.527	169.817	170.093	170.357	170.607	170.844	171.068	171.277	171.474	171.656	171.825	171.98	172.121	172.248	172.361	172.46	172.545	172.616	172.673	172.715	172.744	172.758	172.758	172.744	172.715	172.673	172.616	172.545	172.46	172.361	172.248	172.121	171.98	171.825	171.656	171.474	171.277	171.068	170.844	170.607	170.357	170.093	169.817	169.527	169.224	168.909	168.58	168.24	167.886	167.521	167.143	166.754	166.353	165.94	165.516	165.08	164.634	164.177	163.709	163.231	162.743	162.245	161.737	161.22	160.694	160.158	159.614	159.062	158.502	157.934	157.358	156.775	156.185	155.589	154.986	154.377	153.762	153.141	152.516	151.885	151.25	150.611	149.967	149.32	148.669	148.015	147.358	146.699	146.037	145.373	144.707	144.04	143.371	142.701	142.03	141.359	140.687	140.015	139.343	138.671	138	137.329	136.659	135.99	135.322	134.656	133.991	133.327	132.665	132.005	131.347	130.691	130.038	129.387	128.738	128.091	127.448	126.807	126.169	125.534	124.901	124.272	123.646	123.023	122.404	121.787	121.174	120.564	119.958	119.355	118.756	118.16	
118.733	119.337	119.946	120.558	121.174	121.793	122.416	123.043	123.672	124.306	124.942	125.582	126.225	126.871	127.52	128.172	128.827	129.485	130.146	130.809	131.475	132.143	132.813	133.486	134.161	134.837	135.516	136.196	136.877	137.56	138.243	138.928	139.613	140.299	140.986	141.672	142.359	143.045	143.731	144.415	145.099	145.782	146.463	147.142	147.82	148.495	149.167	149.836	150.503	151.166	151.825	152.48	153.13	153.776	154.417	155.053	155.683	156.308	156.926	157.537	158.142	158.74	159.33	159.913	160.487	161.054	161.611	162.16	162.7	163.23	163.751	164.262	164.763	165.253	165.733	166.202	166.659	167.106	167.541	167.964	168.376	168.775	169.162	169.537	169.899	170.249	170.585	170.909	171.219	171.517	171.8	172.071	172.327	172.57	172.799	173.014	173.215	173.403	173.576	173.734	173.879	174.009	174.125	174.227	174.314	174.386	174.444	174.488	174.517	174.532	174.532	174.517	174.488	174.444	174.386	174.314	174.227	174.125	174.009	173.879	173.734	173.576	173.403	173.215	173.014	172.799	172.57	172.327	172.071	171.8	171.517	171.219	170.909	170.585	170.249	169.899	169.537	169.162	168.775	168.376	167.964	167.541	167.106	166.659	166.202	165.733	165.253	164.763	164.262	163.751	163.23	162.7	162.16	161.611	161.054	160.487	159.913	159.33	158.74	158.142	157.537	156.926	156.308	155.683	155.053	154.417	153.776	153.13	152.48	151.825	151.166	150.503	149.836	149.167	148.495	147.82	147.142	146.463	145.782	145.099	144.415	143.731	143.045	142.359	141.672	140.986	140.299	139.613	138.928	138.243	137.56	136.877	136.196	135.516	134.837	134.161	133.486	132.813	132.143	131.475	130.809	130.146	129.485	128.827	128.172	127.52	126.871	126.225	125.582	124.942	124.306	123.672	123.043	122.416	121.793	121.174	120.558	119.946	119.337	118.733	
119.308	119.922	120.54	121.162	121.787	122.416	123.049	123.686	124.326	124.969	125.616	126.267	126.921	127.578	128.239	128.902	129.569	130.239	130.911	131.587	132.265	132.946	133.629	134.315	135.002	135.692	136.384	137.078	137.773	138.469	139.167	139.866	140.566	141.267	141.968	142.67	143.371	144.073	144.773	145.474	146.173	146.871	147.568	148.263	148.957	149.648	150.336	151.021	151.704	152.383	153.058	153.729	154.396	155.058	155.715	156.366	157.012	157.652	158.286	158.913	159.533	160.146	160.752	161.349	161.939	162.519	163.091	163.655	164.208	164.752	165.287	165.811	166.324	166.827	167.319	167.8	168.27	168.728	169.174	169.609	170.031	170.44	170.837	171.222	171.593	171.952	172.297	172.629	172.947	173.252	173.543	173.82	174.083	174.332	174.567	174.788	174.994	175.186	175.363	175.526	175.674	175.808	175.926	176.03	176.12	176.194	176.254	176.298	176.328	176.343	176.343	176.328	176.298	176.254	176.194	176.12	176.03	175.926	175.808	175.674	175.526	175.363	175.186	174.994	174.788	174.567	174.332	174.083	173.82	173.543	173.252	172.947	172.629	172.297	171.952	171.593	171.222	170.837	170.44	170.031	169.609	169.174	168.728	168.27	167.8	167.319	166.827	166.324	165.811	165.287	164.752	164.208	163.655	163.091	162.519	161.939	161.349	160.752	160.146	159.533	158.913	158.286	157.652	157.012	156.366	155.715	155.058	154.396	153.729	153.058	152.383	151.704	151.021	150.336	149.648	148.957	148.263	147.568	146.871	146.173	145.474	144.773	144.073	143.371	142.67	141.968	141.267	140.566	139.866	139.167	138.469	137.773	137.078	136.384	135.692	135.002	134.315	133.629	132.946	132.265	131.587	130.911	130.239	129.569	128.902	128.239	127.578	126.921	126.267	125.616	124.969	124.326	123.686	123.049	122.416	121.787	121.162	120.54	119.922	119.308	
119.887	120.51	121.137	121.768	122.404	123.043	123.686	124.332	124.983	125.637	126.295	126.956	127.622	128.29	128.962	129.638	130.316	130.998	131.683	132.371	133.062	133.756	134.452	135.151	135.852	136.555	137.261	137.969	138.678	139.389	140.102	140.815	141.53	142.246	142.962	143.679	144.396	145.113	145.83	146.546	147.262	147.976	148.689	149.401	150.11	150.817	151.522	152.224	152.923	153.619	154.311	154.998	155.682	156.36	157.034	157.702	158.364	159.021	159.671	160.314	160.95	161.579	162.199	162.812	163.417	164.013	164.6	165.178	165.746	166.304	166.852	167.39	167.917	168.433	168.938	169.431	169.913	170.383	170.841	171.287	171.72	172.14	172.547	172.941	173.323	173.69	174.044	174.385	174.711	175.024	175.322	175.606	175.876	176.131	176.372	176.598	176.81	177.007	177.189	177.356	177.507	177.644	177.766	177.873	177.964	178.041	178.102	178.148	178.178	178.193	178.193	178.178	178.148	178.102	178.041	177.964	177.873	177.766	177.644	177.507	177.356	177.189	177.007	176.81	176.598	176.372	176.131	175.876	175.606	175.322	175.024	174.711	174.385	174.044	173.69	173.323	172.941	172.547	172.14	171.72	171.287	170.841	170.383	169.913	169.431	168.938	168.433	167.917	167.39	166.852	166.304	165.746	165.178	164.6	164.013	163.417	162.812	162.199	161.579	160.95	160.314	159.671	159.021	158.364	157.702	157.034	156.36	155.682	154.998	154.311	153.619	152.923	152.224	151.522	150.817	150.11	149.401	148.689	147.976	147.262	146.546	145.83	145.113	144.396	143.679	142.962	142.246	141.53	140.815	140.102	139.389	138.678	137.969	137.261	136.555	135.852	135.151	134.452	133.756	133.062	132.371	131.683	130.998	130.316	129.638	128.962	128.29	127.622	126.956	126.295	125.637	124.983	124.332	123.686	123.043	122.404	121.768	121.137	120.51	119.887	
120.468	121.101	121.737	122.378	123.023	123.672	124.326	124.983	125.644	126.309	126.978	127.651	128.327	129.007	129.691	130.378	131.069	131.763	132.461	133.162	133.866	134.572	135.282	135.994	136.71	137.427	138.147	138.869	139.593	140.319	141.046	141.775	142.505	143.236	143.968	144.701	145.434	146.167	146.9	147.633	148.365	149.096	149.826	150.554	151.28	152.005	152.727	153.446	154.162	154.875	155.584	156.289	156.989	157.685	158.375	159.061	159.74	160.413	161.08	161.739	162.392	163.037	163.674	164.303	164.924	165.535	166.137	166.73	167.313	167.886	168.449	169	169.541	170.071	170.589	171.096	171.59	172.072	172.542	172.999	173.444	173.875	174.293	174.697	175.088	175.465	175.829	176.178	176.513	176.833	177.139	177.431	177.707	177.969	178.216	178.448	178.665	178.867	179.053	179.225	179.38	179.521	179.646	179.755	179.849	179.927	179.99	180.037	180.068	180.084	180.084	180.068	180.037	179.99	179.927	179.849	179.755	179.646	179.521	179.38	179.225	179.053	178.867	178.665	178.448	178.216	177.969	177.707	177.431	177.139	176.833	176.513	176.178	175.829	175.465	175.088	174.697	174.293	173.875	173.444	172.999	172.542	172.072	171.59	171.096	170.589	170.071	169.541	169	168.449	167.886	167.313	166.73	166.137	165.535	164.924	164.303	163.674	163.037	162.392	161.739	161.08	160.413	159.74	159.061	158.375	157.685	156.989	156.289	155.584	154.875	154.162	153.446	152.727	152.005	151.28	150.554	149.826	149.096	148.365	147.633	146.9	146.167	145.434	144.701	143.968	143.236	142.505	141.775	141.046	140.319	139.593	138.869	138.147	137.427	136.71	135.994	135.282	134.572	133.866	133.162	132.461	131.763	131.069	130.378	129.691	129.007	128.327	127.651	126.978	126.309	125.644	124.983	124.326	123.672	123.023	122.378	121.737	121.101	120.468	
121.052	121.694	122.34	122.991	123.646	124.306	124.969	125.637	126.309	126.985	127.665	128.349	129.037	129.729	130.425	131.125	131.828	132.535	133.245	133.959	134.676	135.396	136.12	136.846	137.575	138.307	139.041	139.778	140.517	141.258	142.001	142.745	143.491	144.238	144.986	145.735	146.485	147.234	147.984	148.734	149.483	150.231	150.978	151.724	152.468	153.21	153.949	154.686	155.42	156.151	156.877	157.6	158.318	159.032	159.74	160.443	161.14	161.83	162.514	163.191	163.861	164.523	165.177	165.822	166.459	167.087	167.705	168.313	168.912	169.5	170.077	170.644	171.199	171.743	172.274	172.794	173.302	173.797	174.279	174.748	175.204	175.646	176.075	176.49	176.891	177.278	177.651	178.009	178.353	178.682	178.996	179.295	179.578	179.847	180.1	180.338	180.561	180.768	180.959	181.135	181.294	181.438	181.566	181.678	181.775	181.855	181.919	181.967	181.999	182.015	182.015	181.999	181.967	181.919	181.855	181.775	181.678	181.566	181.438	181.294	181.135	180.959	180.768	180.561	180.338	180.1	179.847	179.578	179.295	178.996	178.682	178.353	178.009	177.651	177.278	176.891	176.49	176.075	175.646	175.204	174.748	174.279	173.797	173.302	172.794	172.274	171.743	171.199	170.644	170.077	169.5	168.912	168.313	167.705	167.087	166.459	165.822	165.177	164.523	163.861	163.191	162.514	161.83	161.14	160.443	159.74	159.032	158.318	157.6	156.877	156.151	155.42	154.686	153.949	153.21	152.468	151.724	150.978	150.231	149.483	148.734	147.984	147.234	146.485	145.735	144.986	144.238	143.491	142.745	142.001	141.258	140.517	139.778	139.041	138.307	137.575	136.846	136.12	135.396	134.676	133.959	133.245	132.535	131.828	131.125	130.425	129.729	129.037	128.349	127.665	126.985	126.309	125.637	124.969	124.306	123.646	122.991	122.34	121.694	121.052	
121.638	122.29	122.946	123.607	124.272	124.942	125.616	126.295	126.978	127.665	128.357	129.052	129.752	130.456	131.164	131.876	132.592	133.312	134.036	134.763	135.493	136.227	136.965	137.705	138.449	139.195	139.945	140.697	141.451	142.207	142.966	143.726	144.488	145.252	146.017	146.782	147.549	148.315	149.082	149.849	150.616	151.382	152.147	152.911	153.673	154.433	155.191	155.946	156.698	157.447	158.192	158.933	159.67	160.402	161.128	161.849	162.564	163.273	163.975	164.67	165.357	166.037	166.708	167.371	168.024	168.669	169.303	169.928	170.543	171.146	171.739	172.321	172.891	173.449	173.995	174.528	175.049	175.557	176.052	176.534	177.002	177.456	177.896	178.322	178.734	179.131	179.513	179.881	180.233	180.571	180.893	181.199	181.491	181.766	182.026	182.27	182.498	182.71	182.907	183.087	183.25	183.398	183.529	183.644	183.743	183.825	183.891	183.941	183.973	183.99	183.99	183.973	183.941	183.891	183.825	183.743	183.644	183.529	183.398	183.25	183.087	182.907	182.71	182.498	182.27	182.026	181.766	181.491	181.199	180.893	180.571	180.233	179.881	179.513	179.131	178.734	178.322	177.896	177.456	177.002	176.534	176.052	175.557	175.049	174.528	173.995	173.449	172.891	172.321	171.739	171.146	170.543	169.928	169.303	168.669	168.024	167.371	166.708	166.037	165.357	164.67	163.975	163.273	162.564	161.849	161.128	160.402	159.67	158.933	158.192	157.447	156.698	155.946	155.191	154.433	153.673	152.911	152.147	151.382	150.616	149.849	149.082	148.315	147.549	146.782	146.017	145.252	144.488	143.726	142.966	142.207	141.451	140.697	139.945	139.195	138.449	137.705	136.965	136.227	135.493	134.763	134.036	133.312	132.592	131.876	131.164	130.456	129.752	129.052	128.357	127.665	126.978	126.295	125.616	124.942	124.272	123.607	122.946	122.29	121.638	
122.227	122.888	123.555	124.226	124.901	125.582	126.267	126.956	127.651	128.349	129.052	129.76	130.472	131.188	131.909	132.633	133.362	134.095	134.832	135.573	136.317	137.066	137.817	138.572	139.331	140.092	140.857	141.624	142.394	143.167	143.941	144.718	145.497	146.277	147.059	147.842	148.626	149.41	150.195	150.98	151.765	152.549	153.333	154.115	154.896	155.675	156.451	157.225	157.997	158.765	159.529	160.289	161.045	161.795	162.541	163.281	164.015	164.742	165.463	166.176	166.882	167.579	168.269	168.949	169.62	170.282	170.934	171.575	172.206	172.826	173.435	174.032	174.618	175.191	175.751	176.299	176.834	177.356	177.864	178.358	178.839	179.305	179.757	180.194	180.616	181.024	181.416	181.793	182.155	182.501	182.832	183.146	183.445	183.728	183.995	184.245	184.479	184.697	184.898	185.082	185.25	185.402	185.536	185.654	185.756	185.84	185.907	185.958	185.992	186.009	186.009	185.992	185.958	185.907	185.84	185.756	185.654	185.536	185.402	185.25	185.082	184.898	184.697	184.479	184.245	183.995	183.728	183.445	183.146	182.832	182.501	182.155	181.793	181.416	181.024	180.616	180.194	179.757	179.305	178.839	178.358	177.864	177.356	176.834	176.299	175.751	175.191	174.618	174.032	173.435	172.826	172.206	171.575	170.934	170.282	169.62	168.949	168.269	167.579	166.882	166.176	165.463	164.742	164.015	163.281	162.541	161.795	161.045	160.289	159.529	158.765	157.997	157.225	156.451	155.675	154.896	154.115	153.333	152.549	151.765	150.98	150.195	149.41	148.626	147.842	147.059	146.277	145.497	144.718	143.941	143.167	142.394	141.624	140.857	140.092	139.331	138.572	137.817	137.066	136.317	135.573	134.832	134.095	133.362	132.633	131.909	131.188	130.472	129.76	129.052	128.349	127.651	126.956	126.267	125.582	124.901	124.226	123.555	122.888	122.227	
122.818	123.49	124.166	124.847	125.534	126.225	126.921	127.622	128.327	129.037	129.752	130.472	131.196	131.925	132.658	133.396	134.138	134.884	135.635	136.39	137.148	137.911	138.677	139.447	140.221	140.998	141.778	142.561	143.347	144.136	144.928	145.721	146.517	147.315	148.114	148.915	149.717	150.519	151.323	152.126	152.93	153.733	154.535	155.337	156.137	156.935	157.731	158.525	159.316	160.104	160.888	161.668	162.443	163.214	163.979	164.738	165.492	166.239	166.979	167.711	168.436	169.152	169.86	170.559	171.248	171.928	172.598	173.257	173.905	174.541	175.167	175.78	176.381	176.97	177.546	178.108	178.658	179.193	179.715	180.223	180.716	181.194	181.658	182.107	182.541	182.959	183.362	183.749	184.12	184.475	184.814	185.137	185.444	185.734	186.007	186.264	186.504	186.727	186.934	187.123	187.296	187.451	187.589	187.71	187.814	187.9	187.969	188.021	188.056	188.073	188.073	188.056	188.021	187.969	187.9	187.814	187.71	187.589	187.451	187.296	187.123	186.934	186.727	186.504	186.264	186.007	185.734	185.444	185.137	184.814	184.475	184.12	183.749	183.362	182.959	182.541	182.107	181.658	181.194	180.716	180.223	179.715	179.193	178.658	178.108	177.546	176.97	176.381	175.78	175.167	174.541	173.905	173.257	172.598	171.928	171.248	170.559	169.86	169.152	168.436	167.711	166.979	166.239	165.492	164.738	163.979	163.214	162.443	161.668	160.888	160.104	159.316	158.525	157.731	156.935	156.137	155.337	154.535	153.733	152.93	152.126	151.323	150.519	149.717	148.915	148.114	147.315	146.517	145.721	144.928	144.136	143.347	142.561	141.778	140.998	140.221	139.447	138.677	137.911	137.148	136.39	135.635	134.884	134.138	133.396	132.658	131.925	131.196	130.472	129.752	129.037	128.327	127.622	126.921	126.225	125.534	124.847	124.166	123.49	122.818	
123.411	124.093	124.78	125.472	126.169	126.871	127.578	128.29	129.007	129.729	130.456	131.188	131.925	132.666	133.413	134.164	134.919	135.679	136.444	137.213	137.986	138.763	139.545	140.33	141.119	141.912	142.708	143.508	144.31	145.116	145.925	146.736	147.549	148.365	149.182	150.001	150.821	151.643	152.465	153.288	154.11	154.933	155.755	156.577	157.397	158.215	159.032	159.846	160.657	161.465	162.269	163.07	163.866	164.657	165.442	166.222	166.996	167.763	168.523	169.275	170.02	170.756	171.483	172.201	172.909	173.608	174.296	174.973	175.638	176.293	176.935	177.565	178.183	178.787	179.379	179.957	180.521	181.071	181.607	182.128	182.635	183.126	183.603	184.063	184.509	184.938	185.351	185.749	186.13	186.494	186.842	187.173	187.488	187.786	188.066	188.33	188.576	188.805	189.017	189.211	189.388	189.547	189.689	189.813	189.919	190.008	190.079	190.132	190.168	190.185	190.185	190.168	190.132	190.079	190.008	189.919	189.813	189.689	189.547	189.388	189.211	189.017	188.805	188.576	188.33	188.066	187.786	187.488	187.173	186.842	186.494	186.13	185.749	185.351	184.938	184.509	184.063	183.603	183.126	182.635	182.128	181.607	181.071	180.521	179.957	179.379	178.787	178.183	177.565	176.935	176.293	175.638	174.973	174.296	173.608	172.909	172.201	171.483	170.756	170.02	169.275	168.523	167.763	166.996	166.222	165.442	164.657	163.866	163.07	162.269	161.465	160.657	159.846	159.032	158.215	157.397	156.577	155.755	154.933	154.11	153.288	152.465	151.643	150.821	150.001	149.182	148.365	147.549	146.736	145.925	145.116	144.31	143.508	142.708	141.912	141.119	140.33	139.545	138.763	137.986	137.213	136.444	135.679	134.919	134.164	133.413	132.666	131.925	131.188	130.456	129.729	129.007	128.29	127.578	126.871	126.169	125.472	124.78	124.093	123.411	
124.007	124.699	125.397	126.099	126.807	127.52	128.239	128.962	129.691	130.425	131.164	131.909	132.658	133.413	134.172	134.937	135.706	136.48	137.259	138.042	138.83	139.623	140.42	141.221	142.026	142.834	143.647	144.463	145.283	146.106	146.932	147.761	148.593	149.427	150.263	151.1	151.94	152.781	153.622	154.465	155.308	156.151	156.993	157.835	158.676	159.515	160.352	161.187	162.02	162.849	163.675	164.496	165.314	166.126	166.933	167.734	168.528	169.316	170.097	170.87	171.635	172.391	173.139	173.877	174.604	175.322	176.029	176.725	177.409	178.081	178.742	179.389	180.024	180.645	181.253	181.846	182.426	182.991	183.541	184.077	184.597	185.102	185.591	186.064	186.521	186.962	187.386	187.794	188.185	188.559	188.917	189.257	189.579	189.885	190.173	190.443	190.696	190.931	191.148	191.347	191.528	191.692	191.837	191.964	192.073	192.164	192.237	192.292	192.328	192.347	192.347	192.328	192.292	192.237	192.164	192.073	191.964	191.837	191.692	191.528	191.347	191.148	190.931	190.696	190.443	190.173	189.885	189.579	189.257	188.917	188.559	188.185	187.794	187.386	186.962	186.521	186.064	185.591	185.102	184.597	184.077	183.541	182.991	182.426	181.846	181.253	180.645	180.024	179.389	178.742	178.081	177.409	176.725	176.029	175.322	174.604	173.877	173.139	172.391	171.635	170.87	170.097	169.316	168.528	167.734	166.933	166.126	165.314	164.496	163.675	162.849	162.02	161.187	160.352	159.515	158.676	157.835	156.993	156.151	155.308	154.465	153.622	152.781	151.94	151.1	150.263	149.427	148.593	147.761	146.932	146.106	145.283	144.463	143.647	142.834	142.026	141.221	140.42	139.623	138.83	138.042	137.259	136.48	135.706	134.937	134.172	133.413	132.658	131.909	131.164	130.425	129.691	128.962	128.239	127.52	126.807	126.099	125.397	124.699	124.007	
124.605	125.308	126.016	126.729	127.448	128.172	128.902	129.638	130.378	131.125	131.876	132.633	133.396	134.164	134.937	135.715	136.498	137.287	138.08	138.878	139.682	140.489	141.302	142.119	142.94	143.766	144.595	145.429	146.266	147.107	147.951	148.798	149.648	150.501	151.356	152.213	153.073	153.933	154.795	155.658	156.522	157.385	158.249	159.112	159.974	160.835	161.694	162.551	163.405	164.257	165.104	165.948	166.787	167.621	168.45	169.273	170.09	170.9	171.702	172.496	173.283	174.06	174.828	175.587	176.335	177.073	177.799	178.515	179.218	179.909	180.588	181.253	181.905	182.544	183.168	183.778	184.374	184.955	185.52	186.07	186.604	187.123	187.625	188.111	188.58	189.033	189.469	189.887	190.289	190.673	191.04	191.389	191.72	192.033	192.329	192.606	192.865	193.106	193.329	193.533	193.719	193.887	194.036	194.167	194.279	194.372	194.447	194.503	194.54	194.559	194.559	194.54	194.503	194.447	194.372	194.279	194.167	194.036	193.887	193.719	193.533	193.329	193.106	192.865	192.606	192.329	192.033	191.72	191.389	191.04	190.673	190.289	189.887	189.469	189.033	188.58	188.111	187.625	187.123	186.604	186.07	185.52	184.955	184.374	183.778	183.168	182.544	181.905	181.253	180.588	179.909	179.218	178.515	177.799	177.073	176.335	175.587	174.828	174.06	173.283	172.496	171.702	170.9	170.09	169.273	168.45	167.621	166.787	165.948	165.104	164.257	163.405	162.551	161.694	160.835	159.974	159.112	158.249	157.385	156.522	155.658	154.795	153.933	153.073	152.213	151.356	150.501	149.648	148.798	147.951	147.107	146.266	145.429	144.595	143.766	142.94	142.119	141.302	140.489	139.682	138.878	138.08	137.287	136.498	135.715	134.937	134.164	133.396	132.633	131.876	131.125	130.378	129.638	128.902	128.172	127.448	126.729	126.016	125.308	124.605	
125.205	125.918	126.637	127.361	128.091	128.827	129.569	130.316	131.069	131.828	132.592	133.362	134.138	134.919	135.706	136.498	137.296	138.099	138.907	139.721	140.539	141.363	142.192	143.025	143.863	144.705	145.552	146.403	147.259	148.118	148.98	149.846	150.716	151.588	152.463	153.34	154.22	155.101	155.984	156.868	157.753	158.638	159.523	160.408	161.293	162.176	163.058	163.937	164.814	165.688	166.559	167.425	168.287	169.145	169.996	170.842	171.681	172.514	173.339	174.155	174.964	175.763	176.553	177.333	178.102	178.861	179.608	180.343	181.066	181.777	182.474	183.159	183.829	184.485	185.127	185.754	186.366	186.963	187.544	188.109	188.658	189.191	189.707	190.206	190.688	191.153	191.6	192.03	192.442	192.836	193.213	193.571	193.911	194.233	194.536	194.82	195.086	195.334	195.562	195.772	195.963	196.135	196.288	196.422	196.536	196.632	196.709	196.766	196.804	196.824	196.824	196.804	196.766	196.709	196.632	196.536	196.422	196.288	196.135	195.963	195.772	195.562	195.334	195.086	194.82	194.536	194.233	193.911	193.571	193.213	192.836	192.442	192.03	191.6	191.153	190.688	190.206	189.707	189.191	188.658	188.109	187.544	186.963	186.366	185.754	185.127	184.485	183.829	183.159	182.474	181.777	181.066	180.343	179.608	178.861	178.102	177.333	176.553	175.763	174.964	174.155	173.339	172.514	171.681	170.842	169.996	169.145	168.287	167.425	166.559	165.688	164.814	163.937	163.058	162.176	161.293	160.408	159.523	158.638	157.753	156.868	155.984	155.101	154.22	153.34	152.463	151.588	150.716	149.846	148.98	148.118	147.259	146.403	145.552	144.705	143.863	143.025	142.192	141.363	140.539	139.721	138.907	138.099	137.296	136.498	135.706	134.919	134.138	133.362	132.592	131.828	131.069	130.316	129.569	128.827	128.091	127.361	126.637	125.918	125.205	
125.808	126.531	127.261	127.996	128.738	129.485	130.239	130.998	131.763	132.535	133.312	134.095	134.884	135.679	136.48	137.287	138.099	138.917	139.74	140.569	141.404	142.244	143.089	143.939	144.794	145.654	146.518	147.388	148.261	149.139	150.021	150.906	151.795	152.687	153.583	154.481	155.381	156.284	157.188	158.094	159.001	159.909	160.817	161.724	162.632	163.538	164.443	165.346	166.247	167.144	168.039	168.929	169.815	170.696	171.572	172.441	173.304	174.16	175.008	175.848	176.679	177.501	178.314	179.116	179.907	180.687	181.456	182.212	182.956	183.687	184.404	185.108	185.797	186.472	187.132	187.776	188.405	189.019	189.616	190.196	190.761	191.308	191.838	192.35	192.846	193.323	193.782	194.224	194.647	195.052	195.438	195.806	196.155	196.485	196.796	197.088	197.361	197.615	197.849	198.065	198.26	198.437	198.594	198.731	198.849	198.947	199.026	199.084	199.124	199.143	199.143	199.124	199.084	199.026	198.947	198.849	198.731	198.594	198.437	198.26	198.065	197.849	197.615	197.361	197.088	196.796	196.485	196.155	195.806	195.438	195.052	194.647	194.224	193.782	193.323	192.846	192.35	191.838	191.308	190.761	190.196	189.616	189.019	188.405	187.776	187.132	186.472	185.797	185.108	184.404	183.687	182.956	182.212	181.456	180.687	179.907	179.116	178.314	177.501	176.679	175.848	175.008	174.16	173.304	172.441	171.572	170.696	169.815	168.929	168.039	167.144	166.247	165.346	164.443	163.538	162.632	161.724	160.817	159.909	159.001	158.094	157.188	156.284	155.381	154.481	153.583	152.687	151.795	150.906	150.021	149.139	148.261	147.388	146.518	145.654	144.794	143.939	143.089	142.244	141.404	140.569	139.74	138.917	138.099	137.287	136.48	135.679	134.884	134.095	133.312	132.535	131.763	130.998	130.239	129.485	128.738	127.996	127.261	126.531	125.808	
126.412	127.146	127.887	128.634	129.387	130.146	130.911	131.683	132.461	133.245	134.036	134.832	135.635	136.444	137.259	138.08	138.907	139.74	140.579	141.424	142.275	143.131	143.993	144.86	145.733	146.611	147.494	148.381	149.274	150.171	151.072	151.978	152.887	153.8	154.716	155.636	156.558	157.482	158.409	159.337	160.267	161.198	162.129	163.061	163.992	164.922	165.851	166.779	167.704	168.626	169.545	170.46	171.371	172.277	173.177	174.071	174.959	175.839	176.711	177.576	178.431	179.277	180.112	180.938	181.752	182.554	183.345	184.123	184.888	185.64	186.378	187.102	187.811	188.504	189.183	189.846	190.493	191.123	191.737	192.334	192.913	193.476	194.02	194.547	195.056	195.546	196.018	196.471	196.906	197.321	197.718	198.095	198.454	198.792	199.112	199.412	199.692	199.952	200.193	200.413	200.614	200.795	200.956	201.097	201.218	201.319	201.399	201.46	201.5	201.52	201.52	201.5	201.46	201.399	201.319	201.218	201.097	200.956	200.795	200.614	200.413	200.193	199.952	199.692	199.412	199.112	198.792	198.454	198.095	197.718	197.321	196.906	196.471	196.018	195.546	195.056	194.547	194.02	193.476	192.913	192.334	191.737	191.123	190.493	189.846	189.183	188.504	187.811	187.102	186.378	185.64	184.888	184.123	183.345	182.554	181.752	180.938	180.112	179.277	178.431	177.576	176.711	175.839	174.959	174.071	173.177	172.277	171.371	170.46	169.545	168.626	167.704	166.779	165.851	164.922	163.992	163.061	162.129	161.198	160.267	159.337	158.409	157.482	156.558	155.636	154.716	153.8	152.887	151.978	151.072	150.171	149.274	148.381	147.494	146.611	145.733	144.86	143.993	143.131	142.275	141.424	140.579	139.74	138.907	138.08	137.259	136.444	135.635	134.832	134.036	133.245	132.461	131.683	130.911	130.146	129.387	128.634	127.887	127.146	126.412	
127.018	127.763	128.515	129.273	130.038	130.809	131.587	132.371	133.162	133.959	134.763	135.573	136.39	137.213	138.042	138.878	139.721	140.569	141.424	142.285	143.152	144.026	144.905	145.79	146.68	147.576	148.478	149.385	150.297	151.213	152.135	153.061	153.991	154.925	155.863	156.805	157.749	158.696	159.646	160.598	161.551	162.506	163.461	164.417	165.373	166.328	167.283	168.235	169.186	170.134	171.079	172.019	172.956	173.888	174.814	175.733	176.647	177.552	178.45	179.339	180.22	181.09	181.95	182.8	183.637	184.464	185.277	186.078	186.865	187.639	188.398	189.142	189.872	190.585	191.283	191.965	192.63	193.278	193.909	194.523	195.119	195.696	196.256	196.797	197.32	197.824	198.308	198.774	199.22	199.647	200.054	200.442	200.809	201.157	201.485	201.793	202.08	202.347	202.594	202.821	203.027	203.212	203.377	203.522	203.646	203.749	203.832	203.894	203.935	203.956	203.956	203.935	203.894	203.832	203.749	203.646	203.522	203.377	203.212	203.027	202.821	202.594	202.347	202.08	201.793	201.485	201.157	200.809	200.442	200.054	199.647	199.22	198.774	198.308	197.824	197.32	196.797	196.256	195.696	195.119	194.523	193.909	193.278	192.63	191.965	191.283	190.585	189.872	189.142	188.398	187.639	186.865	186.078	185.277	184.464	183.637	182.8	181.95	181.09	180.22	179.339	178.45	177.552	176.647	175.733	174.814	173.888	172.956	172.019	171.079	170.134	169.186	168.235	167.283	166.328	165.373	164.417	163.461	162.506	161.551	160.598	159.646	158.696	157.749	156.805	155.863	154.925	153.991	153.061	152.135	151.213	150.297	149.385	148.478	147.576	146.68	145.79	144.905	144.026	143.152	142.285	141.424	140.569	139.721	138.878	138.042	137.213	136.39	135.573	134.763	133.959	133.162	132.371	131.587	130.809	130.038	129.273	128.515	127.763	127.018	
127.625	128.382	129.145	129.915	130.691	131.475	132.265	133.062	133.866	134.676	135.493	136.317	137.148	137.986	138.83	139.682	140.539	141.404	142.275	143.152	144.036	144.927	145.824	146.726	147.635	148.55	149.471	150.397	151.329	152.266	153.209	154.156	155.108	156.064	157.024	157.988	158.955	159.926	160.9	161.875	162.853	163.833	164.814	165.795	166.776	167.758	168.738	169.717	170.694	171.669	172.64	173.608	174.571	175.53	176.482	177.429	178.369	179.301	180.225	181.141	182.047	182.943	183.829	184.703	185.566	186.416	187.254	188.078	188.888	189.685	190.466	191.232	191.982	192.717	193.435	194.136	194.82	195.486	196.135	196.766	197.379	197.972	198.548	199.104	199.641	200.158	200.656	201.134	201.593	202.031	202.449	202.847	203.224	203.581	203.918	204.234	204.529	204.803	205.056	205.289	205.5	205.69	205.86	206.008	206.135	206.241	206.326	206.39	206.432	206.453	206.453	206.432	206.39	206.326	206.241	206.135	206.008	205.86	205.69	205.5	205.289	205.056	204.803	204.529	204.234	203.918	203.581	203.224	202.847	202.449	202.031	201.593	201.134	200.656	200.158	199.641	199.104	198.548	197.972	197.379	196.766	196.135	195.486	194.82	194.136	193.435	192.717	191.982	191.232	190.466	189.685	188.888	188.078	187.254	186.416	185.566	184.703	183.829	182.943	182.047	181.141	180.225	179.301	178.369	177.429	176.482	175.53	174.571	173.608	172.64	171.669	170.694	169.717	168.738	167.758	166.776	165.795	164.814	163.833	162.853	161.875	160.9	159.926	158.955	157.988	157.024	156.064	155.108	154.156	153.209	152.266	151.329	150.397	149.471	148.55	147.635	146.726	145.824	144.927	144.036	143.152	142.275	141.404	140.539	139.682	138.83	137.986	137.148	136.317	135.493	134.676	133.866	133.062	132.265	131.475	130.691	129.915	129.145	128.382	127.625	
128.235	129.002	129.777	130.559	131.347	132.143	132.946	133.756	134.572	135.396	136.227	137.066	137.911	138.763	139.623	140.489	141.363	142.244	143.131	144.026	144.927	145.835	146.75	147.671	148.599	149.533	150.473	151.42	152.372	153.33	154.294	155.263	156.236	157.215	158.198	159.186	160.177	161.172	162.17	163.171	164.174	165.18	166.186	167.194	168.202	169.21	170.218	171.224	172.229	173.231	174.23	175.226	176.217	177.204	178.185	179.159	180.127	181.087	182.039	182.981	183.915	184.837	185.75	186.65	187.539	188.414	189.277	190.126	190.96	191.78	192.584	193.372	194.145	194.9	195.639	196.361	197.064	197.75	198.417	199.066	199.695	200.306	200.897	201.469	202.02	202.552	203.064	203.555	204.026	204.476	204.905	205.314	205.701	206.068	206.413	206.737	207.04	207.321	207.581	207.82	208.037	208.232	208.406	208.558	208.688	208.797	208.884	208.949	208.993	209.014	209.014	208.993	208.949	208.884	208.797	208.688	208.558	208.406	208.232	208.037	207.82	207.581	207.321	207.04	206.737	206.413	206.068	205.701	205.314	204.905	204.476	204.026	203.555	203.064	202.552	202.02	201.469	200.897	200.306	199.695	199.066	198.417	197.75	197.064	196.361	195.639	194.9	194.145	193.372	192.584	191.78	190.96	190.126	189.277	188.414	187.539	186.65	185.75	184.837	183.915	182.981	182.039	181.087	180.127	179.159	178.185	177.204	176.217	175.226	174.23	173.231	172.229	171.224	170.218	169.21	168.202	167.194	166.186	165.18	164.174	163.171	162.17	161.172	160.177	159.186	158.198	157.215	156.236	155.263	154.294	153.33	152.372	151.42	150.473	149.533	148.599	147.671	146.75	145.835	144.927	144.026	143.131	142.244	141.363	140.489	139.623	138.763	137.911	137.066	136.227	135.396	134.572	133.756	132.946	132.143	131.347	130.559	129.777	129.002	128.235	
128.845	129.624	130.411	131.204	132.005	132.813	133.629	134.452	135.282	136.12	136.965	137.817	138.677	139.545	140.42	141.302	142.192	143.089	143.993	144.905	145.824	146.75	147.683	148.623	149.57	150.524	151.484	152.451	153.425	154.404	155.39	156.381	157.378	158.38	159.387	160.398	161.414	162.434	163.458	164.485	165.514	166.546	167.58	168.615	169.651	170.687	171.723	172.758	173.791	174.822	175.85	176.875	177.896	178.911	179.921	180.925	181.922	182.911	183.891	184.863	185.824	186.775	187.715	188.642	189.558	190.46	191.348	192.223	193.082	193.926	194.754	195.566	196.361	197.139	197.899	198.642	199.366	200.071	200.757	201.424	202.072	202.7	203.307	203.895	204.462	205.008	205.534	206.038	206.522	206.984	207.425	207.844	208.242	208.619	208.973	209.306	209.616	209.905	210.172	210.417	210.639	210.84	211.018	211.174	211.308	211.419	211.508	211.575	211.62	211.642	211.642	211.62	211.575	211.508	211.419	211.308	211.174	211.018	210.84	210.639	210.417	210.172	209.905	209.616	209.306	208.973	208.619	208.242	207.844	207.425	206.984	206.522	206.038	205.534	205.008	204.462	203.895	203.307	202.7	202.072	201.424	200.757	200.071	199.366	198.642	197.899	197.139	196.361	195.566	194.754	193.926	193.082	192.223	191.348	190.46	189.558	188.642	187.715	186.775	185.824	184.863	183.891	182.911	181.922	180.925	179.921	178.911	177.896	176.875	175.85	174.822	173.791	172.758	171.723	170.687	169.651	168.615	167.58	166.546	165.514	164.485	163.458	162.434	161.414	160.398	159.387	158.38	157.378	156.381	155.39	154.404	153.425	152.451	151.484	150.524	149.57	148.623	147.683	146.75	145.824	144.905	143.993	143.089	142.192	141.302	140.42	139.545	138.677	137.817	136.965	136.12	135.282	134.452	133.629	132.813	132.005	131.204	130.411	129.624	128.845	
