115.85	116.364	116.88	117.399	117.921	118.445	118.971	119.499	120.03	120.563	121.098	121.635	122.175	122.716	123.259	123.805	124.352	124.901	125.451	126.004	126.558	127.113	127.67	128.228	128.788	129.348	129.91	130.473	131.036	131.6	132.165	132.731	133.297	133.863	134.429	134.996	135.562	136.129	136.694	137.26	137.825	138.389	138.951	139.513	140.074	140.633	141.191	141.747	142.3	142.852	143.402	143.949	144.493	145.034	145.573	146.108	146.64	147.168	147.692	148.213	148.729	149.241	149.748	150.251	150.748	151.241	151.728	152.209	152.685	153.155	153.619	154.077	154.528	154.972	155.41	155.841	156.265	156.681	157.09	157.491	157.885	158.27	158.648	159.017	159.378	159.73	160.074	160.409	160.735	161.052	161.36	161.659	161.949	162.229	162.499	162.76	163.011	163.252	163.484	163.705	163.916	164.118	164.309	164.489	164.66	164.82	164.969	165.109	165.237	165.355	165.463	165.559	165.645	165.721	165.786	165.839	165.883	165.915	165.937	165.947	165.947	165.937	165.915	165.883	165.839	165.786	165.721	165.645	165.559	165.463	165.355	165.237	165.109	164.969	164.82	164.66	164.489	164.309	164.118	163.916	163.705	163.484	163.252	163.011	162.76	162.499	162.229	161.949	161.659	161.36	161.052	160.735	160.409	160.074	159.73	159.378	159.017	158.648	158.27	157.885	157.491	157.09	156.681	156.265	155.841	155.41	154.972	154.528	154.077	153.619	153.155	152.685	152.209	151.728	151.241	150.748	150.251	149.748	149.241	148.729	148.213	147.692	147.168	146.64	146.108	145.573	145.034	144.493	143.949	143.402	142.852	142.3	141.747	141.191	140.633	140.074	139.513	138.951	138.389	137.825	137.26	136.694	136.129	135.562	134.996	134.429	133.863	133.297	132.731	132.165	131.6	131.036	130.473	129.91	129.348	128.788	128.228	127.67	127.113	126.558	126.004	125.451	124.901	124.352	123.805	123.259	122.716	122.175	121.635	121.098	120.563	120.03	119.499	118.971	118.445	117.921	117.399	116.88	116.364	115.85	
116.364	116.885	117.409	117.935	118.464	118.995	119.529	120.065	120.603	121.144	121.687	122.233	122.78	123.33	123.882	124.436	124.992	125.549	126.109	126.67	127.233	127.798	128.364	128.932	129.501	130.071	130.643	131.215	131.789	132.363	132.938	133.514	134.09	134.667	135.244	135.821	136.398	136.975	137.552	138.128	138.704	139.279	139.853	140.426	140.998	141.569	142.138	142.705	143.27	143.833	144.394	144.953	145.509	146.062	146.612	147.158	147.701	148.241	148.777	149.309	149.836	150.359	150.878	151.391	151.9	152.403	152.901	153.394	153.88	154.361	154.835	155.303	155.764	156.219	156.667	157.107	157.541	157.966	158.385	158.795	159.197	159.592	159.978	160.356	160.725	161.085	161.437	161.78	162.113	162.437	162.753	163.058	163.354	163.641	163.917	164.184	164.441	164.688	164.924	165.151	165.367	165.573	165.768	165.953	166.127	166.291	166.444	166.586	166.717	166.838	166.948	167.047	167.135	167.212	167.278	167.333	167.377	167.411	167.433	167.444	167.444	167.433	167.411	167.377	167.333	167.278	167.212	167.135	167.047	166.948	166.838	166.717	166.586	166.444	166.291	166.127	165.953	165.768	165.573	165.367	165.151	164.924	164.688	164.441	164.184	163.917	163.641	163.354	163.058	162.753	162.437	162.113	161.78	161.437	161.085	160.725	160.356	159.978	159.592	159.197	158.795	158.385	157.966	157.541	157.107	156.667	156.219	155.764	155.303	154.835	154.361	153.88	153.394	152.901	152.403	151.9	151.391	150.878	150.359	149.836	149.309	148.777	148.241	147.701	147.158	146.612	146.062	145.509	144.953	144.394	143.833	143.27	142.705	142.138	141.569	140.998	140.426	139.853	139.279	138.704	138.128	137.552	136.975	136.398	135.821	135.244	134.667	134.09	133.514	132.938	132.363	131.789	131.215	130.643	130.071	129.501	128.932	128.364	127.798	127.233	126.67	126.109	125.549	124.992	124.436	123.882	123.33	122.78	122.233	121.687	121.144	120.603	120.065	119.529	118.995	118.464	117.935	117.409	116.885	116.364	
116.88	117.409	117.94	118.473	119.01	119.549	120.09	120.634	121.18	121.729	122.281	122.834	123.39	123.948	124.509	125.071	125.636	126.203	126.771	127.342	127.914	128.488	129.064	129.641	130.22	130.8	131.382	131.964	132.548	133.133	133.718	134.305	134.892	135.479	136.067	136.655	137.243	137.831	138.419	139.007	139.594	140.18	140.766	141.35	141.934	142.516	143.097	143.675	144.252	144.827	145.4	145.97	146.538	147.103	147.665	148.223	148.778	149.33	149.877	150.42	150.96	151.494	152.024	152.549	153.069	153.584	154.093	154.597	155.094	155.586	156.071	156.549	157.021	157.486	157.944	158.395	158.838	159.274	159.701	160.121	160.533	160.936	161.331	161.718	162.095	162.464	162.824	163.174	163.516	163.847	164.17	164.482	164.785	165.078	165.361	165.634	165.897	166.149	166.391	166.623	166.844	167.054	167.254	167.443	167.621	167.789	167.945	168.091	168.225	168.348	168.461	168.562	168.652	168.731	168.798	168.855	168.9	168.934	168.956	168.968	168.968	168.956	168.934	168.9	168.855	168.798	168.731	168.652	168.562	168.461	168.348	168.225	168.091	167.945	167.789	167.621	167.443	167.254	167.054	166.844	166.623	166.391	166.149	165.897	165.634	165.361	165.078	164.785	164.482	164.17	163.847	163.516	163.174	162.824	162.464	162.095	161.718	161.331	160.936	160.533	160.121	159.701	159.274	158.838	158.395	157.944	157.486	157.021	156.549	156.071	155.586	155.094	154.597	154.093	153.584	153.069	152.549	152.024	151.494	150.96	150.42	149.877	149.33	148.778	148.223	147.665	147.103	146.538	145.97	145.4	144.827	144.252	143.675	143.097	142.516	141.934	141.35	140.766	140.18	139.594	139.007	138.419	137.831	137.243	136.655	136.067	135.479	134.892	134.305	133.718	133.133	132.548	131.964	131.382	130.8	130.22	129.641	129.064	128.488	127.914	127.342	126.771	126.203	125.636	125.071	124.509	123.948	123.39	122.834	122.281	121.729	121.18	120.634	120.09	119.549	119.01	118.473	117.94	117.409	116.88	
117.399	117.935	118.473	119.015	119.558	120.105	120.654	121.206	121.761	122.318	122.877	123.439	124.004	124.571	125.14	125.711	126.285	126.861	127.439	128.019	128.6	129.184	129.77	130.357	130.945	131.536	132.127	132.72	133.314	133.91	134.506	135.103	135.701	136.299	136.898	137.497	138.097	138.696	139.296	139.895	140.493	141.091	141.689	142.285	142.881	143.475	144.067	144.658	145.247	145.834	146.419	147.002	147.582	148.158	148.732	149.303	149.87	150.434	150.993	151.549	152.1	152.647	153.188	153.725	154.257	154.783	155.304	155.819	156.328	156.831	157.327	157.816	158.299	158.775	159.243	159.704	160.158	160.603	161.041	161.47	161.892	162.304	162.708	163.104	163.49	163.867	164.235	164.594	164.943	165.283	165.612	165.932	166.242	166.542	166.831	167.11	167.379	167.637	167.885	168.122	168.348	168.563	168.767	168.961	169.143	169.314	169.474	169.623	169.761	169.887	170.002	170.105	170.197	170.278	170.347	170.405	170.451	170.486	170.509	170.52	170.52	170.509	170.486	170.451	170.405	170.347	170.278	170.197	170.105	170.002	169.887	169.761	169.623	169.474	169.314	169.143	168.961	168.767	168.563	168.348	168.122	167.885	167.637	167.379	167.11	166.831	166.542	166.242	165.932	165.612	165.283	164.943	164.594	164.235	163.867	163.49	163.104	162.708	162.304	161.892	161.47	161.041	160.603	160.158	159.704	159.243	158.775	158.299	157.816	157.327	156.831	156.328	155.819	155.304	154.783	154.257	153.725	153.188	152.647	152.1	151.549	150.993	150.434	149.87	149.303	148.732	148.158	147.582	147.002	146.419	145.834	145.247	144.658	144.067	143.475	142.881	142.285	141.689	141.091	140.493	139.895	139.296	138.696	138.097	137.497	136.898	136.299	135.701	135.103	134.506	133.91	133.314	132.72	132.127	131.536	130.945	130.357	129.77	129.184	128.6	128.019	127.439	126.861	126.285	125.711	125.14	124.571	124.004	123.439	122.877	122.318	121.761	121.206	120.654	120.105	119.558	119.015	118.473	117.935	117.399	
117.921	118.464	119.01	119.558	120.11	120.664	121.222	121.782	122.344	122.91	123.478	124.048	124.621	125.197	125.775	126.356	126.939	127.524	128.111	128.7	129.292	129.885	130.481	131.078	131.677	132.277	132.879	133.483	134.088	134.694	135.301	135.909	136.518	137.128	137.738	138.349	138.959	139.571	140.182	140.793	141.403	142.013	142.623	143.231	143.839	144.445	145.05	145.654	146.255	146.855	147.452	148.047	148.639	149.229	149.815	150.398	150.978	151.554	152.126	152.694	153.257	153.816	154.37	154.92	155.463	156.002	156.534	157.061	157.582	158.096	158.603	159.104	159.598	160.085	160.564	161.036	161.5	161.956	162.404	162.843	163.274	163.696	164.11	164.514	164.91	165.296	165.672	166.039	166.397	166.744	167.081	167.408	167.725	168.032	168.328	168.614	168.889	169.153	169.406	169.649	169.88	170.1	170.309	170.507	170.693	170.869	171.032	171.185	171.325	171.454	171.572	171.678	171.772	171.854	171.925	171.984	172.031	172.067	172.09	172.102	172.102	172.09	172.067	172.031	171.984	171.925	171.854	171.772	171.678	171.572	171.454	171.325	171.185	171.032	170.869	170.693	170.507	170.309	170.1	169.88	169.649	169.406	169.153	168.889	168.614	168.328	168.032	167.725	167.408	167.081	166.744	166.397	166.039	165.672	165.296	164.91	164.514	164.11	163.696	163.274	162.843	162.404	161.956	161.5	161.036	160.564	160.085	159.598	159.104	158.603	158.096	157.582	157.061	156.534	156.002	155.463	154.92	154.37	153.816	153.257	152.694	152.126	151.554	150.978	150.398	149.815	149.229	148.639	148.047	147.452	146.855	146.255	145.654	145.05	144.445	143.839	143.231	142.623	142.013	141.403	140.793	140.182	139.571	138.959	138.349	137.738	137.128	136.518	135.909	135.301	134.694	134.088	133.483	132.879	132.277	131.677	131.078	130.481	129.885	129.292	128.7	128.111	127.524	126.939	126.356	125.775	125.197	124.621	124.048	123.478	122.91	122.344	121.782	121.222	120.664	120.11	119.558	119.01	118.464	117.921	
118.445	118.995	119.549	120.105	120.664	121.227	121.792	122.36	122.931	123.505	124.082	124.661	125.243	125.828	126.415	127.004	127.597	128.191	128.788	129.387	129.989	130.592	131.198	131.805	132.414	133.025	133.638	134.252	134.868	135.485	136.104	136.723	137.343	137.964	138.586	139.209	139.831	140.454	141.078	141.701	142.324	142.946	143.568	144.189	144.809	145.428	146.046	146.662	147.276	147.888	148.499	149.106	149.712	150.314	150.913	151.509	152.102	152.691	153.276	153.856	154.433	155.004	155.571	156.132	156.689	157.239	157.784	158.323	158.856	159.382	159.901	160.414	160.919	161.417	161.908	162.39	162.865	163.332	163.79	164.24	164.681	165.113	165.537	165.95	166.355	166.75	167.136	167.511	167.877	168.232	168.577	168.912	169.237	169.55	169.853	170.146	170.427	170.697	170.956	171.204	171.441	171.666	171.88	172.082	172.273	172.452	172.62	172.776	172.92	173.052	173.172	173.28	173.376	173.461	173.533	173.594	173.642	173.678	173.702	173.714	173.714	173.702	173.678	173.642	173.594	173.533	173.461	173.376	173.28	173.172	173.052	172.92	172.776	172.62	172.452	172.273	172.082	171.88	171.666	171.441	171.204	170.956	170.697	170.427	170.146	169.853	169.55	169.237	168.912	168.577	168.232	167.877	167.511	167.136	166.75	166.355	165.95	165.537	165.113	164.681	164.24	163.79	163.332	162.865	162.39	161.908	161.417	160.919	160.414	159.901	159.382	158.856	158.323	157.784	157.239	156.689	156.132	155.571	155.004	154.433	153.856	153.276	152.691	152.102	151.509	150.913	150.314	149.712	149.106	148.499	147.888	147.276	146.662	146.046	145.428	144.809	144.189	143.568	142.946	142.324	141.701	141.078	140.454	139.831	139.209	138.586	137.964	137.343	136.723	136.104	135.485	134.868	134.252	133.638	133.025	132.414	131.805	131.198	130.592	129.989	129.387	128.788	128.191	127.597	127.004	126.415	125.828	125.243	124.661	124.082	123.505	122.931	122.36	121.792	121.227	120.664	120.105	119.549	118.995	118.445	
118.971	119.529	120.09	120.654	121.222	121.792	122.366	122.942	123.521	124.104	124.689	125.277	125.868	126.462	127.058	127.658	128.259	128.863	129.47	130.079	130.691	131.304	131.92	132.538	133.158	133.78	134.403	135.029	135.656	136.284	136.914	137.545	138.177	138.81	139.443	140.078	140.713	141.348	141.984	142.619	143.254	143.89	144.524	145.158	145.791	146.423	147.054	147.683	148.31	148.936	149.559	150.18	150.799	151.414	152.027	152.636	153.242	153.844	154.442	155.036	155.626	156.21	156.79	157.365	157.934	158.497	159.055	159.606	160.151	160.69	161.221	161.746	162.263	162.773	163.275	163.769	164.255	164.732	165.202	165.662	166.113	166.556	166.989	167.413	167.827	168.231	168.626	169.01	169.384	169.748	170.101	170.444	170.776	171.097	171.407	171.706	171.994	172.271	172.536	172.789	173.032	173.262	173.481	173.688	173.883	174.067	174.238	174.397	174.544	174.68	174.803	174.913	175.012	175.098	175.172	175.234	175.283	175.32	175.345	175.357	175.357	175.345	175.32	175.283	175.234	175.172	175.098	175.012	174.913	174.803	174.68	174.544	174.397	174.238	174.067	173.883	173.688	173.481	173.262	173.032	172.789	172.536	172.271	171.994	171.706	171.407	171.097	170.776	170.444	170.101	169.748	169.384	169.01	168.626	168.231	167.827	167.413	166.989	166.556	166.113	165.662	165.202	164.732	164.255	163.769	163.275	162.773	162.263	161.746	161.221	160.69	160.151	159.606	159.055	158.497	157.934	157.365	156.79	156.21	155.626	155.036	154.442	153.844	153.242	152.636	152.027	151.414	150.799	150.18	149.559	148.936	148.31	147.683	147.054	146.423	145.791	145.158	144.524	143.89	143.254	142.619	141.984	141.348	140.713	140.078	139.443	138.81	138.177	137.545	136.914	136.284	135.656	135.029	134.403	133.78	133.158	132.538	131.92	131.304	130.691	130.079	129.47	128.863	128.259	127.658	127.058	126.462	125.868	125.277	124.689	124.104	123.521	122.942	122.366	121.792	121.222	120.654	120.09	119.529	118.971	
119.499	120.065	120.634	121.206	121.782	122.36	122.942	123.527	124.115	124.706	125.3	125.897	126.498	127.101	127.706	128.315	128.926	129.54	130.157	130.776	131.398	132.022	132.649	133.277	133.908	134.541	135.175	135.812	136.45	137.09	137.732	138.374	139.018	139.663	140.309	140.956	141.603	142.251	142.899	143.548	144.196	144.844	145.492	146.139	146.785	147.43	148.075	148.717	149.358	149.997	150.634	151.269	151.901	152.531	153.157	153.78	154.399	155.015	155.627	156.234	156.837	157.435	158.029	158.617	159.199	159.776	160.346	160.91	161.468	162.019	162.564	163.1	163.63	164.152	164.666	165.171	165.669	166.158	166.638	167.11	167.572	168.025	168.468	168.902	169.326	169.74	170.143	170.537	170.92	171.292	171.654	172.005	172.344	172.673	172.991	173.297	173.591	173.874	174.146	174.405	174.653	174.889	175.113	175.325	175.524	175.712	175.887	176.05	176.201	176.339	176.465	176.578	176.679	176.767	176.843	176.906	176.957	176.995	177.02	177.033	177.033	177.02	176.995	176.957	176.906	176.843	176.767	176.679	176.578	176.465	176.339	176.201	176.05	175.887	175.712	175.524	175.325	175.113	174.889	174.653	174.405	174.146	173.874	173.591	173.297	172.991	172.673	172.344	172.005	171.654	171.292	170.92	170.537	170.143	169.74	169.326	168.902	168.468	168.025	167.572	167.11	166.638	166.158	165.669	165.171	164.666	164.152	163.63	163.1	162.564	162.019	161.468	160.91	160.346	159.776	159.199	158.617	158.029	157.435	156.837	156.234	155.627	155.015	154.399	153.78	153.157	152.531	151.901	151.269	150.634	149.997	149.358	148.717	148.075	147.43	146.785	146.139	145.492	144.844	144.196	143.548	142.899	142.251	141.603	140.956	140.309	139.663	139.018	138.374	137.732	137.09	136.45	135.812	135.175	134.541	133.908	133.277	132.649	132.022	131.398	130.776	130.157	129.54	128.926	128.315	127.706	127.101	126.498	125.897	125.3	124.706	124.115	123.527	122.942	122.36	121.782	121.206	120.634	120.065	119.499	
120.03	120.603	121.18	121.761	122.344	122.931	123.521	124.115	124.712	125.312	125.915	126.521	127.131	127.743	128.358	128.977	129.598	130.222	130.849	131.479	132.111	132.745	133.383	134.022	134.664	135.308	135.954	136.602	137.252	137.904	138.557	139.212	139.868	140.526	141.184	141.843	142.504	143.164	143.826	144.487	145.149	145.81	146.471	147.132	147.792	148.451	149.109	149.765	150.42	151.073	151.724	152.373	153.019	153.663	154.303	154.94	155.574	156.204	156.829	157.451	158.068	158.68	159.287	159.889	160.485	161.075	161.659	162.237	162.808	163.372	163.929	164.479	165.021	165.555	166.081	166.599	167.109	167.609	168.101	168.584	169.057	169.521	169.975	170.419	170.853	171.277	171.69	172.093	172.485	172.866	173.236	173.595	173.943	174.28	174.604	174.918	175.219	175.509	175.787	176.052	176.306	176.547	176.776	176.993	177.198	177.39	177.569	177.736	177.89	178.031	178.16	178.276	178.379	178.469	178.547	178.612	178.663	178.702	178.728	178.741	178.741	178.728	178.702	178.663	178.612	178.547	178.469	178.379	178.276	178.16	178.031	177.89	177.736	177.569	177.39	177.198	176.993	176.776	176.547	176.306	176.052	175.787	175.509	175.219	174.918	174.604	174.28	173.943	173.595	173.236	172.866	172.485	172.093	171.69	171.277	170.853	170.419	169.975	169.521	169.057	168.584	168.101	167.609	167.109	166.599	166.081	165.555	165.021	164.479	163.929	163.372	162.808	162.237	161.659	161.075	160.485	159.889	159.287	158.68	158.068	157.451	156.829	156.204	155.574	154.94	154.303	153.663	153.019	152.373	151.724	151.073	150.42	149.765	149.109	148.451	147.792	147.132	146.471	145.81	145.149	144.487	143.826	143.164	142.504	141.843	141.184	140.526	139.868	139.212	138.557	137.904	137.252	136.602	135.954	135.308	134.664	134.022	133.383	132.745	132.111	131.479	130.849	130.222	129.598	128.977	128.358	127.743	127.131	126.521	125.915	125.312	124.712	124.115	123.521	122.931	122.344	121.761	121.18	120.603	120.03	
120.563	121.144	121.729	122.318	122.91	123.505	124.104	124.706	125.312	125.921	126.533	127.149	127.768	128.39	129.015	129.643	130.274	130.909	131.546	132.186	132.829	133.474	134.122	134.773	135.426	136.082	136.739	137.399	138.061	138.725	139.39	140.058	140.726	141.396	142.068	142.74	143.413	144.087	144.762	145.437	146.112	146.787	147.462	148.137	148.811	149.484	150.156	150.827	151.496	152.163	152.829	153.492	154.153	154.811	155.466	156.118	156.766	157.41	158.051	158.687	159.318	159.944	160.566	161.182	161.792	162.396	162.994	163.585	164.17	164.748	165.318	165.881	166.436	166.984	167.522	168.053	168.574	169.087	169.591	170.085	170.57	171.044	171.509	171.964	172.409	172.843	173.266	173.678	174.08	174.47	174.849	175.217	175.573	175.917	176.25	176.57	176.879	177.175	177.46	177.732	177.991	178.238	178.473	178.695	178.904	179.1	179.284	179.455	179.612	179.757	179.889	180.007	180.113	180.205	180.285	180.351	180.404	180.443	180.47	180.483	180.483	180.47	180.443	180.404	180.351	180.285	180.205	180.113	180.007	179.889	179.757	179.612	179.455	179.284	179.1	178.904	178.695	178.473	178.238	177.991	177.732	177.46	177.175	176.879	176.57	176.25	175.917	175.573	175.217	174.849	174.47	174.08	173.678	173.266	172.843	172.409	171.964	171.509	171.044	170.57	170.085	169.591	169.087	168.574	168.053	167.522	166.984	166.436	165.881	165.318	164.748	164.17	163.585	162.994	162.396	161.792	161.182	160.566	159.944	159.318	158.687	158.051	157.41	156.766	156.118	155.466	154.811	154.153	153.492	152.829	152.163	151.496	150.827	150.156	149.484	148.811	148.137	147.462	146.787	146.112	145.437	144.762	144.087	143.413	142.74	142.068	141.396	140.726	140.058	139.39	138.725	138.061	137.399	136.739	136.082	135.426	134.773	134.122	133.474	132.829	132.186	131.546	130.909	130.274	129.643	129.015	128.39	127.768	127.149	126.533	125.921	125.312	124.706	124.104	123.505	122.91	122.318	121.729	121.144	120.563	
121.098	121.687	122.281	122.877	123.478	124.082	124.689	125.3	125.915	126.533	127.155	127.78	128.408	129.04	129.675	130.313	130.955	131.6	132.247	132.898	133.552	134.209	134.868	135.53	136.195	136.862	137.531	138.203	138.877	139.554	140.232	140.912	141.593	142.276	142.961	143.646	144.333	145.021	145.709	146.398	147.087	147.776	148.465	149.154	149.843	150.53	151.217	151.902	152.586	153.269	153.949	154.627	155.303	155.976	156.646	157.313	157.976	158.636	159.291	159.942	160.588	161.229	161.865	162.496	163.121	163.739	164.352	164.957	165.556	166.148	166.732	167.309	167.877	168.438	168.99	169.533	170.067	170.592	171.108	171.614	172.111	172.597	173.073	173.539	173.994	174.439	174.872	175.294	175.706	176.105	176.493	176.87	177.234	177.587	177.927	178.256	178.572	178.875	179.166	179.445	179.71	179.963	180.203	180.43	180.644	180.845	181.033	181.208	181.369	181.517	181.652	181.773	181.882	181.976	182.057	182.125	182.179	182.22	182.247	182.26	182.26	182.247	182.22	182.179	182.125	182.057	181.976	181.882	181.773	181.652	181.517	181.369	181.208	181.033	180.845	180.644	180.43	180.203	179.963	179.71	179.445	179.166	178.875	178.572	178.256	177.927	177.587	177.234	176.87	176.493	176.105	175.706	175.294	174.872	174.439	173.994	173.539	173.073	172.597	172.111	171.614	171.108	170.592	170.067	169.533	168.99	168.438	167.877	167.309	166.732	166.148	165.556	164.957	164.352	163.739	163.121	162.496	161.865	161.229	160.588	159.942	159.291	158.636	157.976	157.313	156.646	155.976	155.303	154.627	153.949	153.269	152.586	151.902	151.217	150.53	149.843	149.154	148.465	147.776	147.087	146.398	145.709	145.021	144.333	143.646	142.961	142.276	141.593	140.912	140.232	139.554	138.877	138.203	137.531	136.862	136.195	135.53	134.868	134.209	133.552	132.898	132.247	131.6	130.955	130.313	129.675	129.04	128.408	127.78	127.155	126.533	125.915	125.3	124.689	124.082	123.478	122.877	122.281	121.687	121.098	
121.635	122.233	122.834	123.439	124.048	124.661	125.277	125.897	126.521	127.149	127.78	128.414	129.053	129.694	130.34	130.988	131.64	132.295	132.954	133.616	134.281	134.948	135.619	136.293	136.969	137.649	138.33	139.014	139.701	140.39	141.081	141.774	142.468	143.165	143.863	144.562	145.262	145.964	146.666	147.369	148.073	148.777	149.48	150.184	150.887	151.59	152.292	152.992	153.692	154.389	155.085	155.779	156.47	157.158	157.844	158.526	159.205	159.88	160.551	161.217	161.879	162.535	163.187	163.832	164.472	165.106	165.733	166.353	166.967	167.573	168.171	168.762	169.344	169.918	170.484	171.04	171.588	172.126	172.654	173.173	173.681	174.18	174.667	175.144	175.611	176.066	176.51	176.942	177.363	177.773	178.17	178.556	178.929	179.29	179.638	179.975	180.298	180.609	180.907	181.192	181.464	181.723	181.968	182.201	182.42	182.625	182.818	182.996	183.162	183.313	183.451	183.575	183.686	183.783	183.866	183.935	183.99	184.032	184.06	184.073	184.073	184.06	184.032	183.99	183.935	183.866	183.783	183.686	183.575	183.451	183.313	183.162	182.996	182.818	182.625	182.42	182.201	181.968	181.723	181.464	181.192	180.907	180.609	180.298	179.975	179.638	179.29	178.929	178.556	178.17	177.773	177.363	176.942	176.51	176.066	175.611	175.144	174.667	174.18	173.681	173.173	172.654	172.126	171.588	171.04	170.484	169.918	169.344	168.762	168.171	167.573	166.967	166.353	165.733	165.106	164.472	163.832	163.187	162.535	161.879	161.217	160.551	159.88	159.205	158.526	157.844	157.158	156.47	155.779	155.085	154.389	153.692	152.992	152.292	151.59	150.887	150.184	149.48	148.777	148.073	147.369	146.666	145.964	145.262	144.562	143.863	143.165	142.468	141.774	141.081	140.39	139.701	139.014	138.33	137.649	136.969	136.293	135.619	134.948	134.281	133.616	132.954	132.295	131.64	130.988	130.34	129.694	129.053	128.414	127.78	127.149	126.521	125.897	125.277	124.661	124.048	123.439	122.834	122.233	121.635	
122.175	122.78	123.39	124.004	124.621	125.243	125.868	126.498	127.131	127.768	128.408	129.053	129.701	130.353	131.008	131.667	132.33	132.996	133.665	134.338	135.014	135.694	136.376	137.062	137.75	138.442	139.136	139.833	140.532	141.234	141.938	142.644	143.352	144.062	144.774	145.487	146.202	146.918	147.635	148.352	149.07	149.789	150.508	151.227	151.945	152.663	153.381	154.097	154.812	155.525	156.237	156.946	157.654	158.358	159.06	159.758	160.453	161.144	161.83	162.513	163.19	163.863	164.53	165.191	165.847	166.496	167.138	167.774	168.402	169.023	169.636	170.242	170.838	171.427	172.006	172.576	173.137	173.688	174.23	174.761	175.282	175.793	176.292	176.781	177.259	177.725	178.18	178.623	179.054	179.473	179.88	180.275	180.657	181.027	181.384	181.728	182.06	182.378	182.683	182.974	183.253	183.518	183.769	184.007	184.232	184.442	184.639	184.822	184.991	185.146	185.287	185.414	185.527	185.627	185.711	185.782	185.839	185.881	185.91	185.924	185.924	185.91	185.881	185.839	185.782	185.711	185.627	185.527	185.414	185.287	185.146	184.991	184.822	184.639	184.442	184.232	184.007	183.769	183.518	183.253	182.974	182.683	182.378	182.06	181.728	181.384	181.027	180.657	180.275	179.88	179.473	179.054	178.623	178.18	177.725	177.259	176.781	176.292	175.793	175.282	174.761	174.23	173.688	173.137	172.576	172.006	171.427	170.838	170.242	169.636	169.023	168.402	167.774	167.138	166.496	165.847	165.191	164.53	163.863	163.19	162.513	161.83	161.144	160.453	159.758	159.06	158.358	157.654	156.946	156.237	155.525	154.812	154.097	153.381	152.663	151.945	151.227	150.508	149.789	149.07	148.352	147.635	146.918	146.202	145.487	144.774	144.062	143.352	142.644	141.938	141.234	140.532	139.833	139.136	138.442	137.75	137.062	136.376	135.694	135.014	134.338	133.665	132.996	132.33	131.667	131.008	130.353	129.701	129.053	128.408	127.768	127.131	126.498	125.868	125.243	124.621	124.004	123.39	122.78	122.175	
122.716	123.33	123.948	124.571	125.197	125.828	126.462	127.101	127.743	128.39	129.04	129.694	130.353	131.015	131.681	132.35	133.024	133.701	134.382	135.066	135.753	136.445	137.139	137.837	138.537	139.241	139.948	140.658	141.37	142.085	142.803	143.522	144.244	144.969	145.694	146.422	147.151	147.882	148.614	149.346	150.08	150.814	151.548	152.283	153.017	153.751	154.484	155.216	155.947	156.677	157.405	158.131	158.855	159.576	160.294	161.009	161.72	162.427	163.131	163.829	164.523	165.212	165.896	166.573	167.245	167.91	168.568	169.22	169.864	170.5	171.128	171.749	172.36	172.963	173.557	174.141	174.716	175.281	175.836	176.38	176.914	177.437	177.949	178.45	178.939	179.417	179.883	180.337	180.779	181.208	181.625	182.03	182.421	182.8	183.165	183.518	183.857	184.183	184.495	184.794	185.079	185.35	185.608	185.851	186.081	186.296	186.498	186.685	186.858	187.017	187.161	187.291	187.407	187.509	187.595	187.668	187.726	187.769	187.798	187.813	187.813	187.798	187.769	187.726	187.668	187.595	187.509	187.407	187.291	187.161	187.017	186.858	186.685	186.498	186.296	186.081	185.851	185.608	185.35	185.079	184.794	184.495	184.183	183.857	183.518	183.165	182.8	182.421	182.03	181.625	181.208	180.779	180.337	179.883	179.417	178.939	178.45	177.949	177.437	176.914	176.38	175.836	175.281	174.716	174.141	173.557	172.963	172.36	171.749	171.128	170.5	169.864	169.22	168.568	167.91	167.245	166.573	165.896	165.212	164.523	163.829	163.131	162.427	161.72	161.009	160.294	159.576	158.855	158.131	157.405	156.677	155.947	155.216	154.484	153.751	153.017	152.283	151.548	150.814	150.08	149.346	148.614	147.882	147.151	146.422	145.694	144.969	144.244	143.522	142.803	142.085	141.37	140.658	139.948	139.241	138.537	137.837	137.139	136.445	135.753	135.066	134.382	133.701	133.024	132.35	131.681	131.015	130.353	129.694	129.04	128.39	127.743	127.101	126.462	125.828	125.197	124.571	123.948	123.33	122.716	
123.259	123.882	124.509	125.14	125.775	126.415	127.058	127.706	128.358	129.015	129.675	130.34	131.008	131.681	132.357	133.038	133.722	134.41	135.103	135.798	136.498	137.201	137.907	138.618	139.331	140.048	140.767	141.49	142.216	142.944	143.676	144.409	145.146	145.884	146.624	147.367	148.111	148.857	149.604	150.352	151.101	151.851	152.601	153.351	154.102	154.852	155.602	156.351	157.099	157.845	158.59	159.333	160.073	160.812	161.547	162.279	163.007	163.732	164.452	165.168	165.879	166.585	167.285	167.979	168.667	169.349	170.024	170.691	171.351	172.004	172.648	173.284	173.911	174.529	175.137	175.736	176.325	176.905	177.473	178.031	178.578	179.115	179.639	180.153	180.654	181.144	181.621	182.086	182.539	182.979	183.406	183.82	184.221	184.609	184.983	185.344	185.692	186.025	186.345	186.651	186.943	187.221	187.484	187.734	187.969	188.189	188.396	188.587	188.764	188.927	189.075	189.208	189.326	189.43	189.519	189.593	189.653	189.697	189.727	189.742	189.742	189.727	189.697	189.653	189.593	189.519	189.43	189.326	189.208	189.075	188.927	188.764	188.587	188.396	188.189	187.969	187.734	187.484	187.221	186.943	186.651	186.345	186.025	185.692	185.344	184.983	184.609	184.221	183.82	183.406	182.979	182.539	182.086	181.621	181.144	180.654	180.153	179.639	179.115	178.578	178.031	177.473	176.905	176.325	175.736	175.137	174.529	173.911	173.284	172.648	172.004	171.351	170.691	170.024	169.349	168.667	167.979	167.285	166.585	165.879	165.168	164.452	163.732	163.007	162.279	161.547	160.812	160.073	159.333	158.59	157.845	157.099	156.351	155.602	154.852	154.102	153.351	152.601	151.851	151.101	150.352	149.604	148.857	148.111	147.367	146.624	145.884	145.146	144.409	143.676	142.944	142.216	141.49	140.767	140.048	139.331	138.618	137.907	137.201	136.498	135.798	135.103	134.41	133.722	133.038	132.357	131.681	131.008	130.34	129.675	129.015	128.358	127.706	127.058	126.415	125.775	125.14	124.509	123.882	123.259	
123.805	124.436	125.071	125.711	126.356	127.004	127.658	128.315	128.977	129.643	130.313	130.988	131.667	132.35	133.038	133.729	134.425	135.125	135.828	136.536	137.247	137.963	138.682	139.404	140.131	140.86	141.593	142.33	143.069	143.811	144.557	145.305	146.055	146.809	147.564	148.321	149.081	149.842	150.605	151.369	152.134	152.9	153.667	154.434	155.201	155.968	156.735	157.501	158.266	159.03	159.792	160.552	161.31	162.066	162.819	163.569	164.315	165.057	165.795	166.528	167.257	167.98	168.698	169.41	170.115	170.814	171.506	172.19	172.867	173.536	174.196	174.848	175.491	176.124	176.748	177.362	177.967	178.56	179.143	179.715	180.276	180.826	181.364	181.89	182.404	182.905	183.395	183.871	184.335	184.786	185.223	185.648	186.059	186.456	186.839	187.209	187.565	187.907	188.234	188.547	188.846	189.131	189.401	189.656	189.897	190.122	190.333	190.53	190.711	190.877	191.029	191.165	191.286	191.393	191.484	191.559	191.62	191.666	191.696	191.711	191.711	191.696	191.666	191.62	191.559	191.484	191.393	191.286	191.165	191.029	190.877	190.711	190.53	190.333	190.122	189.897	189.656	189.401	189.131	188.846	188.547	188.234	187.907	187.565	187.209	186.839	186.456	186.059	185.648	185.223	184.786	184.335	183.871	183.395	182.905	182.404	181.89	181.364	180.826	180.276	179.715	179.143	178.56	177.967	177.362	176.748	176.124	175.491	174.848	174.196	173.536	172.867	172.19	171.506	170.814	170.115	169.41	168.698	167.98	167.257	166.528	165.795	165.057	164.315	163.569	162.819	162.066	161.31	160.552	159.792	159.03	158.266	157.501	156.735	155.968	155.201	154.434	153.667	152.9	152.134	151.369	150.605	149.842	149.081	148.321	147.564	146.809	146.055	145.305	144.557	143.811	143.069	142.33	141.593	140.86	140.131	139.404	138.682	137.963	137.247	136.536	135.828	135.125	134.425	133.729	133.038	132.35	131.667	130.988	130.313	129.643	128.977	128.315	127.658	127.004	126.356	125.711	125.071	124.436	123.805	
124.352	124.992	125.636	126.285	126.939	127.597	128.259	128.926	129.598	130.274	130.955	131.64	132.33	133.024	133.722	134.425	135.132	135.843	136.559	137.278	138.002	138.73	139.462	140.197	140.936	141.679	142.426	143.176	143.929	144.686	145.446	146.209	146.974	147.742	148.513	149.286	150.061	150.838	151.617	152.398	153.179	153.962	154.746	155.53	156.314	157.099	157.883	158.667	159.449	160.231	161.011	161.79	162.566	163.34	164.111	164.879	165.643	166.404	167.16	167.912	168.659	169.4	170.136	170.866	171.589	172.305	173.015	173.717	174.411	175.096	175.774	176.442	177.101	177.751	178.391	179.021	179.64	180.249	180.847	181.433	182.008	182.572	183.123	183.663	184.189	184.704	185.205	185.694	186.169	186.631	187.079	187.514	187.935	188.342	188.735	189.114	189.478	189.828	190.163	190.484	190.79	191.082	191.358	191.619	191.866	192.097	192.313	192.514	192.699	192.87	193.025	193.164	193.288	193.397	193.49	193.568	193.63	193.677	193.708	193.723	193.723	193.708	193.677	193.63	193.568	193.49	193.397	193.288	193.164	193.025	192.87	192.699	192.514	192.313	192.097	191.866	191.619	191.358	191.082	190.79	190.484	190.163	189.828	189.478	189.114	188.735	188.342	187.935	187.514	187.079	186.631	186.169	185.694	185.205	184.704	184.189	183.663	183.123	182.572	182.008	181.433	180.847	180.249	179.64	179.021	178.391	177.751	177.101	176.442	175.774	175.096	174.411	173.717	173.015	172.305	171.589	170.866	170.136	169.4	168.659	167.912	167.16	166.404	165.643	164.879	164.111	163.34	162.566	161.79	161.011	160.231	159.449	158.667	157.883	157.099	156.314	155.53	154.746	153.962	153.179	152.398	151.617	150.838	150.061	149.286	148.513	147.742	146.974	146.209	145.446	144.686	143.929	143.176	142.426	141.679	140.936	140.197	139.462	138.73	138.002	137.278	136.559	135.843	135.132	134.425	133.722	133.024	132.33	131.64	130.955	130.274	129.598	128.926	128.259	127.597	126.939	126.285	125.636	124.992	124.352	
124.901	125.549	126.203	126.861	127.524	128.191	128.863	129.54	130.222	130.909	131.6	132.295	132.996	133.701	134.41	135.125	135.843	136.566	137.294	138.026	138.762	139.502	140.247	140.996	141.749	142.505	143.266	144.03	144.797	145.569	146.343	147.121	147.902	148.685	149.472	150.261	151.052	151.846	152.641	153.438	154.237	155.037	155.838	156.639	157.442	158.244	159.046	159.848	160.65	161.45	162.249	163.046	163.841	164.634	165.424	166.21	166.994	167.773	168.549	169.319	170.085	170.845	171.599	172.348	173.089	173.824	174.552	175.272	175.984	176.687	177.382	178.067	178.744	179.41	180.066	180.712	181.348	181.972	182.585	183.187	183.776	184.354	184.919	185.472	186.013	186.54	187.054	187.554	188.042	188.515	188.975	189.42	189.851	190.268	190.671	191.059	191.432	191.791	192.134	192.463	192.776	193.075	193.358	193.625	193.877	194.114	194.335	194.541	194.731	194.905	195.064	195.207	195.334	195.445	195.541	195.62	195.684	195.731	195.763	195.779	195.779	195.763	195.731	195.684	195.62	195.541	195.445	195.334	195.207	195.064	194.905	194.731	194.541	194.335	194.114	193.877	193.625	193.358	193.075	192.776	192.463	192.134	191.791	191.432	191.059	190.671	190.268	189.851	189.42	188.975	188.515	188.042	187.554	187.054	186.54	186.013	185.472	184.919	184.354	183.776	183.187	182.585	181.972	181.348	180.712	180.066	179.41	178.744	178.067	177.382	176.687	175.984	175.272	174.552	173.824	173.089	172.348	171.599	170.845	170.085	169.319	168.549	167.773	166.994	166.21	165.424	164.634	163.841	163.046	162.249	161.45	160.65	159.848	159.046	158.244	157.442	156.639	155.838	155.037	154.237	153.438	152.641	151.846	151.052	150.261	149.472	148.685	147.902	147.121	146.343	145.569	144.797	144.03	143.266	142.505	141.749	140.996	140.247	139.502	138.762	138.026	137.294	136.566	135.843	135.125	134.41	133.701	132.996	132.295	131.6	130.909	130.222	129.54	128.863	128.191	127.524	126.861	126.203	125.549	124.901	
125.451	126.109	126.771	127.439	128.111	128.788	129.47	130.157	130.849	131.546	132.247	132.954	133.665	134.382	135.103	135.828	136.559	137.294	138.034	138.778	139.527	140.28	141.038	141.8	142.567	143.337	144.112	144.89	145.673	146.459	147.249	148.042	148.838	149.638	150.44	151.246	152.053	152.864	153.676	154.491	155.307	156.125	156.943	157.763	158.584	159.405	160.226	161.046	161.867	162.686	163.504	164.321	165.135	165.947	166.757	167.563	168.366	169.165	169.96	170.75	171.536	172.315	173.089	173.857	174.618	175.371	176.118	176.856	177.587	178.309	179.021	179.725	180.418	181.102	181.776	182.438	183.09	183.731	184.359	184.976	185.581	186.174	186.754	187.321	187.874	188.415	188.942	189.455	189.955	190.44	190.911	191.367	191.809	192.237	192.649	193.047	193.429	193.796	194.148	194.485	194.806	195.111	195.401	195.675	195.933	196.176	196.402	196.613	196.807	196.986	197.148	197.295	197.425	197.538	197.636	197.717	197.783	197.831	197.864	197.88	197.88	197.864	197.831	197.783	197.717	197.636	197.538	197.425	197.295	197.148	196.986	196.807	196.613	196.402	196.176	195.933	195.675	195.401	195.111	194.806	194.485	194.148	193.796	193.429	193.047	192.649	192.237	191.809	191.367	190.911	190.44	189.955	189.455	188.942	188.415	187.874	187.321	186.754	186.174	185.581	184.976	184.359	183.731	183.09	182.438	181.776	181.102	180.418	179.725	179.021	178.309	177.587	176.856	176.118	175.371	174.618	173.857	173.089	172.315	171.536	170.75	169.96	169.165	168.366	167.563	166.757	165.947	165.135	164.321	163.504	162.686	161.867	161.046	160.226	159.405	158.584	157.763	156.943	156.125	155.307	154.491	153.676	152.864	152.053	151.246	150.44	149.638	148.838	148.042	147.249	146.459	145.673	144.89	144.112	143.337	142.567	141.8	141.038	140.28	139.527	138.778	138.034	137.294	136.559	135.828	135.103	134.382	133.665	132.954	132.247	131.546	130.849	130.157	129.47	128.788	128.111	127.439	126.771	126.109	125.451	
126.004	126.67	127.342	128.019	128.7	129.387	130.079	130.776	131.479	132.186	132.898	133.616	134.338	135.066	135.798	136.536	137.278	138.026	138.778	139.535	140.297	141.064	141.835	142.611	143.391	144.176	144.965	145.758	146.556	147.357	148.162	148.971	149.784	150.599	151.419	152.241	153.066	153.893	154.723	155.555	156.39	157.226	158.063	158.901	159.741	160.581	161.421	162.261	163.101	163.94	164.778	165.615	166.449	167.282	168.111	168.938	169.762	170.581	171.396	172.207	173.012	173.812	174.606	175.394	176.174	176.948	177.714	178.472	179.221	179.962	180.693	181.415	182.127	182.829	183.52	184.2	184.869	185.526	186.171	186.804	187.425	188.032	188.627	189.208	189.776	190.331	190.871	191.397	191.909	192.407	192.89	193.358	193.811	194.248	194.671	195.078	195.47	195.846	196.207	196.552	196.88	197.193	197.49	197.771	198.035	198.283	198.515	198.731	198.93	199.113	199.279	199.429	199.562	199.678	199.778	199.862	199.928	199.978	200.012	200.028	200.028	200.012	199.978	199.928	199.862	199.778	199.678	199.562	199.429	199.279	199.113	198.93	198.731	198.515	198.283	198.035	197.771	197.49	197.193	196.88	196.552	196.207	195.846	195.47	195.078	194.671	194.248	193.811	193.358	192.89	192.407	191.909	191.397	190.871	190.331	189.776	189.208	188.627	188.032	187.425	186.804	186.171	185.526	184.869	184.2	183.52	182.829	182.127	181.415	180.693	179.962	179.221	178.472	177.714	176.948	176.174	175.394	174.606	173.812	173.012	172.207	171.396	170.581	169.762	168.938	168.111	167.282	166.449	165.615	164.778	163.94	163.101	162.261	161.421	160.581	159.741	158.901	158.063	157.226	156.39	155.555	154.723	153.893	153.066	152.241	151.419	150.599	149.784	148.971	148.162	147.357	146.556	145.758	144.965	144.176	143.391	142.611	141.835	141.064	140.297	139.535	138.778	138.026	137.278	136.536	135.798	135.066	134.338	133.616	132.898	132.186	131.479	130.776	130.079	129.387	128.7	128.019	127.342	126.67	126.004	
126.558	127.233	127.914	128.6	129.292	129.989	130.691	131.398	132.111	132.829	133.552	134.281	135.014	135.753	136.498	137.247	138.002	138.762	139.527	140.297	141.072	141.852	142.637	143.427	144.222	145.021	145.825	146.633	147.446	148.263	149.084	149.909	150.738	151.571	152.407	153.246	154.088	154.934	155.782	156.632	157.485	158.34	159.196	160.054	160.913	161.773	162.633	163.493	164.353	165.213	166.071	166.929	167.784	168.637	169.488	170.336	171.18	172.021	172.857	173.689	174.515	175.336	176.151	176.959	177.761	178.555	179.341	180.119	180.888	181.648	182.399	183.14	183.871	184.591	185.301	185.999	186.685	187.359	188.021	188.671	189.308	189.931	190.541	191.138	191.72	192.289	192.843	193.382	193.907	194.417	194.912	195.392	195.856	196.305	196.738	197.156	197.557	197.942	198.312	198.665	199.002	199.322	199.626	199.913	200.184	200.438	200.676	200.897	201.101	201.288	201.458	201.611	201.747	201.867	201.969	202.054	202.122	202.174	202.208	202.225	202.225	202.208	202.174	202.122	202.054	201.969	201.867	201.747	201.611	201.458	201.288	201.101	200.897	200.676	200.438	200.184	199.913	199.626	199.322	199.002	198.665	198.312	197.942	197.557	197.156	196.738	196.305	195.856	195.392	194.912	194.417	193.907	193.382	192.843	192.289	191.72	191.138	190.541	189.931	189.308	188.671	188.021	187.359	186.685	185.999	185.301	184.591	183.871	183.14	182.399	181.648	180.888	180.119	179.341	178.555	177.761	176.959	176.151	175.336	174.515	173.689	172.857	172.021	171.18	170.336	169.488	168.637	167.784	166.929	166.071	165.213	164.353	163.493	162.633	161.773	160.913	160.054	159.196	158.34	157.485	156.632	155.782	154.934	154.088	153.246	152.407	151.571	150.738	149.909	149.084	148.263	147.446	146.633	145.825	145.021	144.222	143.427	142.637	141.852	141.072	140.297	139.527	138.762	138.002	137.247	136.498	135.753	135.014	134.281	133.552	132.829	132.111	131.398	130.691	129.989	129.292	128.6	127.914	127.233	126.558	
