117.41	119.54	121.71	123.917	126.157	128.428	130.723	133.037	135.363	137.693	140.018	142.328	144.613	146.859	149.055	151.187	153.244	155.211	157.077	158.83	160.457	161.951	163.3	164.497	165.536	166.41	167.115	167.647	168.003	168.181	168.181	168.003	167.647	167.115	166.41	165.536	164.497	163.3	161.951	160.457	158.83	157.077	155.211	153.244	151.187	149.055	146.859	144.613	142.328	140.018	137.693	135.363	133.037	130.723	128.428	126.157	123.917	121.71	119.54	117.41	
119.54	121.793	124.094	126.44	128.827	131.253	133.711	136.196	138.7	141.215	143.731	146.236	148.719	151.166	153.562	155.892	158.142	160.297	162.341	164.262	166.047	167.683	169.162	170.475	171.613	172.57	173.342	173.924	174.314	174.509	174.509	174.314	173.924	173.342	172.57	171.613	170.475	169.162	167.683	166.047	164.262	162.341	160.297	158.142	155.892	153.562	151.166	148.719	146.236	143.731	141.215	138.7	136.196	133.711	131.253	128.827	126.44	124.094	121.793	119.54	
121.71	124.094	126.535	129.029	131.574	134.167	136.802	139.474	142.174	144.893	147.621	150.345	153.051	155.723	158.345	160.899	163.368	165.734	167.981	170.092	172.054	173.852	175.477	176.918	178.166	179.217	180.063	180.701	181.128	181.342	181.342	181.128	180.701	180.063	179.217	178.166	176.918	175.477	173.852	172.054	170.092	167.981	165.734	163.368	160.899	158.345	155.723	153.051	150.345	147.621	144.893	142.174	139.474	136.802	134.167	131.574	129.029	126.535	124.094	121.71	
123.917	126.44	129.029	131.682	134.398	137.172	140	142.876	145.791	148.737	151.702	154.67	157.627	160.555	163.433	166.242	168.96	171.568	174.044	176.371	178.532	180.513	182.302	183.886	185.259	186.413	187.342	188.042	188.51	188.745	188.745	188.51	188.042	187.342	186.413	185.259	183.886	182.302	180.513	178.532	176.371	174.044	171.568	168.96	166.242	163.433	160.555	157.627	154.67	151.702	148.737	145.791	142.876	140	137.172	134.398	131.682	129.029	126.44	123.917	
126.157	128.827	131.574	134.398	137.296	140.266	143.304	146.403	149.557	152.755	155.984	159.228	162.47	165.688	168.859	171.96	174.964	177.847	180.586	183.159	185.547	187.734	189.707	191.453	192.964	194.233	195.253	196.022	196.536	196.794	196.794	196.536	196.022	195.253	194.233	192.964	191.453	189.707	187.734	185.547	183.159	180.586	177.847	174.964	171.96	168.859	165.688	162.47	159.228	155.984	152.755	149.557	146.403	143.304	140.266	137.296	134.398	131.574	128.827	126.157	
128.428	131.253	134.167	137.172	140.266	143.448	146.714	150.059	153.476	156.954	160.48	164.036	167.603	171.154	174.663	178.1	181.433	184.635	187.675	190.53	193.177	195.598	197.777	199.705	201.37	202.767	203.889	204.734	205.298	205.581	205.581	205.298	204.734	203.889	202.767	201.37	199.705	197.777	195.598	193.177	190.53	187.675	184.635	181.433	178.1	174.663	171.154	167.603	164.036	160.48	156.954	153.476	150.059	146.714	143.448	140.266	137.172	134.167	131.253	128.428	
130.723	133.711	136.802	140	143.304	146.714	150.228	153.842	157.55	161.341	165.202	169.114	173.053	176.989	180.891	184.719	188.438	192.009	195.399	198.577	201.52	204.206	206.619	208.749	210.587	212.125	213.36	214.288	214.908	215.218	215.218	214.908	214.288	213.36	212.125	210.587	208.749	206.619	204.206	201.52	198.577	195.399	192.009	188.438	184.719	180.891	176.989	173.053	169.114	165.202	161.341	157.55	153.842	150.228	146.714	143.304	140	136.802	133.711	130.723	
133.037	136.196	139.474	142.876	146.403	150.059	153.842	157.751	161.78	165.922	170.162	174.481	178.851	183.238	187.6	191.892	196.064	200.07	203.867	207.42	210.701	213.688	216.365	218.722	220.75	222.445	223.804	224.824	225.504	225.844	225.844	225.504	224.824	223.804	222.445	220.75	218.722	216.365	213.688	210.701	207.42	203.867	200.07	196.064	191.892	187.6	183.238	178.851	174.481	170.162	165.922	161.78	157.751	153.842	150.059	146.403	142.876	139.474	136.196	133.037	
135.363	138.7	142.174	145.791	149.557	153.476	157.55	161.78	166.166	170.7	175.37	180.157	185.031	189.951	194.864	199.71	204.424	208.947	213.224	217.213	220.884	224.213	227.187	229.796	232.035	233.902	235.396	236.515	237.262	237.635	237.635	237.262	236.515	235.396	233.902	232.035	229.796	227.187	224.213	220.884	217.213	213.224	208.947	204.424	199.71	194.864	189.951	185.031	180.157	175.37	170.7	166.166	161.78	157.55	153.476	149.557	145.791	142.174	138.7	135.363	
137.693	141.215	144.893	148.737	152.755	156.954	161.341	165.922	170.7	175.673	180.833	186.164	191.633	197.192	202.775	208.298	213.674	218.82	223.668	228.168	232.287	236.005	239.31	242.199	244.671	246.725	248.366	249.593	250.41	250.819	250.819	250.41	249.593	248.366	246.725	244.671	242.199	239.31	236.005	232.287	228.168	223.668	218.82	213.674	208.298	202.775	197.192	191.633	186.164	180.833	175.673	170.7	165.922	161.341	156.954	152.755	148.737	144.893	141.215	137.693	
140.018	143.731	147.621	151.702	155.984	160.48	165.202	170.162	175.37	180.833	186.552	192.515	198.696	205.038	211.456	217.831	224.034	229.947	235.482	240.582	245.217	249.374	253.049	256.246	258.97	261.228	263.026	264.369	265.262	265.708	265.708	265.262	264.369	263.026	261.228	258.97	256.246	253.049	249.374	245.217	240.582	235.482	229.947	224.034	217.831	211.456	205.038	198.696	192.515	186.552	180.833	175.37	170.162	165.202	160.48	155.984	151.702	147.621	143.731	140.018	
142.328	146.236	150.345	154.67	159.228	164.036	169.114	174.481	180.157	186.164	192.515	199.218	206.259	213.583	221.08	228.571	235.846	242.724	249.094	254.901	260.127	264.775	268.858	272.391	275.388	277.863	279.829	281.294	282.268	282.753	282.753	282.268	281.294	279.829	277.863	275.388	272.391	268.858	264.775	260.127	254.901	249.094	242.724	235.846	228.571	221.08	213.583	206.259	199.218	192.515	186.164	180.157	174.481	169.114	164.036	159.228	154.67	150.345	146.236	142.328	
144.613	148.719	153.051	157.627	162.47	167.603	173.053	178.851	185.031	191.633	198.696	206.259	214.346	222.937	231.904	240.954	249.691	257.82	265.212	271.845	277.741	282.933	287.459	291.352	294.638	297.343	299.485	301.08	302.136	302.663	302.663	302.136	301.08	299.485	297.343	294.638	291.352	287.459	282.933	277.741	271.845	265.212	257.82	249.691	240.954	231.904	222.937	214.346	206.259	198.696	191.633	185.031	178.851	173.053	167.603	162.47	157.627	153.051	148.719	144.613	
146.859	151.166	155.723	160.555	165.688	171.154	176.989	183.238	189.951	197.192	205.038	213.583	222.937	233.2	244.343	255.851	266.756	276.541	285.175	292.758	299.395	305.177	310.175	314.446	318.036	320.98	323.305	325.031	326.175	326.744	326.744	326.175	325.031	323.305	320.98	318.036	314.446	310.175	305.177	299.395	292.758	285.175	276.541	266.756	255.851	244.343	233.2	222.937	213.583	205.038	197.192	189.951	183.238	176.989	171.154	165.688	160.555	155.723	151.166	146.859	
149.055	153.562	158.345	163.433	168.859	174.663	180.891	187.6	194.864	202.775	211.456	221.08	231.904	244.343	259.11	275.9	290.421	302.366	312.447	321.077	328.508	334.91	340.399	345.062	348.963	352.151	354.662	356.523	357.754	358.366	358.366	357.754	356.523	354.662	352.151	348.963	345.062	340.399	334.91	328.508	321.077	312.447	302.366	290.421	275.9	259.11	244.343	231.904	221.08	211.456	202.775	194.864	187.6	180.891	174.663	168.859	163.433	158.345	153.562	149.055	
151.187	155.892	160.899	166.242	171.96	178.1	184.719	191.892	199.71	208.298	217.831	228.571	240.954	255.851	275.9	311.164	330.96	345.348	356.964	366.678	374.922	381.952	387.937	392.994	397.208	400.64	403.338	405.334	406.653	407.308	407.308	406.653	405.334	403.338	400.64	397.208	392.994	387.937	381.952	374.922	366.678	356.964	345.348	330.96	311.164	275.9	255.851	240.954	228.571	217.831	208.298	199.71	191.892	184.719	178.1	171.96	166.242	160.899	155.892	151.187	
153.244	158.142	163.368	168.96	174.964	181.433	188.438	196.064	204.424	213.674	224.034	235.846	249.691	266.756	290.421	330.96	354.363	370.904	383.961	394.716	403.748	411.392	417.863	423.307	427.828	431.501	434.382	436.511	437.916	438.614	438.614	437.916	436.511	434.382	431.501	427.828	423.307	417.863	411.392	403.748	394.716	383.961	370.904	354.363	330.96	290.421	266.756	249.691	235.846	224.034	213.674	204.424	196.064	188.438	181.433	174.964	168.96	163.368	158.142	153.244	
155.211	160.297	165.734	171.568	177.847	184.635	192.009	200.07	208.947	218.82	229.947	242.724	257.82	276.541	302.366	345.348	370.904	389.086	403.372	415.063	424.825	433.047	439.98	445.794	450.611	454.516	457.575	459.832	461.321	462.06	462.06	461.321	459.832	457.575	454.516	450.611	445.794	439.98	433.047	424.825	415.063	403.372	389.086	370.904	345.348	302.366	276.541	257.82	242.724	229.947	218.82	208.947	200.07	192.009	184.635	177.847	171.568	165.734	160.297	155.211	
157.077	162.341	167.981	174.044	180.586	187.675	195.399	203.867	213.224	223.668	235.482	249.094	265.212	285.175	312.447	356.964	383.961	403.372	418.658	431.157	441.57	450.32	457.68	463.841	468.935	473.061	476.288	478.667	480.235	481.014	481.014	480.235	478.667	476.288	473.061	468.935	463.841	457.68	450.32	441.57	431.157	418.658	403.372	383.961	356.964	312.447	285.175	265.212	249.094	235.482	223.668	213.224	203.867	195.399	187.675	180.586	174.044	167.981	162.341	157.077	
158.83	164.262	170.092	176.371	183.159	190.53	198.577	207.42	217.213	228.168	240.582	254.901	271.845	292.758	321.077	366.678	394.716	415.063	431.157	444.336	455.315	464.534	472.282	478.759	484.11	488.44	491.823	494.317	495.96	496.775	496.775	495.96	494.317	491.823	488.44	484.11	478.759	472.282	464.534	455.315	444.336	431.157	415.063	394.716	366.678	321.077	292.758	271.845	254.901	240.582	228.168	217.213	207.42	198.577	190.53	183.159	176.371	170.092	164.262	158.83	
160.457	166.047	172.054	178.532	185.547	193.177	201.52	210.701	220.884	232.287	245.217	260.127	277.741	299.395	328.508	374.922	403.748	424.825	441.57	455.315	466.78	476.408	484.5	491.262	496.845	501.36	504.888	507.487	509.199	510.048	510.048	509.199	507.487	504.888	501.36	496.845	491.262	484.5	476.408	466.78	455.315	441.57	424.825	403.748	374.922	328.508	299.395	277.741	260.127	245.217	232.287	220.884	210.701	201.52	193.177	185.547	178.532	172.054	166.047	160.457	
161.951	167.683	173.852	180.513	187.734	195.598	204.206	213.688	224.213	236.005	249.374	264.775	282.933	305.177	334.91	381.952	411.392	433.047	450.32	464.534	476.408	486.39	494.781	501.795	507.585	512.267	515.925	518.619	520.392	521.272	521.272	520.392	518.619	515.925	512.267	507.585	501.795	494.781	486.39	476.408	464.534	450.32	433.047	411.392	381.952	334.91	305.177	282.933	264.775	249.374	236.005	224.213	213.688	204.206	195.598	187.734	180.513	173.852	167.683	161.951	
163.3	169.162	175.477	182.302	189.707	197.777	206.619	216.365	227.187	239.31	253.049	268.858	287.459	310.175	340.399	387.937	417.863	439.98	457.68	472.282	484.5	494.781	503.43	510.662	516.634	521.463	525.235	528.013	529.842	530.75	530.75	529.842	528.013	525.235	521.463	516.634	510.662	503.43	494.781	484.5	472.282	457.68	439.98	417.863	387.937	340.399	310.175	287.459	268.858	253.049	239.31	227.187	216.365	206.619	197.777	189.707	182.302	175.477	169.162	163.3	
164.497	170.475	176.918	183.886	191.453	199.705	208.749	218.722	229.796	242.199	256.246	272.391	291.352	314.446	345.062	392.994	423.307	445.794	463.841	478.759	491.262	501.795	510.662	518.08	524.208	529.163	533.035	535.887	537.764	538.696	538.696	537.764	535.887	533.035	529.163	524.208	518.08	510.662	501.795	491.262	478.759	463.841	445.794	423.307	392.994	345.062	314.446	291.352	272.391	256.246	242.199	229.796	218.722	208.749	199.705	191.453	183.886	176.918	170.475	164.497	
165.536	171.613	178.166	185.259	192.964	201.37	210.587	220.75	232.035	244.671	258.97	275.388	294.638	318.036	348.963	397.208	427.828	450.611	468.935	484.11	496.845	507.585	516.634	524.208	530.467	535.53	539.486	542.4	544.319	545.271	545.271	544.319	542.4	539.486	535.53	530.467	524.208	516.634	507.585	496.845	484.11	468.935	450.611	427.828	397.208	348.963	318.036	294.638	275.388	258.97	244.671	232.035	220.75	210.587	201.37	192.964	185.259	178.166	171.613	165.536	
166.41	172.57	179.217	186.413	194.233	202.767	212.125	222.445	233.902	246.725	261.228	277.863	297.343	320.98	352.151	400.64	431.501	454.516	473.061	488.44	501.36	512.267	521.463	529.163	535.53	540.681	544.707	547.673	549.626	550.595	550.595	549.626	547.673	544.707	540.681	535.53	529.163	521.463	512.267	501.36	488.44	473.061	454.516	431.501	400.64	352.151	320.98	297.343	277.863	261.228	246.725	233.902	222.445	212.125	202.767	194.233	186.413	179.217	172.57	166.41	
167.115	173.342	180.063	187.342	195.253	203.889	213.36	223.804	235.396	248.366	263.026	279.829	299.485	323.305	354.662	403.338	434.382	457.575	476.288	491.823	504.888	515.925	525.235	533.035	539.486	544.707	548.788	551.795	553.775	554.758	554.758	553.775	551.795	548.788	544.707	539.486	533.035	525.235	515.925	504.888	491.823	476.288	457.575	434.382	403.338	354.662	323.305	299.485	279.829	263.026	248.366	235.396	223.804	213.36	203.889	195.253	187.342	180.063	173.342	167.115	
167.647	173.924	180.701	188.042	196.022	204.734	214.288	224.824	236.515	249.593	264.369	281.294	301.08	325.031	356.523	405.334	436.511	459.832	478.667	494.317	507.487	518.619	528.013	535.887	542.4	547.673	551.795	554.833	556.833	557.826	557.826	556.833	554.833	551.795	547.673	542.4	535.887	528.013	518.619	507.487	494.317	478.667	459.832	436.511	405.334	356.523	325.031	301.08	281.294	264.369	249.593	236.515	224.824	214.288	204.734	196.022	188.042	180.701	173.924	167.647	
168.003	174.314	181.128	188.51	196.536	205.298	214.908	225.504	237.262	250.41	265.262	282.268	302.136	326.175	357.754	406.653	437.916	461.321	480.235	495.96	509.199	520.392	529.842	537.764	544.319	549.626	553.775	556.833	558.847	559.847	559.847	558.847	556.833	553.775	549.626	544.319	537.764	529.842	520.392	509.199	495.96	480.235	461.321	437.916	406.653	357.754	326.175	302.136	282.268	265.262	250.41	237.262	225.504	214.908	205.298	196.536	188.51	181.128	174.314	168.003	
168.181	174.509	181.342	188.745	196.794	205.581	215.218	225.844	237.635	250.819	265.708	282.753	302.663	326.744	358.366	407.308	438.614	462.06	481.014	496.775	510.048	521.272	530.75	538.696	545.271	550.595	554.758	557.826	559.847	560.85	560.85	559.847	557.826	554.758	550.595	545.271	538.696	530.75	521.272	510.048	496.775	481.014	462.06	438.614	407.308	358.366	326.744	302.663	282.753	265.708	250.819	237.635	225.844	215.218	205.581	196.794	188.745	181.342	174.509	168.181	
168.181	174.509	181.342	188.745	196.794	205.581	215.218	225.844	237.635	250.819	265.708	282.753	302.663	326.744	358.366	407.308	438.614	462.06	481.014	496.775	510.048	521.272	530.75	538.696	545.271	550.595	554.758	557.826	559.847	560.85	560.85	559.847	557.826	554.758	550.595	545.271	538.696	530.75	521.272	510.048	496.775	481.014	462.06	438.614	407.308	358.366	326.744	302.663	282.753	265.708	250.819	237.635	225.844	215.218	205.581	196.794	188.745	181.342	174.509	168.181	
168.003	174.314	181.128	188.51	196.536	205.298	214.908	225.504	237.262	250.41	265.262	282.268	302.136	326.175	357.754	406.653	437.916	461.321	480.235	495.96	509.199	520.392	529.842	537.764	544.319	549.626	553.775	556.833	558.847	559.847	559.847	558.847	556.833	553.775	549.626	544.319	537.764	529.842	520.392	509.199	495.96	480.235	461.321	437.916	406.653	357.754	326.175	302.136	282.268	265.262	250.41	237.262	225.504	214.908	205.298	196.536	188.51	181.128	174.314	168.003	
167.647	173.924	180.701	188.042	196.022	204.734	214.288	224.824	236.515	249.593	264.369	281.294	301.08	325.031	356.523	405.334	436.511	459.832	478.667	494.317	507.487	518.619	528.013	535.887	542.4	547.673	551.795	554.833	556.833	557.826	557.826	556.833	554.833	551.795	547.673	542.4	535.887	528.013	518.619	507.487	494.317	478.667	459.832	436.511	405.334	356.523	325.031	301.08	281.294	264.369	249.593	236.515	224.824	214.288	204.734	196.022	188.042	180.701	173.924	167.647	
167.115	173.342	180.063	187.342	195.253	203.889	213.36	223.804	235.396	248.366	263.026	279.829	299.485	323.305	354.662	403.338	434.382	457.575	476.288	491.823	504.888	515.925	525.235	533.035	539.486	544.707	548.788	551.795	553.775	554.758	554.758	553.775	551.795	548.788	544.707	539.486	533.035	525.235	515.925	504.888	491.823	476.288	457.575	434.382	403.338	354.662	323.305	299.485	279.829	263.026	248.366	235.396	223.804	213.36	203.889	195.253	187.342	180.063	173.342	167.115	
166.41	172.57	179.217	186.413	194.233	202.767	212.125	222.445	233.902	246.725	261.228	277.863	297.343	320.98	352.151	400.64	431.501	454.516	473.061	488.44	501.36	512.267	521.463	529.163	535.53	540.681	544.707	547.673	549.626	550.595	550.595	549.626	547.673	544.707	540.681	535.53	529.163	521.463	512.267	501.36	488.44	473.061	454.516	431.501	400.64	352.151	320.98	297.343	277.863	261.228	246.725	233.902	222.445	212.125	202.767	194.233	186.413	179.217	172.57	166.41	
165.536	171.613	178.166	185.259	192.964	201.37	210.587	220.75	232.035	244.671	258.97	275.388	294.638	318.036	348.963	397.208	427.828	450.611	468.935	484.11	496.845	507.585	516.634	524.208	530.467	535.53	539.486	542.4	544.319	545.271	545.271	544.319	542.4	539.486	535.53	530.467	524.208	516.634	507.585	496.845	484.11	468.935	450.611	427.828	397.208	348.963	318.036	294.638	275.388	258.97	244.671	232.035	220.75	210.587	201.37	192.964	185.259	178.166	171.613	165.536	
164.497	170.475	176.918	183.886	191.453	199.705	208.749	218.722	229.796	242.199	256.246	272.391	291.352	314.446	345.062	392.994	423.307	445.794	463.841	478.759	491.262	501.795	510.662	518.08	524.208	529.163	533.035	535.887	537.764	538.696	538.696	537.764	535.887	533.035	529.163	524.208	518.08	510.662	501.795	491.262	478.759	463.841	445.794	423.307	392.994	345.062	314.446	291.352	272.391	256.246	242.199	229.796	218.722	208.749	199.705	191.453	183.886	176.918	170.475	164.497	
163.3	169.162	175.477	182.302	189.707	197.777	206.619	216.365	227.187	239.31	253.049	268.858	287.459	310.175	340.399	387.937	417.863	439.98	457.68	472.282	484.5	494.781	503.43	510.662	516.634	521.463	525.235	528.013	529.842	530.75	530.75	529.842	528.013	525.235	521.463	516.634	510.662	503.43	494.781	484.5	472.282	457.68	439.98	417.863	387.937	340.399	310.175	287.459	268.858	253.049	239.31	227.187	216.365	206.619	197.777	189.707	182.302	175.477	169.162	163.3	
161.951	167.683	173.852	180.513	187.734	195.598	204.206	213.688	224.213	236.005	249.374	264.775	282.933	305.177	334.91	381.952	411.392	433.047	450.32	464.534	476.408	486.39	494.781	501.795	507.585	512.267	515.925	518.619	520.392	521.272	521.272	520.392	518.619	515.925	512.267	507.585	501.795	494.781	486.39	476.408	464.534	450.32	433.047	411.392	381.952	334.91	305.177	282.933	264.775	249.374	236.005	224.213	213.688	204.206	195.598	187.734	180.513	173.852	167.683	161.951	
160.457	166.047	172.054	178.532	185.547	193.177	201.52	210.701	220.884	232.287	245.217	260.127	277.741	299.395	328.508	374.922	403.748	424.825	441.57	455.315	466.78	476.408	484.5	491.262	496.845	501.36	504.888	507.487	509.199	510.048	510.048	509.199	507.487	504.888	501.36	496.845	491.262	484.5	476.408	466.78	455.315	441.57	424.825	403.748	374.922	328.508	299.395	277.741	260.127	245.217	232.287	220.884	210.701	201.52	193.177	185.547	178.532	172.054	166.047	160.457	
158.83	164.262	170.092	176.371	183.159	190.53	198.577	207.42	217.213	228.168	240.582	254.901	271.845	292.758	321.077	366.678	394.716	415.063	431.157	444.336	455.315	464.534	472.282	478.759	484.11	488.44	491.823	494.317	495.96	496.775	496.775	495.96	494.317	491.823	488.44	484.11	478.759	472.282	464.534	455.315	444.336	431.157	415.063	394.716	366.678	321.077	292.758	271.845	254.901	240.582	228.168	217.213	207.42	198.577	190.53	183.159	176.371	170.092	164.262	158.83	
157.077	162.341	167.981	174.044	180.586	187.675	195.399	203.867	213.224	223.668	235.482	249.094	265.212	285.175	312.447	356.964	383.961	403.372	418.658	431.157	441.57	450.32	457.68	463.841	468.935	473.061	476.288	478.667	480.235	481.014	481.014	480.235	478.667	476.288	473.061	468.935	463.841	457.68	450.32	441.57	431.157	418.658	403.372	383.961	356.964	312.447	285.175	265.212	249.094	235.482	223.668	213.224	203.867	195.399	187.675	180.586	174.044	167.981	162.341	157.077	
155.211	160.297	165.734	171.568	177.847	184.635	192.009	200.07	208.947	218.82	229.947	242.724	257.82	276.541	302.366	345.348	370.904	389.086	403.372	415.063	424.825	433.047	439.98	445.794	450.611	454.516	457.575	459.832	461.321	462.06	462.06	461.321	459.832	457.575	454.516	450.611	445.794	439.98	433.047	424.825	415.063	403.372	389.086	370.904	345.348	302.366	276.541	257.82	242.724	229.947	218.82	208.947	200.07	192.009	184.635	177.847	171.568	165.734	160.297	155.211	
153.244	158.142	163.368	168.96	174.964	181.433	188.438	196.064	204.424	213.674	224.034	235.846	249.691	266.756	290.421	330.96	354.363	370.904	383.961	394.716	403.748	411.392	417.863	423.307	427.828	431.501	434.382	436.511	437.916	438.614	438.614	437.916	436.511	434.382	431.501	427.828	423.307	417.863	411.392	403.748	394.716	383.961	370.904	354.363	330.96	290.421	266.756	249.691	235.846	224.034	213.674	204.424	196.064	188.438	181.433	174.964	168.96	163.368	158.142	153.244	
151.187	155.892	160.899	166.242	171.96	178.1	184.719	191.892	199.71	208.298	217.831	228.571	240.954	255.851	275.9	311.164	330.96	345.348	356.964	366.678	374.922	381.952	387.937	392.994	397.208	400.64	403.338	405.334	406.653	407.308	407.308	406.653	405.334	403.338	400.64	397.208	392.994	387.937	381.952	374.922	366.678	356.964	345.348	330.96	311.164	275.9	255.851	240.954	228.571	217.831	208.298	199.71	191.892	184.719	178.1	171.96	166.242	160.899	155.892	151.187	
149.055	153.562	158.345	163.433	168.859	174.663	180.891	187.6	194.864	202.775	211.456	221.08	231.904	244.343	259.11	275.9	290.421	302.366	312.447	321.077	328.508	334.91	340.399	345.062	348.963	352.151	354.662	356.523	357.754	358.366	358.366	357.754	356.523	354.662	352.151	348.963	345.062	340.399	334.91	328.508	321.077	312.447	302.366	290.421	275.9	259.11	244.343	231.904	221.08	211.456	202.775	194.864	187.6	180.891	174.663	168.859	163.433	158.345	153.562	149.055	
146.859	151.166	155.723	160.555	165.688	171.154	176.989	183.238	189.951	197.192	205.038	213.583	222.937	233.2	244.343	255.851	266.756	276.541	285.175	292.758	299.395	305.177	310.175	314.446	318.036	320.98	323.305	325.031	326.175	326.744	326.744	326.175	325.031	323.305	320.98	318.036	314.446	310.175	305.177	299.395	292.758	285.175	276.541	266.756	255.851	244.343	233.2	222.937	213.583	205.038	197.192	189.951	183.238	176.989	171.154	165.688	160.555	155.723	151.166	146.859	
144.613	148.719	153.051	157.627	162.47	167.603	173.053	178.851	185.031	191.633	198.696	206.259	214.346	222.937	231.904	240.954	249.691	257.82	265.212	271.845	277.741	282.933	287.459	291.352	294.638	297.343	299.485	301.08	302.136	302.663	302.663	302.136	301.08	299.485	297.343	294.638	291.352	287.459	282.933	277.741	271.845	265.212	257.82	249.691	240.954	231.904	222.937	214.346	206.259	198.696	191.633	185.031	178.851	173.053	167.603	162.47	157.627	153.051	148.719	144.613	
142.328	146.236	150.345	154.67	159.228	164.036	169.114	174.481	180.157	186.164	192.515	199.218	206.259	213.583	221.08	228.571	235.846	242.724	249.094	254.901	260.127	264.775	268.858	272.391	275.388	277.863	279.829	281.294	282.268	282.753	282.753	282.268	281.294	279.829	277.863	275.388	272.391	268.858	264.775	260.127	254.901	249.094	242.724	235.846	228.571	221.08	213.583	206.259	199.218	192.515	186.164	180.157	174.481	169.114	164.036	159.228	154.67	150.345	146.236	142.328	
140.018	143.731	147.621	151.702	155.984	160.48	165.202	170.162	175.37	180.833	186.552	192.515	198.696	205.038	211.456	217.831	224.034	229.947	235.482	240.582	245.217	249.374	253.049	256.246	258.97	261.228	263.026	264.369	265.262	265.708	265.708	265.262	264.369	263.026	261.228	258.97	256.246	253.049	249.374	245.217	240.582	235.482	229.947	224.034	217.831	211.456	205.038	198.696	192.515	186.552	180.833	175.37	170.162	165.202	160.48	155.984	151.702	147.621	143.731	140.018	
137.693	141.215	144.893	148.737	152.755	156.954	161.341	165.922	170.7	175.673	180.833	186.164	191.633	197.192	202.775	208.298	213.674	218.82	223.668	228.168	232.287	236.005	239.31	242.199	244.671	246.725	248.366	249.593	250.41	250.819	250.819	250.41	249.593	248.366	246.725	244.671	242.199	239.31	236.005	232.287	228.168	223.668	218.82	213.674	208.298	202.775	197.192	191.633	186.164	180.833	175.673	170.7	165.922	161.341	156.954	152.755	148.737	144.893	141.215	137.693	
135.363	138.7	142.174	145.791	149.557	153.476	157.55	161.78	166.166	170.7	175.37	180.157	185.031	189.951	194.864	199.71	204.424	208.947	213.224	217.213	220.884	224.213	227.187	229.796	232.035	233.902	235.396	236.515	237.262	237.635	237.635	237.262	236.515	235.396	233.902	232.035	229.796	227.187	224.213	220.884	217.213	213.224	208.947	204.424	199.71	194.864	189.951	185.031	180.157	175.37	170.7	166.166	161.78	157.55	153.476	149.557	145.791	142.174	138.7	135.363	
133.037	136.196	139.474	142.876	146.403	150.059	153.842	157.751	161.78	165.922	170.162	174.481	178.851	183.238	187.6	191.892	196.064	200.07	203.867	207.42	210.701	213.688	216.365	218.722	220.75	222.445	223.804	224.824	225.504	225.844	225.844	225.504	224.824	223.804	222.445	220.75	218.722	216.365	213.688	210.701	207.42	203.867	200.07	196.064	191.892	187.6	183.238	178.851	174.481	170.162	165.922	161.78	157.751	153.842	150.059	146.403	142.876	139.474	136.196	133.037	
130.723	133.711	136.802	140	143.304	146.714	150.228	153.842	157.55	161.341	165.202	169.114	173.053	176.989	180.891	184.719	188.438	192.009	195.399	198.577	201.52	204.206	206.619	208.749	210.587	212.125	213.36	214.288	214.908	215.218	215.218	214.908	214.288	213.36	212.125	210.587	208.749	206.619	204.206	201.52	198.577	195.399	192.009	188.438	184.719	180.891	176.989	173.053	169.114	165.202	161.341	157.55	153.842	150.228	146.714	143.304	140	136.802	133.711	130.723	
128.428	131.253	134.167	137.172	140.266	143.448	146.714	150.059	153.476	156.954	160.48	164.036	167.603	171.154	174.663	178.1	181.433	184.635	187.675	190.53	193.177	195.598	197.777	199.705	201.37	202.767	203.889	204.734	205.298	205.581	205.581	205.298	204.734	203.889	202.767	201.37	199.705	197.777	195.598	193.177	190.53	187.675	184.635	181.433	178.1	174.663	171.154	167.603	164.036	160.48	156.954	153.476	150.059	146.714	143.448	140.266	137.172	134.167	131.253	128.428	
126.157	128.827	131.574	134.398	137.296	140.266	143.304	146.403	149.557	152.755	155.984	159.228	162.47	165.688	168.859	171.96	174.964	177.847	180.586	183.159	185.547	187.734	189.707	191.453	192.964	194.233	195.253	196.022	196.536	196.794	196.794	196.536	196.022	195.253	194.233	192.964	191.453	189.707	187.734	185.547	183.159	180.586	177.847	174.964	171.96	168.859	165.688	162.47	159.228	155.984	152.755	149.557	146.403	143.304	140.266	137.296	134.398	131.574	128.827	126.157	
123.917	126.44	129.029	131.682	134.398	137.172	140	142.876	145.791	148.737	151.702	154.67	157.627	160.555	163.433	166.242	168.96	171.568	174.044	176.371	178.532	180.513	182.302	183.886	185.259	186.413	187.342	188.042	188.51	188.745	188.745	188.51	188.042	187.342	186.413	185.259	183.886	182.302	180.513	178.532	176.371	174.044	171.568	168.96	166.242	163.433	160.555	157.627	154.67	151.702	148.737	145.791	142.876	140	137.172	134.398	131.682	129.029	126.44	123.917	
121.71	124.094	126.535	129.029	131.574	134.167	136.802	139.474	142.174	144.893	147.621	150.345	153.051	155.723	158.345	160.899	163.368	165.734	167.981	170.092	172.054	173.852	175.477	176.918	178.166	179.217	180.063	180.701	181.128	181.342	181.342	181.128	180.701	180.063	179.217	178.166	176.918	175.477	173.852	172.054	170.092	167.981	165.734	163.368	160.899	158.345	155.723	153.051	150.345	147.621	144.893	142.174	139.474	136.802	134.167	131.574	129.029	126.535	124.094	121.71	
119.54	121.793	124.094	126.44	128.827	131.253	133.711	136.196	138.7	141.215	143.731	146.236	148.719	151.166	153.562	155.892	158.142	160.297	162.341	164.262	166.047	167.683	169.162	170.475	171.613	172.57	173.342	173.924	174.314	174.509	174.509	174.314	173.924	173.342	172.57	171.613	170.475	169.162	167.683	166.047	164.262	162.341	160.297	158.142	155.892	153.562	151.166	148.719	146.236	143.731	141.215	138.7	136.196	133.711	131.253	128.827	126.44	124.094	121.793	119.54	
117.41	119.54	121.71	123.917	126.157	128.428	130.723	133.037	135.363	137.693	140.018	142.328	144.613	146.859	149.055	151.187	153.244	155.211	157.077	158.83	160.457	161.951	163.3	164.497	165.536	166.41	167.115	167.647	168.003	168.181	168.181	168.003	167.647	167.115	166.41	165.536	164.497	163.3	161.951	160.457	158.83	157.077	155.211	153.244	151.187	149.055	146.859	144.613	142.328	140.018	137.693	135.363	133.037	130.723	128.428	126.157	123.917	121.71	119.54	117.41	
