0.23414426	0.23811655	0.24218525	0.24635608	0.25063823	0.25503604	0.25952191	0.26406299	0.26863321	0.27320331	0.27774456	0.28222968	0.28662370	0.29089489	0.29503615	0.29904346	0.30290862	0.30662517	0.31018155	0.31356529	0.31676974	0.31978691	0.32259753	0.32518186	0.32752145	0.32959831	0.33140184	0.33292294	0.33415110	0.33507737	0.33569343	0.33599164	0.33597041	0.33562877	0.33495645	0.33394610	0.33258885	0.33088053	0.32884606	0.32651547	0.32391308	0.32106639	0.31800251	0.31474750	0.31133450	0.30779399	0.30413500	0.30036400	0.29649055	0.29252284	0.28847504	0.28436188	0.28019374	0.27598156	0.27174093	0.26748746	0.26323525	0.25899799	0.25478747	0.25061418	0.24648968	0.24239788	0.23842064	0.23217004
0.23811655	0.24230557	0.24660520	0.25102248	0.25556816	0.26024758	0.26503059	0.26988103	0.27477095	0.27966860	0.28454062	0.28935531	0.29407198	0.29865385	0.30309547	0.30739522	0.31154592	0.31554248	0.31937297	0.32302401	0.32648978	0.32976244	0.33281915	0.33563625	0.33819161	0.34046356	0.34244020	0.34411147	0.34546516	0.34649093	0.34717940	0.34752194	0.34751684	0.34716307	0.34644868	0.34536495	0.34390167	0.34205392	0.33984942	0.33732176	0.33449746	0.33140684	0.32808186	0.32455329	0.32086023	0.31703847	0.31309587	0.30903708	0.30487092	0.30060452	0.29625306	0.29183266	0.28735356	0.28282699	0.27827145	0.27370557	0.26914624	0.26460992	0.26010949	0.25565619	0.25126293	0.24691432	0.24269315	0.23617705
0.24218525	0.24660520	0.25115075	0.25582991	0.26065446	0.26563033	0.27072603	0.27590348	0.28113356	0.28638286	0.29161455	0.29679344	0.30187445	0.30681670	0.31161443	0.31626604	0.32076371	0.32510179	0.32926590	0.33323996	0.33701639	0.34058538	0.34392154	0.34699873	0.34979206	0.35227734	0.35444210	0.35627589	0.35776607	0.35890196	0.35967264	0.36006788	0.36008523	0.35972287	0.35896758	0.35780960	0.35623764	0.35424616	0.35186469	0.34912931	0.34606819	0.34271387	0.33910210	0.33526748	0.33125385	0.32710142	0.32281897	0.31841174	0.31388951	0.30926029	0.30454247	0.29975547	0.29491204	0.29002588	0.28511733	0.28020655	0.27531229	0.27045249	0.26564031	0.26088703	0.25620543	0.25157966	0.24709397	0.24029193
0.24635608	0.25102248	0.25582991	0.26078683	0.26590514	0.27119083	0.27661266	0.28213256	0.28772130	0.29334492	0.29896486	0.30454372	0.31003409	0.31539240	0.32060996	0.32568187	0.33059736	0.33534758	0.33991326	0.34427359	0.34841608	0.35232650	0.35597812	0.35934415	0.36239813	0.36511486	0.36748217	0.36949006	0.37112702	0.37238337	0.37324614	0.37370284	0.37374947	0.37338266	0.37258841	0.37135654	0.36967503	0.36753799	0.36497543	0.36202428	0.35871366	0.35507744	0.35115358	0.34697923	0.34260107	0.33806244	0.33337574	0.32855019	0.32359883	0.31853326	0.31337759	0.30815678	0.30288928	0.29759382	0.29229127	0.28700141	0.28174362	0.27653578	0.27139018	0.26631714	0.26132748	0.25640328	0.25163099	0.24452082
0.25063823	0.25556816	0.26065446	0.26590514	0.27133184	0.27694027	0.28270036	0.28857578	0.29453566	0.30054511	0.30657194	0.31258429	0.31854202	0.32440670	0.33015708	0.33577341	0.34123385	0.34651742	0.35159600	0.35644138	0.36102933	0.36533608	0.36933886	0.37301653	0.37634702	0.37931026	0.38189409	0.38408780	0.38588218	0.38726909	0.38823348	0.38876051	0.38884378	0.38847748	0.38764762	0.38634425	0.38455447	0.38227181	0.37952621	0.37635424	0.37278777	0.36886289	0.36461163	0.36006609	0.35526633	0.35025118	0.34504633	0.33967663	0.33416652	0.32854004	0.32283126	0.31707343	0.31129772	0.30553308	0.29979551	0.29409800	0.28845453	0.28287671	0.27737597	0.27196247	0.26664353	0.26139825	0.25631575	0.24887322
0.25503604	0.26024758	0.26563033	0.27119083	0.27694027	0.28288403	0.28899365	0.29523607	0.30157545	0.30797422	0.31441980	0.32089846	0.32739270	0.33388193	0.34031739	0.34664647	0.35282365	0.35880219	0.36453972	0.36999758	0.37512991	0.37989635	0.38428644	0.38829446	0.39191242	0.39513515	0.39794914	0.40034056	0.40230329	0.40383071	0.40490603	0.40551237	0.40564007	0.40527992	0.40441876	0.40304778	0.40115252	0.39872537	0.39579624	0.39240032	0.38857600	0.38436375	0.37977662	0.37482906	0.36953939	0.36392939	0.35805305	0.35196897	0.34572557	0.33937297	0.33296076	0.32653380	0.32014594	0.31384353	0.30762928	0.30149938	0.29545275	0.28948489	0.28360726	0.27783199	0.27216152	0.26657160	0.26115427	0.25335383
0.25952191	0.26503059	0.27072603	0.27661266	0.28270036	0.28899365	0.29546779	0.30209554	0.30883719	0.31565388	0.32255584	0.32955026	0.33664606	0.34384328	0.35106100	0.35820794	0.36521082	0.37199245	0.37849208	0.38465711	0.39041468	0.39570356	0.40052829	0.40490228	0.40883432	0.41233730	0.41539761	0.41799916	0.42014128	0.42182075	0.42301841	0.42371445	0.42389477	0.42354561	0.42265539	0.42121712	0.41921518	0.41664099	0.41352263	0.40989172	0.40579244	0.40126860	0.39631109	0.39091401	0.38507025	0.37878187	0.37213598	0.36523073	0.35814266	0.35095271	0.34373023	0.33653528	0.32944989	0.32254213	0.31579866	0.30919516	0.30271275	0.29632763	0.29004987	0.28389245	0.27785034	0.27189382	0.26611864	0.25793719
0.26406299	0.26988103	0.27590348	0.28213256	0.28857578	0.29523607	0.30209554	0.30913584	0.31631753	0.32360391	0.33102365	0.33860001	0.34636301	0.35432827	0.36238675	0.37041299	0.37830753	0.38596413	0.39330028	0.40024544	0.40669785	0.41257343	0.41789032	0.42268016	0.42696617	0.43077764	0.43410386	0.43692980	0.43926369	0.44110897	0.44244265	0.44324010	0.44348159	0.44314738	0.44222799	0.44071872	0.43860372	0.43587411	0.43255316	0.42866608	0.42425887	0.41937547	0.41398903	0.40807810	0.40161555	0.39458883	0.38711417	0.37932491	0.37132424	0.36322255	0.35511241	0.34707306	0.33921659	0.33163482	0.32429985	0.31716776	0.31020431	0.30336805	0.29666466	0.29010467	0.28367219	0.27732881	0.27117502	0.26259277
0.26863321	0.27477095	0.28113356	0.28772130	0.29453566	0.30157545	0.30883719	0.31631753	0.32399150	0.33183521	0.33987091	0.34811243	0.35658240	0.36528719	0.37411203	0.38292441	0.39162051	0.40008801	0.40822281	0.41593256	0.42309508	0.42960767	0.43548806	0.44077143	0.44547734	0.44963499	0.45324520	0.45630486	0.45883784	0.46086160	0.46234599	0.46325726	0.46356841	0.46325190	0.46230112	0.46071424	0.45847880	0.45558832	0.45205379	0.44788795	0.44312457	0.43779718	0.43188604	0.42537967	0.41825944	0.41052298	0.40229336	0.39371210	0.38488727	0.37593592	0.36697357	0.35810251	0.34945642	0.34114655	0.33314460	0.32540191	0.31788691	0.31055706	0.30340521	0.29642861	0.28959404	0.28284710	0.27629578	0.26729533
0.27320331	0.27966860	0.28638286	0.29334492	0.30054511	0.30797422	0.31565388	0.32360391	0.33183521	0.34035253	0.34913164	0.35813594	0.36733594	0.37669036	0.38610999	0.39549443	0.40477870	0.41388968	0.42270252	0.43109767	0.43894731	0.44613778	0.45266357	0.45853905	0.46375058	0.46829969	0.47221157	0.47551127	0.47824753	0.48046204	0.48211283	0.48315080	0.48353998	0.48324277	0.48225637	0.48058228	0.47821702	0.47516056	0.47140106	0.46693041	0.46174890	0.45586375	0.44930245	0.44210443	0.43430427	0.42594809	0.41713466	0.40797456	0.39853776	0.38890269	0.37920700	0.36958130	0.36016599	0.35108402	0.34232972	0.33387424	0.32571832	0.31784583	0.31022433	0.30282170	0.29557869	0.28841487	0.28144948	0.27201644
0.27774456	0.28454062	0.29161455	0.29896486	0.30657194	0.31441980	0.32255584	0.33102365	0.33987091	0.34913164	0.35873489	0.36859394	0.37862335	0.38872933	0.39886439	0.40897479	0.41901152	0.42891693	0.43854300	0.44774114	0.45637737	0.46432864	0.47156749	0.47808937	0.48384993	0.48882560	0.49306751	0.49663017	0.49958965	0.50201392	0.50384804	0.50502599	0.50550171	0.50522621	0.50420008	0.50242775	0.49991412	0.49666499	0.49264485	0.48782396	0.48216818	0.47565768	0.46836737	0.46038718	0.45180863	0.44273105	0.43321290	0.42331930	0.41310524	0.40263450	0.39206907	0.38156938	0.37128306	0.36134303	0.35176530	0.34253920	0.33369543	0.32524185	0.31711968	0.30926656	0.30159543	0.29399837	0.28660551	0.27672959
0.28222968	0.28935531	0.29679344	0.30454372	0.31258429	0.32089846	0.32955026	0.33860001	0.34811243	0.35813594	0.36859394	0.37939584	0.39042504	0.40154953	0.41282388	0.42428662	0.43574882	0.44700823	0.45788386	0.46819708	0.47782134	0.48665378	0.49466106	0.50183772	0.50814638	0.51357200	0.51818181	0.52204579	0.52526335	0.52792224	0.52995718	0.53128825	0.53185895	0.53160832	0.53053880	0.52865640	0.52596778	0.52247921	0.51814053	0.51290688	0.50672948	0.49957611	0.49152794	0.48267886	0.47315249	0.46308695	0.45244011	0.44118597	0.42952092	0.41765435	0.40578211	0.39409502	0.38273423	0.37181288	0.36135300	0.35134449	0.34181060	0.33274966	0.32408723	0.31574511	0.30761363	0.29956435	0.29173398	0.28140903
0.28662370	0.29407198	0.30187445	0.31003409	0.31854202	0.32739270	0.33664606	0.34636301	0.35658240	0.36733594	0.37862335	0.39042504	0.40272392	0.41547282	0.42858262	0.44192675	0.45529047	0.46843390	0.48110559	0.49307414	0.50410147	0.51399194	0.52278766	0.53057260	0.53737926	0.54326581	0.54829355	0.55251652	0.55604533	0.55897145	0.56122589	0.56272346	0.56339754	0.56317583	0.56205935	0.56005329	0.55715226	0.55335231	0.54860886	0.54287763	0.53613786	0.52837588	0.51959674	0.50982327	0.49908025	0.48742144	0.47494981	0.46180570	0.44821319	0.43442085	0.42069522	0.40727970	0.39442773	0.38234552	0.37098022	0.36023259	0.35005570	0.34037417	0.33112082	0.32223385	0.31359442	0.30507082	0.29679701	0.28602213
0.29089489	0.29865385	0.30681670	0.31539240	0.32440670	0.33388193	0.34384328	0.35432827	0.36528719	0.37669036	0.38872933	0.40154953	0.41547282	0.43077381	0.44663764	0.46218610	0.47759807	0.49300280	0.50803438	0.52238730	0.53543653	0.54660894	0.55617352	0.56447039	0.57168175	0.57802802	0.58353264	0.58818759	0.59209555	0.59532718	0.59782005	0.59949708	0.60028258	0.60009450	0.59892777	0.59678352	0.59362437	0.58942093	0.58416416	0.57783371	0.57049925	0.56221007	0.55277911	0.54206390	0.52975057	0.51557154	0.50035679	0.48499959	0.46933279	0.45323803	0.43709569	0.42122254	0.40625931	0.39279003	0.38053586	0.36914258	0.35841348	0.34811103	0.33820829	0.32870705	0.31950001	0.31047808	0.30175908	0.29053835
0.29503615	0.30309547	0.31161443	0.32060996	0.33015708	0.34031739	0.35106100	0.36238675	0.37411203	0.38610999	0.39886439	0.41282388	0.42858262	0.44663764	0.46609807	0.48592687	0.50584246	0.52544799	0.54411717	0.56137140	0.57655375	0.58913454	0.59954079	0.60829973	0.61585141	0.62265959	0.62868287	0.63381967	0.63815277	0.64171669	0.64446165	0.64632767	0.64723005	0.64707836	0.64585784	0.64356385	0.64011316	0.63544114	0.62959369	0.62258969	0.61463277	0.60587125	0.59582479	0.58404768	0.56995331	0.55305254	0.53425204	0.51460579	0.49440927	0.47407348	0.45423745	0.43539028	0.41820423	0.40322065	0.39000340	0.37801339	0.36679566	0.35587030	0.34527798	0.33511679	0.32530372	0.31576908	0.30660564	0.29494446
0.29904346	0.30739522	0.31626604	0.32568187	0.33577341	0.34664647	0.35820794	0.37041299	0.38292441	0.39549443	0.40897479	0.42428662	0.44192675	0.46218610	0.48592687	0.51371799	0.54284443	0.57005573	0.59426669	0.61467805	0.63157691	0.64558235	0.65699103	0.66621437	0.67407781	0.68135401	0.68791709	0.69355818	0.69833642	0.70224568	0.70525010	0.70731046	0.70833219	0.70821738	0.70693943	0.70448785	0.70072714	0.69555405	0.68907639	0.68135776	0.67275647	0.66354427	0.65287071	0.63981839	0.62389653	0.60482372	0.58175337	0.55413625	0.52470288	0.49672216	0.47128914	0.44921342	0.43022190	0.41370865	0.39936803	0.38678014	0.37510348	0.36355121	0.35225091	0.34141204	0.33097942	0.32092874	0.31132418	0.29922904
0.30290862	0.31154592	0.32076371	0.33059736	0.34123385	0.35282365	0.36521082	0.37830753	0.39162051	0.40477870	0.41901152	0.43574882	0.45529047	0.47759807	0.50584246	0.54284443	0.61682151	0.65239128	0.68233897	0.70589428	0.72442471	0.73985952	0.75231773	0.76203142	0.77022358	0.77797796	0.78508508	0.79123225	0.79645682	0.80071430	0.80398143	0.80623851	0.80738039	0.80730120	0.80596237	0.80334787	0.79926962	0.79358585	0.78646555	0.77801639	0.76875240	0.75907121	0.74774228	0.73334046	0.71557008	0.69448077	0.66691692	0.63008050	0.55577091	0.51939358	0.48816992	0.46288051	0.44217017	0.42412446	0.40861538	0.39540621	0.38325646	0.37107048	0.35906193	0.34754866	0.33650168	0.32594024	0.31590029	0.30337900
0.30662517	0.31554248	0.32510179	0.33534758	0.34651742	0.35880219	0.37199245	0.38596413	0.40008801	0.41388968	0.42891693	0.44700823	0.46843390	0.49300280	0.52544799	0.57005573	0.65239128	0.69401156	0.72812586	0.75452372	0.77492273	0.79177460	0.80521322	0.81546634	0.82404983	0.83229575	0.83993288	0.84656581	0.85221771	0.85681514	0.86034340	0.86279608	0.86405686	0.86401021	0.86260742	0.85982772	0.85543655	0.84925760	0.84151210	0.83234448	0.82240475	0.81219586	0.80016704	0.78448505	0.76488230	0.74156231	0.70980741	0.66535677	0.58266386	0.54019883	0.50475636	0.47655674	0.45389337	0.43433053	0.41772586	0.40385031	0.39116950	0.37834111	0.36564358	0.35348163	0.34184529	0.33078755	0.32032047	0.30738216
0.31018155	0.31937297	0.32926590	0.33991326	0.35159600	0.36453972	0.37849208	0.39330028	0.40822281	0.42270252	0.43854300	0.45788386	0.48110559	0.50803438	0.54411717	0.59426669	0.68233897	0.72812586	0.76530017	0.79421042	0.81651407	0.83471581	0.84906387	0.85988666	0.86890596	0.87764347	0.88578559	0.89287446	0.89892617	0.90384721	0.90762790	0.91026925	0.91164381	0.91162526	0.91015688	0.90721382	0.90252255	0.89587713	0.88754104	0.87768750	0.86707931	0.85630353	0.84355237	0.82669160	0.80534243	0.77969164	0.74430844	0.69430768	0.60585423	0.55918668	0.52063421	0.48985736	0.46520894	0.44420082	0.42657722	0.41201109	0.39876141	0.38529712	0.37194239	0.35916779	0.34697544	0.33544223	0.32456118	0.31121889
0.31356529	0.32302401	0.33323996	0.34427359	0.35644138	0.36999758	0.38465711	0.40024544	0.41593256	0.43109767	0.44774114	0.46819708	0.49307414	0.52238730	0.56137140	0.61467805	0.70589428	0.75452372	0.79421042	0.82532346	0.84939084	0.86883071	0.88401575	0.89541291	0.90488744	0.91410206	0.92271552	0.93022428	0.93664280	0.94186464	0.94588246	0.94870006	0.95017970	0.95018381	0.94864974	0.94554906	0.94057706	0.93350325	0.92462392	0.91413368	0.90288488	0.89152911	0.87806123	0.86015221	0.83719475	0.80918681	0.77091106	0.71774507	0.62612519	0.57658075	0.53546861	0.50242771	0.47594029	0.45360480	0.43504223	0.41978863	0.40595916	0.39188181	0.37791172	0.36456764	0.35185802	0.33987550	0.32859849	0.31486926
0.31676974	0.32648978	0.33701639	0.34841608	0.36102933	0.37512991	0.39041468	0.40669785	0.42309508	0.43894731	0.45637737	0.47782134	0.50410147	0.53543653	0.57655375	0.63157691	0.72442471	0.77492273	0.81651407	0.84939084	0.87494309	0.89545613	0.91140354	0.92337502	0.93331878	0.94298526	0.95202130	0.95989847	0.96663646	0.97212548	0.97635686	0.97933189	0.98090344	0.98092308	0.97932451	0.97607684	0.97085500	0.96341190	0.95406255	0.94301258	0.93117009	0.91922557	0.90505143	0.88621632	0.86189932	0.83189444	0.79149356	0.73660342	0.64333100	0.59188552	0.54882455	0.51396314	0.48592191	0.46243214	0.44301482	0.42708401	0.41267146	0.39801678	0.38348974	0.36963541	0.35646075	0.34406323	0.33241289	0.31831710
0.31978691	0.32976244	0.34058538	0.35232650	0.36533608	0.37989635	0.39570356	0.41257343	0.42960767	0.44613778	0.46432864	0.48665378	0.51399194	0.54660894	0.58913454	0.64558235	0.73985952	0.79177460	0.83471581	0.86883071	0.89545613	0.91683501	0.93347616	0.94601329	0.95642934	0.96651175	0.97590987	0.98409261	0.99109211	0.99680615	1.00122047	1.00432867	1.00597522	1.00600198	1.00434137	1.00096161	0.99552990	0.98779253	0.97806614	0.96655524	0.95418331	0.94165119	0.92678953	0.90712943	0.88179369	0.85052923	0.80872699	0.75240520	0.65768413	0.60479135	0.56033968	0.52418861	0.49501270	0.47058573	0.45039369	0.43380652	0.41882038	0.40363667	0.38862409	0.37433087	0.36075339	0.34798183	0.33598507	0.32154631
0.32259753	0.33281915	0.34392154	0.35597812	0.36933886	0.38428644	0.40052829	0.41789032	0.43548806	0.45266357	0.47156749	0.49466106	0.52278766	0.55617352	0.59954079	0.65699103	0.75231773	0.80521322	0.84906387	0.88401575	0.91140354	0.93347616	0.95073571	0.96381163	0.97468533	0.98514458	0.99485096	1.00328593	1.01049819	1.01640009	1.02096915	1.02418826	1.02589453	1.02592144	1.02420177	1.02070412	1.01509689	1.00712682	0.99710062	0.98521352	0.97237659	0.95928126	0.94377284	0.92339490	0.89730590	0.86529248	0.82265467	0.76532411	0.66953591	0.61563486	0.57023644	0.53320213	0.50320946	0.47802667	0.45714604	0.43994102	0.42440800	0.40874653	0.39331339	0.37864405	0.36471864	0.35161212	0.33929723	0.32454108
0.32518186	0.33563625	0.34699873	0.35934415	0.37301653	0.38829446	0.40490228	0.42268016	0.44077143	0.45853905	0.47808937	0.50183772	0.53057260	0.56447039	0.60829973	0.66621437	0.76203142	0.81546634	0.85988666	0.89541291	0.92337502	0.94601329	0.96381163	0.97738330	0.98868399	0.99947986	1.00944976	1.01809531	1.02548286	1.03154213	1.03624161	1.03955253	1.04130572	1.04132751	1.03955213	1.03594931	1.03019348	1.02203571	1.01176717	0.99957001	0.98632898	0.97271578	0.95662058	0.93563315	0.90896721	0.87645948	0.83336490	0.77556421	0.67926976	0.62480389	0.57880213	0.54115225	0.51053761	0.48473557	0.46325579	0.44548659	0.42944862	0.41336124	0.39756353	0.38257003	0.36834245	0.35493708	0.34233314	0.32728670
0.32752145	0.33819161	0.34979206	0.36239813	0.37634702	0.39191242	0.40883432	0.42696617	0.44547734	0.46375058	0.48384993	0.50814638	0.53737926	0.57168175	0.61585141	0.67407781	0.77022358	0.82404983	0.86890596	0.90488744	0.93331878	0.95642934	0.97468533	0.98868399	1.00035469	1.01144132	1.02163773	1.03046363	1.03800002	1.04419152	1.04899902	1.05238415	1.05417272	1.05418555	1.05235853	1.04866288	1.04277928	1.03446355	1.02399257	1.01153662	0.99795573	0.98390322	0.96731197	0.94581656	0.91868023	0.88578329	0.84235294	0.78423541	0.68759807	0.63271819	0.58625071	0.54810951	0.51698447	0.49066464	0.46867612	0.45042165	0.43394656	0.41749064	0.40137688	0.38610063	0.37160741	0.35793689	0.34507462	0.32976731
0.32959831	0.34046356	0.35227734	0.36511486	0.37931026	0.39513515	0.41233730	0.43077764	0.44963499	0.46829969	0.48882560	0.51357200	0.54326581	0.57802802	0.62265959	0.68135401	0.77797796	0.83229575	0.87764347	0.91410206	0.94298526	0.96651175	0.98514458	0.99947986	1.01144132	1.02276927	1.03316389	1.04215176	1.04982197	1.05612660	1.06102259	1.06446654	1.06628077	1.06628230	1.06440826	1.06063111	1.05463379	1.04617382	1.03552157	1.02284128	1.00898483	0.99459922	0.97762799	0.95571776	0.92814462	0.89480144	0.85091312	0.79232311	0.69519520	0.63980392	0.59281883	0.55416946	0.52255761	0.49578381	0.47337590	0.45473590	0.43791319	0.42114927	0.40475944	0.38923082	0.37449896	0.36059411	0.34750539	0.33196846
0.33140184	0.34244020	0.35444210	0.36748217	0.38189409	0.39794914	0.41539761	0.43410386	0.45324520	0.47221157	0.49306751	0.51818181	0.54829355	0.58353264	0.62868287	0.68791709	0.78508508	0.83993288	0.88578559	0.92271552	0.95202130	0.97590987	0.99485096	1.00944976	1.02163773	1.03316389	1.04372886	1.05285879	1.06064631	1.06704601	1.07201328	1.07550287	1.07733463	1.07732305	1.07540619	1.07155760	1.06545981	1.05687008	1.04605751	1.03318423	1.01910485	1.00446804	0.98720697	0.96495910	0.93698873	0.90318017	0.85877649	0.79964284	0.70196024	0.64602193	0.59850974	0.55936290	0.52729954	0.50013273	0.47738209	0.45843867	0.44134252	0.42432467	0.40769838	0.39194979	0.37700879	0.36290115	0.34961764	0.33388243
0.33292294	0.34411147	0.35627589	0.36949006	0.38408780	0.40034056	0.41799916	0.43692980	0.45630486	0.47551127	0.49663017	0.52204579	0.55251652	0.58818759	0.63381967	0.69355818	0.79123225	0.84656581	0.89287446	0.93022428	0.95989847	0.98409261	1.00328593	1.01809531	1.03046363	1.04215176	1.05285879	1.06210791	1.06999341	1.07647041	1.08149383	1.08501780	1.08686038	1.08683422	1.08487824	1.08096702	1.07478200	1.06607966	1.05512965	1.04209349	1.02783184	1.01299747	0.99550730	0.97298351	0.94467148	0.91044049	0.86555762	0.80591641	0.70771884	0.65128059	0.60329424	0.56370630	0.53125144	0.50375493	0.48072537	0.46154017	0.44422647	0.42700171	0.41017912	0.39424631	0.37912938	0.36485158	0.35140464	0.33550243
0.33415110	0.34546516	0.35776607	0.37112702	0.38588218	0.40230329	0.42014128	0.43926369	0.45883784	0.47824753	0.49958965	0.52526335	0.55604533	0.59209555	0.63815277	0.69833642	0.79645682	0.85221771	0.89892617	0.93664280	0.96663646	0.99109211	1.01049819	1.02548286	1.03800002	1.04982197	1.06064631	1.06999341	1.07795908	1.08449897	1.08956750	1.09311825	1.09496758	1.09492639	1.09293441	1.08896716	1.08270501	1.07390361	1.06283342	1.04965562	1.03523686	1.02023403	1.00254840	0.97978745	0.95117836	0.91657595	0.87126999	0.81118090	0.71252977	0.65565282	0.60725223	0.56728089	0.53448887	0.50671277	0.48345056	0.46406667	0.44657585	0.42918254	0.41220005	0.39611754	0.38085765	0.36644144	0.35286140	0.33682302
0.33507737	0.34649093	0.35890196	0.37238337	0.38726909	0.40383071	0.42182075	0.44110897	0.46086160	0.48046204	0.50201392	0.52792224	0.55897145	0.59532718	0.64171669	0.70224568	0.80071430	0.85681514	0.90384721	0.94186464	0.97212548	0.99680615	1.01640009	1.03154213	1.04419152	1.05612660	1.06704601	1.07647041	1.08449897	1.09108983	1.09619589	1.09976888	1.10162307	1.10156720	1.09954176	1.09552320	1.08919170	1.08030284	1.06912613	1.05582127	1.04125670	1.02609040	1.00821698	0.98523802	0.95637300	0.92147107	0.87583427	0.81539758	0.71639262	0.65916714	0.61043221	0.57014795	0.53707605	0.50906221	0.48559835	0.46604077	0.44839771	0.43086623	0.41375759	0.39755966	0.38219041	0.36766708	0.35398339	0.33783923
0.33569343	0.34717940	0.35967264	0.37324614	0.38823348	0.40490603	0.42301841	0.44244265	0.46234599	0.48211283	0.50384804	0.52995718	0.56122589	0.59782005	0.64446165	0.70525010	0.80398143	0.86034340	0.90762790	0.94588246	0.97635686	1.00122047	1.02096915	1.03624161	1.04899902	1.06102259	1.07201328	1.08149383	1.08956750	1.09619589	1.10132992	1.10491881	1.10677471	1.10670404	1.10464796	1.10058374	1.09419176	1.08522789	1.07395992	1.06054571	1.04585314	1.03053970	1.01249863	0.98933087	0.96025452	0.92511836	0.87923037	0.81853261	0.71926116	0.66176900	0.61277497	0.57224627	0.53895356	0.51075002	0.48712423	0.46742760	0.44966541	0.43203070	0.41483175	0.39855371	0.38310952	0.36851205	0.35475628	0.33853885
0.33599164	0.34752194	0.36006788	0.37370284	0.38876051	0.40551237	0.42371445	0.44324010	0.46325726	0.48315080	0.50502599	0.53128825	0.56272346	0.59949708	0.64632767	0.70731046	0.80623851	0.86279608	0.91026925	0.94870006	0.97933189	1.00432867	1.02418826	1.03955253	1.05238415	1.06446654	1.07550287	1.08501780	1.09311825	1.09976888	1.10491881	1.10851503	1.11036782	1.11028167	1.10819813	1.10409502	1.09765282	1.08862747	1.07728561	1.06378380	1.04898956	1.03356004	1.01538793	0.99207407	0.96283604	0.92752275	0.88144621	0.82055330	0.72108342	0.66339345	0.61420849	0.57350150	0.54005007	0.51171315	0.48797666	0.46818797	0.45035004	0.43265277	0.41540186	0.39908006	0.38359615	0.36895933	0.35516542	0.33890952
0.33597041	0.34751684	0.36008523	0.37374947	0.38884378	0.40564007	0.42389477	0.44348159	0.46356841	0.48353998	0.50550171	0.53185895	0.56339754	0.60028258	0.64723005	0.70833219	0.80738039	0.86405686	0.91164381	0.95017970	0.98090344	1.00597522	1.02589453	1.04130572	1.05417272	1.06628077	1.07733463	1.08686038	1.09496758	1.10162307	1.10677471	1.11036782	1.11221145	1.11210866	1.11000121	1.10586726	1.09938717	1.09031687	1.07892250	1.06536011	1.05049732	1.03499141	1.01673459	0.99332751	0.96398734	0.92856303	0.88236957	0.82135740	0.72176790	0.66396030	0.61466384	0.57385526	0.54031695	0.51191187	0.48812372	0.46829678	0.45043202	0.43271684	0.41545505	0.39912779	0.38364090	0.36900101	0.35520425	0.33894583
0.33562877	0.34716307	0.35972287	0.37338266	0.38847748	0.40527992	0.42354561	0.44314738	0.46325190	0.48324277	0.50522621	0.53160832	0.56317583	0.60009450	0.64707836	0.70821738	0.80730120	0.86401021	0.91162526	0.95018381	0.98092308	1.00600198	1.02592144	1.04132751	1.05418555	1.06628230	1.07732305	1.08683422	1.09492639	1.10156720	1.10670404	1.11028167	1.11210866	1.11198757	1.10986018	1.10570472	1.09920126	1.09010553	1.07868422	1.06509385	1.05020308	1.03467010	1.01638594	0.99295017	0.96357857	0.92811898	0.88188868	0.82084072	0.72121845	0.66338322	0.61406572	0.57324374	0.53970164	0.51130377	0.48753198	0.46772826	0.44989164	0.43220742	0.41497876	0.39868626	0.38323460	0.36862941	0.35486648	0.33864268
0.33495645	0.34644868	0.35896758	0.37258841	0.38764762	0.40441876	0.42265539	0.44222799	0.46230112	0.48225637	0.50420008	0.53053880	0.56205935	0.59892777	0.64585784	0.70693943	0.80596237	0.86260742	0.91015688	0.94864974	0.97932451	1.00434137	1.02420177	1.03955213	1.05235853	1.06440826	1.07540619	1.08487824	1.09293441	1.09954176	1.10464796	1.10819813	1.11000121	1.10986018	1.10771645	1.10354801	1.09703437	1.08793094	1.07650595	1.06291761	1.04803624	1.03252150	1.01426387	0.99086208	0.96153121	0.92611829	0.87994098	0.81895270	0.71939673	0.66163423	0.61239438	0.57165334	0.53819427	0.50988033	0.48619247	0.46647199	0.44871679	0.43111126	0.41395899	0.39774115	0.38236305	0.36783095	0.35413961	0.33798902
0.33394610	0.34536495	0.35780960	0.37135654	0.38634425	0.40304778	0.42121712	0.44071872	0.46071424	0.48058228	0.50242775	0.52865640	0.56005329	0.59678352	0.64356385	0.70448785	0.80334787	0.85982772	0.90721382	0.94554906	0.97607684	1.00096161	1.02070412	1.03594931	1.04866288	1.06063111	1.07155760	1.08096702	1.08896716	1.09552320	1.10058374	1.10409502	1.10586726	1.10570472	1.10354801	1.09937436	1.09286247	1.08376720	1.07235952	1.05880062	1.04396295	1.02850833	1.01032814	0.98702144	0.95780433	0.92252418	0.87649563	0.81566845	0.71628349	0.65869900	0.60963975	0.56907767	0.53579095	0.50763841	0.48410154	0.46452302	0.44690095	0.42942053	0.41238699	0.39628301	0.38101654	0.36659616	0.35301483	0.33697705
0.33258885	0.34390167	0.35623764	0.36967503	0.38455447	0.40115252	0.41921518	0.43860372	0.45847880	0.47821702	0.49991412	0.52596778	0.55715226	0.59362437	0.64011316	0.70072714	0.79926962	0.85543655	0.90252255	0.94057706	0.97085500	0.99552990	1.01509689	1.03019348	1.04277928	1.05463379	1.06545981	1.07478200	1.08270501	1.08919170	1.09419176	1.09765282	1.09938717	1.09920126	1.09703437	1.09286247	1.08636384	1.07729318	1.06592424	1.05242189	1.03765850	1.02229664	1.00423622	0.98108390	0.95206568	0.91703645	0.87129840	0.81078619	0.71172978	0.65447534	0.60573887	0.56548521	0.53248074	0.50457494	0.48125501	0.46187127	0.44442787	0.42711691	0.41024508	0.39429570	0.37918079	0.36491207	0.35148025	0.33559626
0.33088053	0.34205392	0.35424616	0.36753799	0.38227181	0.39872537	0.41664099	0.43587411	0.45558832	0.47516056	0.49666499	0.52247921	0.55335231	0.58942093	0.63544114	0.69555405	0.79358585	0.84925760	0.89587713	0.93350325	0.96341190	0.98779253	1.00712682	1.02203571	1.03446355	1.04617382	1.05687008	1.06607966	1.07390361	1.08030284	1.08522789	1.08862747	1.09031687	1.09010553	1.08793094	1.08376720	1.07729318	1.06826413	1.05695592	1.04353729	1.02887617	1.01363311	0.99572893	0.97278979	0.94406582	0.90943121	0.86416073	0.80415611	0.70562445	0.64888679	0.60064508	0.56085399	0.52825835	0.50069128	0.47765377	0.45851327	0.44128934	0.42419049	0.40752369	0.39177066	0.37684843	0.36277199	0.34952972	0.33384125
0.32884606	0.33984942	0.35186469	0.36497543	0.37952621	0.39579624	0.41352263	0.43255316	0.45205379	0.47140106	0.49264485	0.51814053	0.54860886	0.58416416	0.62959369	0.68907639	0.78646555	0.84151210	0.88754104	0.92462392	0.95406255	0.97806614	0.99710062	1.01176717	1.02399257	1.03552157	1.04605751	1.05512965	1.06283342	1.06912613	1.07395992	1.07728561	1.07892250	1.07868422	1.07650595	1.07235952	1.06592424	1.05695592	1.04573376	1.03243188	1.01791401	1.00283912	0.98515156	0.96249915	0.93415918	0.90002723	0.85534628	0.79597975	0.69810750	0.64202063	0.59440287	0.55519520	0.52311583	0.49597758	0.47329770	0.45446414	0.43751438	0.42067622	0.40425819	0.38874129	0.37404992	0.36020425	0.34718965	0.33173581
0.32651547	0.33732176	0.34912931	0.36202428	0.37635424	0.39240032	0.40989172	0.42866608	0.44788795	0.46693041	0.48782396	0.51290688	0.54287763	0.57783371	0.62258969	0.68135776	0.77801639	0.83234448	0.87768750	0.91413368	0.94301258	0.96655524	0.98521352	0.99957001	1.01153662	1.02284128	1.03318423	1.04209349	1.04965562	1.05582127	1.06054571	1.06378380	1.06536011	1.06509385	1.06291761	1.05880062	1.05242189	1.04353729	1.03243188	1.01928746	1.00496720	0.99013126	0.97274267	0.95046574	0.92259893	0.88905358	0.84504470	0.78640172	0.68927909	0.63393969	0.58704565	0.54852022	0.51705307	0.49043457	0.46819655	0.44974638	0.43313691	0.41661345	0.40048896	0.38524693	0.37082235	0.35724372	0.34449237	0.32930893
0.32391308	0.33449746	0.34606819	0.35871366	0.37278777	0.38857600	0.40579244	0.42425887	0.44312457	0.46174890	0.48216818	0.50672948	0.53613786	0.57049925	0.61463277	0.67275647	0.76875240	0.82240475	0.86707931	0.90288488	0.93117009	0.95418331	0.97237659	0.98632898	0.99795573	1.00898483	1.01910485	1.02783184	1.03523686	1.04125670	1.04585314	1.04898956	1.05049732	1.05020308	1.04803624	1.04396295	1.03765850	1.02887617	1.01791401	1.00496720	0.99091199	0.97641998	0.95944760	0.93764982	0.91031736	0.87735216	0.83396376	0.77597488	0.67953595	0.62490421	0.57872027	0.54088575	0.51007041	0.48404661	0.46234652	0.44438187	0.42820277	0.41205533	0.39626532	0.38132945	0.36719973	0.35392018	0.34146538	0.32658542
0.32106639	0.33140684	0.34271387	0.35507744	0.36886289	0.38436375	0.40126860	0.41937547	0.43779718	0.45586375	0.47565768	0.49957611	0.52837588	0.56221007	0.60587125	0.66354427	0.75907121	0.81219586	0.85630353	0.89152911	0.91922557	0.94165119	0.95928126	0.97271578	0.98390322	0.99459922	1.00446804	1.01299747	1.02023403	1.02609040	1.03053970	1.03356004	1.03499141	1.03467010	1.03252150	1.02850833	1.02229664	1.01363311	1.00283912	0.99013126	0.97641998	0.96240389	0.94599253	0.92479023	0.89803486	0.86558033	0.82266163	0.76513368	0.66918627	0.61511649	0.56954427	0.53234416	0.50218063	0.47681557	0.45575831	0.43840038	0.42275935	0.40705463	0.39163720	0.37703313	0.36322009	0.35026770	0.33813998	0.32359332
0.31800251	0.32808186	0.33910210	0.35115358	0.36461163	0.37977662	0.39631109	0.41398903	0.43188604	0.44930245	0.46836737	0.49152794	0.51959674	0.55277911	0.59582479	0.65287071	0.74774228	0.80016704	0.84355237	0.87806123	0.90505143	0.92678953	0.94377284	0.95662058	0.96731197	0.97762799	0.98720697	0.99550730	1.00254840	1.00821698	1.01249863	1.01538793	1.01673459	1.01638594	1.01426387	1.01032814	1.00423622	0.99572893	0.98515156	0.97274267	0.95944760	0.94599253	0.93023960	0.90974284	0.88368330	0.85186195	0.80955530	0.75266511	0.65739686	0.60406321	0.55926090	0.52283572	0.49344635	0.46884593	0.44852190	0.43184718	0.41680918	0.40160298	0.38660584	0.37237403	0.35891265	0.34631850	0.33454527	0.32035770
0.31474750	0.32455329	0.33526748	0.34697923	0.36006609	0.37482906	0.39091401	0.40807810	0.42537967	0.44210443	0.46038718	0.48267886	0.50982327	0.54206390	0.58404768	0.63981839	0.73334046	0.78448505	0.82669160	0.86015221	0.88621632	0.90712943	0.92339490	0.93563315	0.94581656	0.95571776	0.96495910	0.97298351	0.97978745	0.98523802	0.98933087	0.99207407	0.99332751	0.99295017	0.99086208	0.98702144	0.98108390	0.97278979	0.96249915	0.95046574	0.93764982	0.92479023	0.90974284	0.89005771	0.86488377	0.83398329	0.79273415	0.73713013	0.64323626	0.59122057	0.54764694	0.51233169	0.48394096	0.46024858	0.44073576	0.42477453	0.41035961	0.39569535	0.38117458	0.36736935	0.35430711	0.34210477	0.33071006	0.31690328
0.31133450	0.32086023	0.33125385	0.34260107	0.35526633	0.36953939	0.38507025	0.40161555	0.41825944	0.43430427	0.45180863	0.47315249	0.49908025	0.52975057	0.56995331	0.62389653	0.71557008	0.76488230	0.80534243	0.83719475	0.86189932	0.88179369	0.89730590	0.90896721	0.91868023	0.92814462	0.93698873	0.94467148	0.95117836	0.95637300	0.96025452	0.96283604	0.96398734	0.96357857	0.96153121	0.95780433	0.95206568	0.94406582	0.93415918	0.92259893	0.91031736	0.89803486	0.88368330	0.86488377	0.84088395	0.81153049	0.77205687	0.71829139	0.62627175	0.57612725	0.53435173	0.50070949	0.47375532	0.45117069	0.43251159	0.41723897	0.40341763	0.38932549	0.37534804	0.36204091	0.34944049	0.33766677	0.32667065	0.31326133
0.30779399	0.31703847	0.32710142	0.33806244	0.35025118	0.36392939	0.37878187	0.39458883	0.41052298	0.42594809	0.44273105	0.46308695	0.48742144	0.51557154	0.55305254	0.60482372	0.69448077	0.74156231	0.77969164	0.80918681	0.83189444	0.85052923	0.86529248	0.87645948	0.88578329	0.89480144	0.90318017	0.91044049	0.91657595	0.92147107	0.92511836	0.92752275	0.92856303	0.92811898	0.92611829	0.92252418	0.91703645	0.90943121	0.90002723	0.88905358	0.87735216	0.86558033	0.85186195	0.83398329	0.81153049	0.78467137	0.74791273	0.69633023	0.60635337	0.55847888	0.51908711	0.48786933	0.46299333	0.44176305	0.42396043	0.40930132	0.39600027	0.38249730	0.36913770	0.35641353	0.34434961	0.33304319	0.32246165	0.30946161
0.30413500	0.31309587	0.32281897	0.33337574	0.34504633	0.35805305	0.37213598	0.38711417	0.40229336	0.41713466	0.43321290	0.45244011	0.47494981	0.50035679	0.53425204	0.58175337	0.66691692	0.70980741	0.74430844	0.77091106	0.79149356	0.80872699	0.82265467	0.83336490	0.84235294	0.85091312	0.85877649	0.86555762	0.87126999	0.87583427	0.87923037	0.88144621	0.88236957	0.88188868	0.87994098	0.87649563	0.87129840	0.86416073	0.85534628	0.84504470	0.83396376	0.82266163	0.80955530	0.79273415	0.77205687	0.74791273	0.71473201	0.66742988	0.58197314	0.53832912	0.50261950	0.47436324	0.45169670	0.43196665	0.41511239	0.40103472	0.38820649	0.37531017	0.36262350	0.35054232	0.33906723	0.32825614	0.31810167	0.30552049
0.30036400	0.30903708	0.31841174	0.32855019	0.33967663	0.35196897	0.36523073	0.37932491	0.39371210	0.40797456	0.42331930	0.44118597	0.46180570	0.48499959	0.51460579	0.55413625	0.63008050	0.66535677	0.69430768	0.71774507	0.73660342	0.75240520	0.76532411	0.77556421	0.78423541	0.79232311	0.79964284	0.80591641	0.81118090	0.81539758	0.81853261	0.82055330	0.82135740	0.82084072	0.81895270	0.81566845	0.81078619	0.80415611	0.79597975	0.78640172	0.77597488	0.76513368	0.75266511	0.73713013	0.71829139	0.69633023	0.66742988	0.62810844	0.55189766	0.51590700	0.48580187	0.46078050	0.43992428	0.42172694	0.40599747	0.39251769	0.38014721	0.36787564	0.35589391	0.34448660	0.33362664	0.32332670	0.31360810	0.30145323
0.29649055	0.30487092	0.31388951	0.32359883	0.33416652	0.34572557	0.35814266	0.37132424	0.38488727	0.39853776	0.41310524	0.42952092	0.44821319	0.46933279	0.49440927	0.52470288	0.55577091	0.58266386	0.60585423	0.62612519	0.64333100	0.65768413	0.66953591	0.67926976	0.68759807	0.69519520	0.70196024	0.70771884	0.71252977	0.71639262	0.71926116	0.72108342	0.72176790	0.72121845	0.71939673	0.71628349	0.71172978	0.70562445	0.69810750	0.68927909	0.67953595	0.66918627	0.65739686	0.64323626	0.62627175	0.60635337	0.58197314	0.55189766	0.52058940	0.49302084	0.46873060	0.44694552	0.42782872	0.41118216	0.39663739	0.38379331	0.37190870	0.36028222	0.34901884	0.33829482	0.32805712	0.31827503	0.30899815	0.29727511
0.29252284	0.30060452	0.30926029	0.31853326	0.32854004	0.33937297	0.35095271	0.36322255	0.37593592	0.38890269	0.40263450	0.41765435	0.43442085	0.45323803	0.47407348	0.49672216	0.51939358	0.54019883	0.55918668	0.57658075	0.59188552	0.60479135	0.61563486	0.62480389	0.63271819	0.63980392	0.64602193	0.65128059	0.65565282	0.65916714	0.66176900	0.66339345	0.66396030	0.66338322	0.66163423	0.65869900	0.65447534	0.64888679	0.64202063	0.63393969	0.62490421	0.61511649	0.60406321	0.59122057	0.57612725	0.55847888	0.53832912	0.51590700	0.49302084	0.47157834	0.45154442	0.43270576	0.41557640	0.40047912	0.38705990	0.37491015	0.36358266	0.35262291	0.34207117	0.33201694	0.32238831	0.31312103	0.30428856	0.29300097
0.28847504	0.29625306	0.30454247	0.31337759	0.32283126	0.33296076	0.34373023	0.35511241	0.36697357	0.37920700	0.39206907	0.40578211	0.42069522	0.43709569	0.45423745	0.47128914	0.48816992	0.50475636	0.52063421	0.53546861	0.54882455	0.56033968	0.57023644	0.57880213	0.58625071	0.59281883	0.59850974	0.60329424	0.60725223	0.61043221	0.61277497	0.61420849	0.61466384	0.61406572	0.61239438	0.60963975	0.60573887	0.60064508	0.59440287	0.58704565	0.57872027	0.56954427	0.55926090	0.54764694	0.53435173	0.51908711	0.50261950	0.48580187	0.46873060	0.45154442	0.43467306	0.41846237	0.40336640	0.38975990	0.37740240	0.36598354	0.35526291	0.34497490	0.33511418	0.32570448	0.31666207	0.30789903	0.29950778	0.28865446
0.28436188	0.29183266	0.29975547	0.30815678	0.31707343	0.32653380	0.33653528	0.34707306	0.35810251	0.36958130	0.38156938	0.39409502	0.40727970	0.42122254	0.43539028	0.44921342	0.46288051	0.47655674	0.48985736	0.50242771	0.51396314	0.52418861	0.53320213	0.54115225	0.54810951	0.55416946	0.55936290	0.56370630	0.56728089	0.57014795	0.57224627	0.57350150	0.57385526	0.57324374	0.57165334	0.56907767	0.56548521	0.56085399	0.55519520	0.54852022	0.54088575	0.53234416	0.52283572	0.51233169	0.50070949	0.48786933	0.47436324	0.46078050	0.44694552	0.43270576	0.41846237	0.40458194	0.39138803	0.37916783	0.36780445	0.35712489	0.34703284	0.33740412	0.32820256	0.31940385	0.31091833	0.30264271	0.29468384	0.28425888
0.28019374	0.28735356	0.29491204	0.30288928	0.31129772	0.32014594	0.32944989	0.33921659	0.34945642	0.36016599	0.37128306	0.38273423	0.39442773	0.40625931	0.41820423	0.43022190	0.44217017	0.45389337	0.46520894	0.47594029	0.48592191	0.49501270	0.50320946	0.51053761	0.51698447	0.52255761	0.52729954	0.53125144	0.53448887	0.53707605	0.53895356	0.54005007	0.54031695	0.53970164	0.53819427	0.53579095	0.53248074	0.52825835	0.52311583	0.51705307	0.51007041	0.50218063	0.49344635	0.48394096	0.47375532	0.46299333	0.45169670	0.43992428	0.42782872	0.41557640	0.40336640	0.39138803	0.37982503	0.36883069	0.35838857	0.34844841	0.33899786	0.33000173	0.32140951	0.31317079	0.30519799	0.29738359	0.28984253	0.27983566
0.27598156	0.28282699	0.29002588	0.29759382	0.30553308	0.31384353	0.32254213	0.33163482	0.34114655	0.35108402	0.36134303	0.37181288	0.38234552	0.39279003	0.40322065	0.41370865	0.42412446	0.43433053	0.44420082	0.45360480	0.46243214	0.47058573	0.47802667	0.48473557	0.49066464	0.49578381	0.50013273	0.50375493	0.50671277	0.50906221	0.51075002	0.51171315	0.51191187	0.51130377	0.50988033	0.50763841	0.50457494	0.50069128	0.49597758	0.49043457	0.48404661	0.47681557	0.46884593	0.46024858	0.45117069	0.44176305	0.43196665	0.42172694	0.41118216	0.40047912	0.38975990	0.37916783	0.36883069	0.35885748	0.34926749	0.34005567	0.33124594	0.32284226	0.31479560	0.30705278	0.29953764	0.29215077	0.28500789	0.27540493
0.27174093	0.27827145	0.28511733	0.29229127	0.29979551	0.30762928	0.31579866	0.32429985	0.33314460	0.34232972	0.35176530	0.36135300	0.37098022	0.38053586	0.39000340	0.39936803	0.40861538	0.41772586	0.42657722	0.43504223	0.44301482	0.45039369	0.45714604	0.46325579	0.46867612	0.47337590	0.47738209	0.48072537	0.48345056	0.48559835	0.48712423	0.48797666	0.48812372	0.48753198	0.48619247	0.48410154	0.48125501	0.47765377	0.47329770	0.46819655	0.46234652	0.45575831	0.44852190	0.44073576	0.43251159	0.42396043	0.41511239	0.40599747	0.39663739	0.38705990	0.37740240	0.36780445	0.35838857	0.34926749	0.34045506	0.33194393	0.32375862	0.31590600	0.30834944	0.30104892	0.29394552	0.28695601	0.28019178	0.27097787
0.26748746	0.27370557	0.28020655	0.28700141	0.29409800	0.30149938	0.30919516	0.31716776	0.32540191	0.33387424	0.34253920	0.35134449	0.36023259	0.36914258	0.37801339	0.38678014	0.39540621	0.40385031	0.41201109	0.41978863	0.42708401	0.43380652	0.43994102	0.44548659	0.45042165	0.45473590	0.45843867	0.46154017	0.46406667	0.46604077	0.46742760	0.46818797	0.46829678	0.46772826	0.46647199	0.46452302	0.46187127	0.45851327	0.45446414	0.44974638	0.44438187	0.43840038	0.43184718	0.42477453	0.41723897	0.40930132	0.40103472	0.39251769	0.38379331	0.37491015	0.36598354	0.35712489	0.34844841	0.34005567	0.33194393	0.32409220	0.31650160	0.30916023	0.30204960	0.29515098	0.28842480	0.28180747	0.27540335	0.26656368
