0.23455618	0.23853823	0.24259008	0.24670757	0.25088561	0.25511796	0.25939652	0.26371181	0.26805387	0.27241131	0.27676925	0.28111137	0.28542160	0.28968260	0.29387389	0.29797423	0.30196264	0.30581790	0.30951922	0.31304633	0.31637874	0.31949700	0.32238492	0.32502776	0.32741091	0.32952139	0.33134910	0.33288554	0.33412333	0.33505667	0.33568119	0.33599397	0.33599384	0.33568103	0.33505673	0.33412356	0.33288577	0.33134913	0.32952113	0.32741090	0.32502844	0.32238536	0.31949647	0.31637814	0.31304670	0.30951972	0.30581773	0.30196194	0.29797348	0.29387367	0.28968315	0.28542201	0.28111071	0.27676868	0.27241181	0.26805461	0.26371170	0.25939620	0.25511808	0.25088592	0.24670769	0.24259005	0.23853816	0.23455617
0.23853823	0.24273555	0.24701497	0.25137276	0.25580405	0.26030269	0.26486064	0.26946824	0.27411505	0.27878886	0.28347377	0.28815204	0.29280588	0.29741589	0.30195870	0.30640995	0.31074534	0.31494027	0.31897085	0.32281387	0.32644585	0.32984463	0.33299217	0.33587223	0.33846878	0.34076772	0.34275815	0.34443097	0.34577831	0.34679405	0.34747360	0.34781392	0.34781377	0.34747344	0.34679411	0.34577855	0.34443123	0.34275821	0.34076747	0.33846878	0.33587293	0.33299258	0.32984398	0.32644525	0.32281454	0.31897158	0.31493998	0.31074431	0.30640893	0.30195843	0.29741661	0.29280654	0.28815142	0.28347313	0.27878928	0.27411576	0.26946819	0.26486036	0.26030279	0.25580434	0.25137291	0.24701496	0.24273545	0.23853818
0.24259008	0.24701497	0.25153590	0.25614980	0.26085217	0.26563708	0.27049677	0.27542167	0.28040083	0.28542121	0.29046591	0.29551576	0.30055080	0.30554902	0.31048385	0.31532738	0.32005130	0.32462693	0.32902666	0.33322374	0.33719126	0.34090393	0.34434160	0.34748624	0.35032033	0.35282860	0.35499941	0.35682317	0.35829158	0.35939823	0.36013844	0.36050913	0.36050900	0.36013829	0.35939827	0.35829181	0.35682347	0.35499952	0.35282833	0.35032031	0.34748698	0.34434200	0.34090320	0.33719063	0.33322464	0.32902754	0.32462653	0.32005003	0.31532622	0.31048358	0.30554979	0.30055158	0.29551522	0.29046529	0.28542152	0.28040145	0.27542169	0.27049659	0.26563714	0.26085240	0.25615001	0.25153595	0.24701482	0.24258997
0.24670757	0.25137276	0.25614980	0.26103656	0.26602911	0.27112194	0.27630787	0.28157758	0.28691980	0.29232072	0.29776232	0.30322376	0.30868230	0.31411261	0.31948463	0.32476659	0.32992550	0.33492784	0.33974158	0.34433567	0.34867933	0.35274380	0.35650634	0.35994681	0.36304593	0.36578708	0.36815807	0.37014903	0.37175133	0.37295835	0.37376544	0.37416963	0.37416952	0.37376532	0.37295834	0.37175156	0.37014942	0.36815822	0.36578670	0.36304583	0.35994770	0.35650688	0.35274304	0.34867854	0.34433648	0.33974239	0.33492744	0.32992434	0.32476571	0.31948451	0.31411315	0.30868282	0.30322322	0.29776183	0.29232102	0.28692041	0.28157766	0.27630772	0.27112191	0.26602926	0.26103687	0.25614994	0.25137253	0.24670736
0.25088561	0.25580405	0.26085217	0.26602911	0.27133177	0.27675532	0.28229358	0.28793790	0.29367690	0.29949615	0.30537669	0.31129606	0.31722833	0.32314430	0.32900965	0.33478787	0.34044002	0.34592651	0.35120974	0.35625344	0.36102211	0.36548286	0.36961012	0.37338159	0.37677622	0.37977614	0.38236888	0.38454464	0.38629457	0.38761203	0.38849261	0.38893360	0.38893354	0.38849254	0.38761195	0.38629477	0.38454514	0.38236912	0.37977561	0.37677601	0.37338265	0.36961084	0.36548205	0.36102113	0.35625421	0.35121050	0.34592606	0.34043894	0.33478730	0.32900972	0.32314455	0.31722858	0.31129556	0.30537639	0.29949640	0.29367745	0.28793809	0.28229351	0.27675517	0.27133180	0.26602955	0.26085242	0.25580371	0.25088525
0.25511796	0.26030269	0.26563708	0.27112194	0.27675532	0.28253343	0.28845166	0.29450264	0.30067529	0.30695487	0.31332206	0.31975316	0.32621908	0.33268636	0.33911516	0.34546259	0.35168168	0.35772456	0.36354646	0.36910442	0.37435698	0.37926625	0.38380392	0.38794591	0.39166970	0.39495667	0.39779451	0.40017391	0.40208610	0.40352463	0.40448562	0.40496691	0.40496694	0.40448565	0.40352442	0.40208622	0.40017457	0.39779491	0.39495602	0.39166937	0.38794707	0.38380472	0.37926528	0.37435588	0.36910557	0.36354744	0.35772394	0.35168023	0.34546197	0.33911536	0.33268651	0.32621939	0.31975285	0.31332191	0.30695488	0.30067563	0.29450301	0.28845177	0.28253315	0.27675519	0.27112253	0.26563748	0.26030222	0.25511739
0.25939652	0.26486064	0.27049677	0.27630787	0.28229358	0.28845166	0.29477976	0.30127249	0.30791974	0.31470705	0.32161532	0.32861988	0.33568820	0.34278196	0.34985440	0.35685456	0.36372509	0.37040752	0.37684777	0.38299426	0.38879838	0.39421633	0.39921695	0.40377458	0.40786564	0.41147135	0.41458013	0.41718382	0.41927418	0.42084533	0.42189428	0.42241960	0.42241973	0.42189441	0.42084499	0.41927422	0.41718465	0.41458071	0.41147054	0.40786518	0.40377585	0.39921785	0.39421519	0.38879713	0.38299586	0.37684896	0.37040671	0.36372321	0.35685385	0.34985477	0.34278199	0.33568861	0.32861976	0.32161534	0.31470682	0.30791984	0.30127306	0.29478007	0.28845124	0.28229326	0.27630863	0.27049735	0.26486002	0.25939574
0.26371181	0.26946824	0.27542167	0.28157758	0.28793790	0.29450264	0.30127249	0.30824477	0.31541148	0.32275947	0.33027057	0.33791952	0.34567046	0.35347971	0.36129227	0.36904728	0.37667328	0.38409720	0.39125235	0.39807559	0.40451024	0.41050637	0.41602992	0.42105409	0.42555490	0.42951420	0.43292205	0.43577225	0.43805777	0.43977389	0.44091882	0.44149211	0.44149234	0.44091904	0.43977342	0.43805774	0.43577323	0.43292277	0.42951318	0.42555430	0.42105555	0.41603107	0.41050516	0.40450878	0.39807729	0.39125342	0.38409648	0.37667124	0.36904670	0.36129302	0.35347932	0.34567070	0.33791948	0.33027081	0.32275920	0.31541148	0.30824550	0.30127287	0.29450209	0.28793743	0.28157851	0.27542238	0.26946748	0.26371083
0.26805387	0.27411505	0.28040083	0.28691980	0.29367690	0.30067529	0.30791974	0.31541148	0.32314621	0.33111355	0.33929802	0.34767503	0.35620583	0.36484100	0.37351453	0.38215208	0.39066351	0.39895647	0.40694708	0.41455662	0.42171840	0.42837519	0.43449072	0.44003838	0.44499521	0.44934538	0.45308181	0.45620154	0.45869959	0.46057306	0.46182198	0.46244717	0.46244752	0.46182231	0.46057245	0.45869946	0.45620267	0.45308269	0.44934410	0.44499450	0.44003998	0.43449215	0.42837390	0.42171665	0.41455857	0.40694790	0.39895585	0.39066136	0.38215167	0.37351566	0.36484009	0.35620602	0.34767499	0.33929847	0.33111328	0.32314607	0.31541238	0.30792017	0.30067461	0.29367628	0.28692090	0.28040167	0.27411415	0.26805270
0.27241131	0.27878886	0.28542121	0.29232072	0.29949615	0.30695487	0.31470705	0.32275947	0.33111355	0.33976389	0.34870064	0.35790239	0.36733045	0.37693016	0.38662473	0.39632254	0.40590288	0.41524060	0.42422662	0.43276111	0.44076648	0.44817999	0.45496533	0.46109860	0.46656085	0.47134066	0.47543611	0.47884853	0.48157655	0.48361945	0.48498021	0.48566103	0.48566165	0.48498057	0.48361877	0.48157613	0.47884991	0.47543709	0.47133930	0.46655993	0.46110029	0.45496682	0.44817859	0.44076459	0.43276331	0.42422762	0.41524080	0.40589939	0.39632119	0.38662684	0.37692925	0.36733050	0.35790262	0.34870115	0.33976351	0.33111310	0.32276060	0.31470757	0.30695409	0.29949536	0.29232195	0.28542220	0.27878787	0.27240991
0.27676925	0.28347377	0.29046591	0.29776232	0.30537669	0.31332206	0.32161532	0.33027057	0.33929802	0.34870064	0.35847884	0.36861828	0.37908529	0.38982276	0.40073663	0.41170705	0.42257488	0.43317223	0.44335160	0.45298221	0.46197309	0.47025606	0.47779919	0.48458626	0.49060653	0.49585656	0.50034228	0.50407063	0.50704591	0.50927036	0.51075091	0.51149095	0.51149187	0.51075114	0.50926980	0.50704515	0.50407224	0.50034315	0.49585532	0.49060544	0.48458789	0.47780072	0.47025451	0.46197110	0.45298526	0.44335178	0.43317249	0.42257157	0.41170614	0.40073862	0.38982121	0.37908594	0.36861867	0.35847902	0.34870045	0.33929725	0.33027182	0.32161580	0.31332131	0.30537587	0.29776354	0.29046691	0.28347278	0.27676780
0.28111137	0.28815204	0.29551576	0.30322376	0.31129606	0.31975316	0.32861988	0.33791952	0.34767503	0.35790239	0.36861828	0.37982136	0.39149348	0.40358336	0.41597599	0.42851059	0.44097595	0.45314312	0.46479130	0.47573213	0.48587147	0.49515013	0.50354674	0.51105917	0.51769146	0.52345256	0.52835952	0.53242628	0.53566548	0.53808320	0.53969131	0.54049387	0.54049510	0.53969109	0.53808310	0.53566438	0.53242807	0.52835987	0.52345171	0.51769026	0.51106063	0.50354827	0.49514893	0.48586984	0.47573319	0.46478777	0.45315727	0.44100469	0.42854164	0.41599106	0.40357890	0.39149222	0.37982205	0.36861800	0.35790298	0.34767417	0.33792064	0.32861998	0.31975263	0.31129547	0.30322475	0.29551652	0.28815122	0.28111018
0.28542160	0.29280588	0.30055080	0.30868230	0.31722833	0.32621908	0.33568820	0.34567046	0.35620583	0.36733045	0.37908529	0.39149348	0.40457405	0.41830064	0.43256239	0.44716689	0.46176223	0.47595805	0.48944277	0.50197695	0.51347053	0.52388899	0.53323903	0.54154850	0.54884438	0.55515490	0.56051130	0.56493658	0.56845386	0.57107527	0.57281743	0.57368540	0.57368655	0.57281662	0.57107583	0.56845278	0.56493806	0.56051086	0.55515480	0.54884343	0.54154940	0.53324035	0.52388732	0.51347050	0.50197881	0.48943799	0.47596654	0.46175591	0.44716194	0.43257036	0.41829638	0.40457455	0.39149484	0.37908312	0.36733225	0.35620535	0.34567096	0.33568765	0.32621910	0.31722840	0.30868266	0.30055094	0.29280558	0.28542116
0.28968260	0.29741589	0.30554902	0.31411261	0.32314430	0.33268636	0.34278196	0.35347971	0.36484100	0.37693016	0.38982276	0.40358336	0.41830064	0.43400646	0.45066638	0.46810656	0.48564513	0.50249611	0.51826378	0.53273151	0.54582003	0.55753042	0.56793021	0.57710328	0.58510915	0.59200285	0.59783282	0.60263335	0.60643993	0.60927357	0.61115480	0.61209040	0.61209087	0.61115333	0.60927495	0.60643936	0.60263380	0.59783139	0.59200403	0.58510902	0.57710304	0.56793095	0.55752581	0.54582294	0.53274646	0.51826875	0.50242783	0.48539261	0.46785323	0.45059543	0.43401408	0.41831641	0.40358550	0.38981551	0.37693350	0.36484155	0.35347894	0.34278056	0.33268739	0.32314552	0.31411177	0.30554806	0.29741656	0.28968350
0.29387389	0.30195870	0.31048385	0.31948463	0.32900965	0.33911516	0.34985440	0.36129227	0.37351453	0.38662473	0.40073663	0.41597599	0.43256239	0.45066638	0.47049731	0.49206714	0.51416477	0.53514616	0.55421669	0.57107987	0.58593328	0.59906456	0.61060425	0.62069546	0.62944763	0.63695119	0.64327206	0.64846117	0.65256439	0.65561742	0.65764049	0.65864626	0.65864473	0.65763922	0.65561883	0.65256564	0.64845919	0.64327037	0.63695320	0.62944941	0.62069378	0.61060306	0.59906307	0.58594756	0.57105158	0.55421935	0.53523543	0.51408192	0.49197954	0.47058218	0.45067341	0.43253886	0.41598560	0.40073079	0.38662783	0.37351758	0.36128958	0.34985214	0.33911748	0.32901242	0.31948223	0.31048146	0.30196064	0.29387656
0.29797423	0.30640995	0.31532738	0.32476659	0.33478787	0.34546259	0.35685456	0.36904728	0.38215208	0.39632254	0.41170705	0.42851059	0.44716689	0.46810656	0.49206714	0.51988756	0.55016779	0.57791155	0.60181522	0.62159413	0.63827819	0.65291652	0.66566885	0.67671432	0.68623662	0.69436780	0.70118916	0.70677589	0.71117896	0.71445664	0.71662200	0.71770058	0.71769515	0.71662257	0.71445645	0.71118391	0.70676962	0.70118875	0.69436937	0.68624179	0.67671128	0.66566337	0.65293252	0.63831935	0.62140016	0.60177735	0.57868990	0.55129841	0.52100742	0.49284084	0.46807332	0.44698370	0.42854111	0.41171845	0.39632157	0.38215979	0.36904207	0.35685162	0.34546628	0.33479240	0.32476249	0.31532340	0.30641327	0.29797888
0.30196264	0.31074534	0.32005130	0.32992550	0.34044002	0.35168168	0.36372509	0.37667328	0.39066351	0.40590288	0.42257488	0.44097595	0.46176223	0.48564513	0.51416477	0.55016779	0.61916556	0.65546532	0.68462907	0.70747863	0.72604430	0.74222018	0.75620436	0.76821385	0.77851158	0.78727373	0.79459680	0.80058235	0.80528511	0.80878797	0.81109515	0.81224698	0.81223722	0.81109803	0.80878572	0.80529421	0.80057133	0.79459811	0.78727453	0.77852048	0.76820946	0.75619418	0.74225544	0.72611029	0.70710619	0.68458487	0.65696343	0.62140212	0.55238711	0.51565842	0.48560536	0.46140706	0.44102483	0.42260573	0.40589698	0.39067636	0.37666543	0.36372160	0.35168672	0.34044633	0.32991969	0.32004575	0.31075004	0.30196928
0.30581790	0.31494027	0.32462693	0.33492784	0.34592651	0.35772456	0.37040752	0.38409720	0.39895647	0.41524060	0.43317223	0.45314312	0.47595805	0.50249611	0.53514616	0.57791155	0.65546532	0.69811477	0.73153407	0.75717760	0.77764007	0.79531955	0.81049706	0.82345160	0.83451094	0.84389260	0.85171000	0.85808743	0.86308633	0.86681001	0.86925769	0.87048092	0.87046788	0.86926207	0.86680651	0.86309852	0.85807273	0.85171227	0.84389329	0.83452273	0.82344587	0.81048359	0.79536325	0.77771138	0.75672349	0.73158942	0.69986259	0.65755068	0.57997440	0.53688907	0.50255633	0.47552649	0.45319210	0.43321108	0.41523182	0.39897323	0.38408708	0.37040350	0.35773084	0.34593442	0.33492046	0.32461993	0.31494622	0.30582636
0.30951922	0.31897085	0.32902666	0.33974158	0.35120974	0.36354646	0.37684777	0.39125235	0.40694708	0.42422662	0.44335160	0.46479130	0.48944277	0.51826378	0.55421669	0.60181522	0.68462907	0.73153407	0.76813816	0.79615585	0.81838811	0.83747196	0.85377073	0.86762680	0.87941746	0.88939534	0.89769131	0.90444760	0.90973494	0.91367200	0.91625708	0.91754884	0.91753371	0.91626203	0.91366813	0.90974905	0.90443043	0.89769372	0.88939650	0.87943118	0.86761985	0.85375533	0.83751771	0.81845725	0.79567738	0.76830003	0.73329517	0.68616077	0.60332060	0.55597173	0.51843165	0.48899066	0.46483432	0.44339138	0.42421701	0.40696644	0.39124046	0.37684311	0.36355384	0.35121903	0.33973282	0.32901841	0.31897791	0.30952925
0.31304633	0.32281387	0.33322374	0.34433567	0.35625344	0.36910442	0.38299426	0.39807559	0.41455662	0.43276111	0.45298221	0.47573213	0.50197695	0.53273151	0.57107987	0.62159413	0.70747863	0.75717760	0.79615585	0.82609407	0.84986389	0.87020369	0.88752592	0.90221924	0.91469611	0.92523621	0.93398730	0.94110371	0.94666792	0.95080800	0.95352573	0.95488217	0.95486626	0.95353021	0.95080478	0.94668268	0.94108544	0.93398888	0.92523837	0.91471071	0.90221135	0.88750974	0.87024971	0.84993590	0.82560680	0.79633244	0.75895673	0.70891599	0.62300297	0.57285104	0.53291600	0.50151826	0.47577584	0.45302036	0.43275259	0.41457724	0.39806246	0.38298872	0.36911273	0.35626385	0.34432580	0.33321446	0.32282185	0.31305763
0.31637874	0.32644585	0.33719126	0.34867933	0.36102211	0.37435698	0.38879838	0.40451024	0.42171840	0.44076648	0.46197309	0.48587147	0.51347053	0.54582003	0.58593328	0.63827819	0.72604430	0.77764007	0.81838811	0.84986389	0.87494294	0.89638151	0.91461866	0.93007374	0.94318233	0.95424348	0.96341961	0.97087343	0.97669889	0.98102973	0.98387312	0.98529035	0.98527444	0.98387677	0.98102745	0.97671356	0.97085489	0.96342013	0.95424666	0.94319717	0.93006516	0.91460234	0.89642684	0.87501856	0.84937822	0.81854252	0.77942530	0.72756280	0.63976716	0.58770872	0.54598417	0.51301445	0.48591781	0.46200872	0.44075962	0.42173934	0.40449642	0.38879205	0.37436596	0.36103327	0.34866869	0.33718126	0.32645449	0.31639091
0.31949700	0.32984463	0.34090393	0.35274380	0.36548286	0.37926625	0.39421633	0.41050637	0.42837519	0.44817999	0.47025606	0.49515013	0.52388899	0.55753042	0.59906456	0.65291652	0.74222018	0.79531955	0.83747196	0.87020369	0.89638151	0.91876522	0.93780678	0.95394190	0.96762122	0.97915696	0.98872262	0.99648800	1.00255556	1.00706341	1.01002342	1.01149765	1.01148193	1.01002660	1.00706163	1.00256999	0.99646947	0.98872260	0.97916069	0.96763609	0.95393292	0.93779024	0.91881040	0.89645800	0.86971893	0.83762227	0.79710537	0.74374496	0.65441146	0.60083964	0.55769140	0.52343413	0.49519704	0.47029060	0.44817383	0.42839603	0.41049232	0.39420964	0.37927556	0.36549432	0.35273282	0.34089360	0.32985354	0.31950956
0.32238492	0.33299217	0.34434160	0.35650634	0.36961012	0.38380392	0.39921695	0.41602992	0.43449072	0.45496533	0.47779919	0.50354674	0.53323903	0.56793021	0.61060425	0.66566885	0.75620436	0.81049706	0.85377073	0.88752592	0.91461866	0.93780678	0.95754635	0.97428023	0.98846778	1.00042966	1.01034725	1.01839622	1.02468494	1.02935478	1.03242149	1.03394837	1.03393290	1.03242452	1.02935314	1.02469909	1.01837786	1.01034709	1.00043351	0.98848254	0.97427113	0.95752974	0.93785208	0.91469483	0.88704098	0.85392296	0.81228525	0.75772135	0.66715615	0.61238147	0.56809334	0.53278385	0.50359351	0.47783363	0.45495933	0.43451129	0.41601596	0.39921018	0.38381329	0.36962158	0.35649532	0.34433123	0.33300110	0.32239750
0.32502776	0.33587223	0.34748624	0.35994681	0.37338159	0.38794591	0.40377458	0.42105409	0.44003838	0.46109860	0.48458626	0.51105917	0.54154850	0.57710328	0.62069546	0.67671432	0.76821385	0.82345160	0.86762680	0.90221924	0.93007374	0.95394190	0.97428023	0.99153468	1.00616890	1.01850807	1.02873919	1.03704247	1.04353022	1.04834611	1.05150906	1.05308368	1.05306850	1.05151209	1.04834444	1.04354409	1.03702440	1.02873908	1.01851179	1.00618341	0.99152578	0.97426385	0.95398715	0.93014960	0.90173455	0.86777870	0.82524004	0.76973065	0.67820188	0.62247308	0.57726594	0.54109312	0.51110608	0.48462079	0.46109266	0.44005871	0.42104034	0.40376784	0.38795514	0.37339288	0.35993596	0.34747602	0.33588103	0.32504012
0.32741091	0.33846878	0.35032033	0.36304593	0.37677622	0.39166970	0.40786564	0.42555490	0.44499521	0.46656085	0.49060653	0.51769146	0.54884438	0.58510915	0.62944763	0.68623662	0.77851158	0.83451094	0.87941746	0.91469611	0.94318233	0.96762122	0.98846778	1.00616890	1.02118955	1.03385763	1.04436348	1.05289105	1.05955477	1.06450029	1.06774856	1.06936584	1.06935081	1.06775177	1.06449839	1.05956850	1.05287318	1.04436361	1.03386101	1.02120388	1.00616020	0.98845176	0.96766631	0.94325787	0.91421168	0.87956918	0.83629946	0.78002820	0.68772441	0.63122577	0.58527117	0.54838886	0.51773846	0.49064136	0.46655481	0.44501532	0.42554141	0.40785904	0.39167872	0.37678727	0.36303531	0.35031034	0.33847740	0.32742296
0.32952139	0.34076772	0.35282860	0.36578708	0.37977614	0.39495667	0.41147135	0.42951420	0.44934538	0.47134066	0.49585656	0.52345256	0.55515490	0.59200285	0.63695119	0.69436780	0.78727373	0.84389260	0.88939534	0.92523621	0.95424348	0.97915696	1.00042966	1.01850807	1.03385763	1.04680739	1.05754986	1.06627131	1.07308772	1.07814600	1.08146870	1.08312317	1.08310829	1.08147202	1.07814395	1.07310130	1.06625362	1.05755018	1.04681062	1.03387181	1.01849947	1.00041373	0.97920191	0.95431891	0.92475218	0.88954722	0.84568125	0.78878966	0.69585528	0.63872982	0.59216468	0.55469939	0.52349983	0.49589160	0.47133436	0.44936520	0.42950094	0.41146495	0.39496555	0.37978698	0.36577663	0.35281878	0.34077618	0.32953319
0.33134910	0.34275815	0.35499941	0.36815807	0.38236888	0.39779451	0.41458013	0.43292205	0.45308181	0.47543611	0.50034228	0.52835952	0.56051130	0.59783282	0.64327206	0.70118916	0.79459680	0.85171000	0.89769131	0.93398730	0.96341961	0.98872262	1.01034725	1.02873919	1.04436348	1.05754986	1.06849197	1.07737764	1.08432370	1.08947806	1.09286421	1.09455045	1.09453566	1.09286766	1.08947586	1.08433721	1.07736006	1.06849246	1.05755297	1.04437757	1.02873062	1.01033139	0.98876742	0.96349492	0.93350378	0.89784333	0.85349827	0.79611254	0.70267673	0.64505063	0.59799448	0.56005602	0.52840696	0.50037749	0.47542958	0.45310138	0.43290897	0.41457391	0.39780327	0.38237954	0.36814777	0.35498973	0.34276649	0.33136072
0.33288554	0.34443097	0.35682317	0.37014903	0.38454464	0.40017391	0.41718382	0.43577225	0.45620154	0.47884853	0.50407063	0.53242628	0.56493658	0.60263335	0.64846117	0.70677589	0.80058235	0.85808743	0.90444760	0.94110371	0.97087343	0.99648800	1.01839622	1.03704247	1.05289105	1.06627131	1.07737764	1.08639874	1.09345206	1.09868601	1.10212485	1.10383742	1.10382271	1.10212835	1.09868374	1.09346551	1.08638130	1.07737821	1.06627428	1.05290501	1.03703408	1.01838052	0.99653277	0.97094859	0.94062008	0.90459958	0.85987594	0.80209791	0.70826356	0.65024021	0.60279473	0.56448092	0.53247384	0.50410605	0.47884191	0.45622101	0.43575931	0.41717771	0.40018252	0.38455514	0.37013888	0.35681362	0.34443918	0.33289699
0.33412333	0.34577831	0.35829158	0.37175133	0.38629457	0.40208610	0.41927418	0.43805777	0.45869959	0.48157655	0.50704591	0.53566548	0.56845386	0.60643993	0.65256439	0.71117896	0.80528511	0.86308633	0.90973494	0.94666792	0.97669889	1.00255556	1.02468494	1.04353022	1.05955477	1.07308772	1.08432370	1.09345206	1.10059044	1.10588764	1.10936836	1.11110191	1.11108723	1.10937193	1.10588529	1.10060388	1.09343469	1.08432436	1.07309054	1.05956865	1.04352194	1.02466940	1.00260031	0.97677386	0.94618433	0.90988683	0.86487456	0.80680103	0.71266719	0.65434338	0.60660097	0.56799804	0.53571305	0.50708155	0.48156986	0.45871897	0.43804494	0.41926816	0.40209458	0.38630494	0.37174129	0.35828214	0.34578642	0.33413463
0.33505667	0.34679405	0.35939823	0.37295835	0.38761203	0.40352463	0.42084533	0.43977389	0.46057306	0.48361945	0.50927036	0.53808320	0.57107527	0.60927357	0.65561742	0.71445664	0.80878797	0.86681001	0.91367200	0.95080800	0.98102973	1.00706341	1.02935478	1.04834611	1.06450029	1.07814600	1.08947806	1.09868601	1.10588764	1.11123184	1.11474374	1.11649291	1.11647831	1.11474736	1.11122943	1.10590099	1.09866872	1.08947879	1.07814881	1.06451407	1.04833781	1.02933920	1.00710814	0.98110476	0.95032449	0.91382398	0.86859839	0.81030349	0.71594469	0.65739674	0.60943453	0.57061932	0.53813104	0.50930616	0.48361254	0.46059222	0.43976116	0.42083947	0.40353303	0.38762228	0.37294839	0.35938889	0.34680209	0.33506785
0.33568119	0.34747360	0.36013844	0.37376544	0.38849261	0.40448562	0.42189428	0.44091882	0.46182198	0.48498021	0.51075091	0.53969131	0.57281743	0.61115480	0.65764049	0.71662200	0.81109515	0.86925769	0.91625708	0.95352573	0.98387312	1.01002342	1.03242149	1.05150906	1.06774856	1.08146870	1.09286421	1.10212485	1.10936836	1.11474374	1.11827628	1.12003586	1.12002130	1.11827997	1.11474125	1.10938167	1.10210759	1.09286504	1.08147149	1.06776231	1.05150068	1.03240588	1.01006813	0.98394817	0.95304250	0.91640912	0.87104572	0.81261077	0.71811026	0.65941962	0.61131568	0.57236163	0.53973929	0.51078683	0.48497312	0.46184092	0.44090618	0.42188855	0.40449397	0.38850276	0.37375552	0.36012916	0.34748160	0.33569230
0.33599397	0.34781392	0.36050913	0.37416963	0.38893360	0.40496691	0.42241960	0.44149211	0.46244717	0.48566103	0.51149095	0.54049387	0.57368540	0.61209040	0.65864626	0.71770058	0.81224698	0.87048092	0.91754884	0.95488217	0.98529035	1.01149765	1.03394837	1.05308368	1.06936584	1.08312317	1.09455045	1.10383742	1.11110191	1.11649291	1.12003586	1.12180063	1.12178609	1.12003955	1.11649043	1.11111519	1.10382018	1.09455126	1.08312594	1.06937955	1.05307534	1.03393278	1.01154242	0.98536540	0.95439867	0.91770078	0.87226927	0.81376259	0.71918888	0.66042574	0.61225114	0.57322927	0.54054191	0.51152696	0.48565394	0.46246610	0.44147948	0.42241388	0.40497521	0.38894371	0.37415972	0.36049988	0.34782190	0.33600506
0.33599384	0.34781377	0.36050900	0.37416952	0.38893354	0.40496694	0.42241973	0.44149234	0.46244752	0.48566165	0.51149187	0.54049510	0.57368655	0.61209087	0.65864473	0.71769515	0.81223722	0.87046788	0.91753371	0.95486626	0.98527444	1.01148193	1.03393290	1.05306850	1.06935081	1.08310829	1.09453566	1.10382271	1.11108723	1.11647831	1.12002130	1.12178609	1.12177153	1.12002499	1.11647582	1.11110054	1.10380544	1.09453646	1.08311103	1.06936454	1.05306019	1.03391738	1.01152671	0.98534939	0.95438271	0.91768553	0.87225603	0.81375323	0.71918384	0.66042401	0.61225149	0.57323040	0.54054300	0.51152790	0.48565462	0.46246650	0.44147969	0.42241397	0.40497523	0.38894366	0.37415962	0.36049973	0.34782175	0.33600494
0.33568103	0.34747344	0.36013829	0.37376532	0.38849254	0.40448565	0.42189441	0.44091904	0.46182231	0.48498057	0.51075114	0.53969109	0.57281662	0.61115333	0.65763922	0.71662257	0.81109803	0.86926207	0.91626203	0.95353021	0.98387677	1.01002660	1.03242452	1.05151209	1.06775177	1.08147202	1.09286766	1.10212835	1.10937193	1.11474736	1.11827997	1.12003955	1.12002499	1.11828364	1.11474490	1.10938523	1.10211109	1.09286844	1.08147481	1.06776550	1.05150376	1.03240893	1.01007134	0.98395180	0.95304672	0.91641401	0.87105044	0.81261361	0.71811079	0.65941866	0.61131417	0.57236057	0.53973905	0.51078706	0.48497354	0.46184131	0.44090638	0.42188864	0.40449398	0.38850269	0.37375539	0.36012900	0.34748143	0.33569216
0.33505673	0.34679411	0.35939827	0.37295834	0.38761195	0.40352442	0.42084499	0.43977342	0.46057245	0.48361877	0.50926980	0.53808310	0.57107583	0.60927495	0.65561883	0.71445645	0.80878572	0.86680651	0.91366813	0.95080478	0.98102745	1.00706163	1.02935314	1.04834444	1.06449839	1.07814395	1.08947586	1.09868374	1.10588529	1.11122943	1.11474125	1.11649043	1.11647582	1.11474490	1.11122699	1.10589863	1.09866645	1.08947664	1.07814676	1.06451219	1.04833606	1.02933751	1.00710630	0.98110249	0.95032156	0.91382023	0.86859458	0.81030132	0.71594456	0.65739787	0.60943600	0.57062016	0.53813095	0.50930557	0.48361178	0.46059153	0.43976070	0.42083916	0.40353283	0.38762218	0.37294837	0.35938893	0.34680215	0.33506790
0.33412356	0.34577855	0.35829181	0.37175156	0.38629477	0.40208622	0.41927422	0.43805774	0.45869946	0.48157613	0.50704515	0.53566438	0.56845278	0.60643936	0.65256564	0.71118391	0.80529421	0.86309852	0.90974905	0.94668268	0.97671356	1.00256999	1.02469909	1.04354409	1.05956850	1.07310130	1.08433721	1.09346551	1.10060388	1.10590099	1.10938167	1.11111519	1.11110054	1.10938523	1.10589863	1.10061727	1.09344818	1.08433788	1.07310415	1.05958234	1.04353577	1.02468348	1.00261472	0.97678862	0.94619913	0.90990106	0.86488696	0.80680975	0.71267181	0.65434486	0.60660051	0.56799694	0.53571209	0.50708078	0.48156935	0.45871876	0.43804493	0.41926823	0.40209471	0.38630512	0.37174152	0.35828239	0.34578665	0.33413483
0.33288577	0.34443123	0.35682347	0.37014942	0.38454514	0.40017457	0.41718465	0.43577323	0.45620267	0.47884991	0.50407224	0.53242807	0.56493806	0.60263380	0.64845919	0.70676962	0.80057133	0.85807273	0.90443043	0.94108544	0.97085489	0.99646947	1.01837786	1.03702440	1.05287318	1.06625362	1.07736006	1.08638130	1.09343469	1.09866872	1.10210759	1.10382018	1.10380544	1.10211109	1.09866645	1.09344818	1.08636384	1.07736063	1.06625653	1.05288714	1.03701606	1.01836226	0.99651426	0.97092994	0.94060173	0.90458228	0.85986104	0.80208733	0.70825771	0.65023805	0.60279502	0.56448233	0.53247550	0.50410771	0.47884337	0.45622220	0.43576028	0.41717849	0.40018316	0.38455565	0.37013928	0.35681393	0.34443942	0.33289720
0.33134913	0.34275821	0.35499952	0.36815822	0.38236912	0.39779491	0.41458071	0.43292277	0.45308269	0.47543709	0.50034315	0.52835987	0.56051086	0.59783139	0.64327037	0.70118875	0.79459811	0.85171227	0.89769372	0.93398888	0.96342013	0.98872260	1.01034709	1.02873908	1.04436361	1.05755018	1.06849246	1.07737821	1.08432436	1.08947879	1.09286504	1.09455126	1.09453646	1.09286844	1.08947664	1.08433788	1.07736063	1.06849290	1.05755328	1.04437770	1.02873057	1.01033127	0.98876747	0.96349543	0.93350506	0.89784563	0.85350089	0.79611382	0.70267626	0.64504922	0.59799299	0.56005531	0.52840728	0.50037837	0.47543065	0.45310235	0.43290967	0.41457444	0.39780367	0.38237980	0.36814792	0.35498981	0.34276654	0.33136076
0.32952113	0.34076747	0.35282833	0.36578670	0.37977561	0.39495602	0.41147054	0.42951318	0.44934410	0.47133930	0.49585532	0.52345171	0.55515480	0.59200403	0.63695320	0.69436937	0.78727453	0.84389329	0.88939650	0.92523837	0.95424666	0.97916069	1.00043351	1.01851179	1.03386101	1.04681062	1.05755297	1.06627428	1.07309054	1.07814881	1.08147149	1.08312594	1.08311103	1.08147481	1.07814676	1.07310415	1.06625653	1.05755328	1.04681392	1.03387526	1.01850307	1.00041749	0.97920562	0.95432216	0.92475458	0.88954844	0.84568169	0.78879049	0.69585678	0.63873152	0.59216598	0.55469963	0.52349897	0.49589028	0.47133297	0.44936390	0.42949989	0.41146415	0.39496495	0.37978648	0.36577621	0.35281846	0.34077595	0.32953298
0.32741090	0.33846878	0.35032031	0.36304583	0.37677601	0.39166937	0.40786518	0.42555430	0.44499450	0.46655993	0.49060544	0.51769026	0.54884343	0.58510902	0.62944941	0.68624179	0.77852048	0.83452273	0.87943118	0.91471071	0.94319717	0.96763609	0.98848254	1.00618341	1.02120388	1.03387181	1.04437757	1.05290501	1.05956865	1.06451407	1.06776231	1.06937955	1.06936454	1.06776550	1.06451219	1.05958234	1.05288714	1.04437770	1.03387526	1.02121822	1.00617465	0.98846641	0.96768116	0.94327280	0.91422635	0.87958304	0.83631143	0.78003675	0.68772922	0.63122771	0.58527120	0.54838797	0.51773734	0.49064022	0.46655382	0.44501455	0.42554081	0.40785861	0.39167842	0.37678707	0.36303519	0.35031029	0.33847740	0.32742295
0.32502844	0.33587293	0.34748698	0.35994770	0.37338265	0.38794707	0.40377585	0.42105555	0.44003998	0.46110029	0.48458789	0.51106063	0.54154940	0.57710304	0.62069378	0.67671128	0.76820946	0.82344587	0.86761985	0.90221135	0.93006516	0.95393292	0.97427113	0.99152578	1.00616020	1.01849947	1.02873062	1.03703408	1.04352194	1.04833781	1.05150068	1.05307534	1.05306019	1.05150376	1.04833606	1.04353577	1.03701606	1.02873057	1.01850307	1.00617465	0.99151699	0.97425489	0.95397811	0.93014088	0.90172649	0.86777170	0.82523434	0.76972644	0.67819911	0.62247156	0.57726550	0.54109376	0.51110750	0.48462251	0.46109435	0.44006032	0.42104184	0.40376913	0.38795624	0.37339389	0.35993691	0.34747682	0.33588168	0.32504069
0.32238536	0.33299258	0.34434200	0.35650688	0.36961084	0.38380472	0.39921785	0.41603107	0.43449215	0.45496682	0.47780072	0.50354827	0.53324035	0.56793095	0.61060306	0.66566337	0.75619418	0.81048359	0.85375533	0.88750974	0.91460234	0.93779024	0.95752974	0.97426385	0.98845176	1.00041373	1.01033139	1.01838052	1.02466940	1.02933920	1.03240588	1.03393278	1.03391738	1.03240893	1.02933751	1.02468348	1.01836226	1.01033127	1.00041749	0.98846641	0.97425489	0.95751329	0.93783548	0.91467835	0.88702488	0.85390727	0.81227138	0.75771188	0.66715155	0.61237999	0.56809367	0.53278508	0.50359504	0.47783521	0.45496085	0.43451269	0.41601716	0.39921111	0.38381400	0.36962224	0.35649595	0.34433170	0.33300143	0.32239782
0.31949647	0.32984398	0.34090320	0.35274304	0.36548205	0.37926528	0.39421519	0.41050516	0.42837390	0.44817859	0.47025451	0.49514893	0.52388732	0.55752581	0.59906307	0.65293252	0.74225544	0.79536325	0.83751771	0.87024971	0.89642684	0.91881040	0.93785208	0.95398715	0.96766631	0.97920191	0.98876742	0.99653277	1.00260031	1.00710814	1.01006813	1.01154242	1.01152671	1.01007134	1.00710630	1.00261472	0.99651426	0.98876747	0.97920562	0.96768116	0.95397811	0.93783548	0.91885569	0.89650303	0.86976448	0.83767070	0.79715059	0.74377278	0.65442009	0.60083976	0.55768938	0.52343194	0.49519561	0.47028926	0.44817228	0.42839463	0.41049116	0.39420857	0.37927457	0.36549348	0.35273210	0.34089288	0.32985283	0.31950899
0.31637814	0.32644525	0.33719063	0.34867854	0.36102113	0.37435588	0.38879713	0.40450878	0.42171665	0.44076459	0.46197110	0.48586984	0.51347050	0.54582294	0.58594756	0.63831935	0.72611029	0.77771138	0.81845725	0.84993590	0.87501856	0.89645800	0.91469483	0.93014960	0.94325787	0.95431891	0.96349492	0.97094859	0.97677386	0.98110476	0.98394817	0.98536540	0.98534939	0.98395180	0.98110249	0.97678862	0.97092994	0.96349543	0.95432216	0.94327280	0.93014088	0.91467835	0.89650303	0.87509431	0.84945219	0.81861372	0.77948521	0.72759574	0.63977512	0.58771152	0.54598922	0.51301655	0.48591613	0.46200636	0.44075766	0.42173761	0.40449487	0.38879080	0.37436493	0.36103235	0.34866784	0.33718055	0.32645392	0.31639041
0.31304670	0.32281454	0.33322464	0.34433648	0.35625421	0.36910557	0.38299586	0.39807729	0.41455857	0.43276331	0.45298526	0.47573319	0.50197881	0.53274646	0.57105158	0.62140016	0.70710619	0.75672349	0.79567738	0.82560680	0.84937822	0.86971893	0.88704098	0.90173455	0.91421168	0.92475218	0.93350378	0.94062008	0.94618433	0.95032449	0.95304250	0.95439867	0.95438271	0.95304672	0.95032156	0.94619913	0.94060173	0.93350506	0.92475458	0.91422635	0.90172649	0.88702488	0.86976448	0.84945219	0.82512203	0.79583484	0.75850285	0.70862731	0.62289250	0.57282250	0.53291230	0.50152288	0.47577861	0.45302247	0.43275534	0.41457928	0.39806397	0.38299009	0.36911405	0.35626480	0.34432642	0.33321518	0.32282269	0.31305822
0.30951972	0.31897158	0.32902754	0.33974239	0.35121050	0.36354744	0.37684896	0.39125342	0.40694790	0.42422762	0.44335178	0.46478777	0.48943799	0.51826875	0.55421935	0.60177735	0.68458487	0.73158942	0.76830003	0.79633244	0.81854252	0.83762227	0.85392296	0.86777870	0.87956918	0.88954722	0.89784333	0.90459958	0.90988683	0.91382398	0.91640912	0.91770078	0.91768553	0.91641401	0.91382023	0.90990106	0.90458228	0.89784563	0.88954844	0.87958304	0.86777170	0.85390727	0.83767070	0.81861372	0.79583484	0.76844800	0.73344569	0.68635158	0.60351750	0.55606933	0.51842295	0.48896702	0.46483260	0.44339401	0.42421794	0.40696746	0.39124139	0.37684413	0.36355493	0.35121991	0.33973351	0.32901918	0.31897877	0.30952990
0.30581773	0.31493998	0.32462653	0.33492744	0.34592606	0.35772394	0.37040671	0.38409648	0.39895585	0.41524080	0.43317249	0.45315727	0.47596654	0.50242783	0.53523543	0.57868990	0.65696343	0.69986259	0.73329517	0.75895673	0.77942530	0.79710537	0.81228525	0.82524004	0.83629946	0.84568125	0.85349827	0.85987594	0.86487456	0.86859839	0.87104572	0.87226927	0.87225603	0.87105044	0.86859458	0.86488696	0.85986104	0.85350089	0.84568169	0.83631143	0.82523434	0.81227138	0.79715059	0.77948521	0.75850285	0.73344569	0.70156092	0.65856031	0.58026414	0.53692923	0.50258283	0.47553534	0.45319472	0.43321325	0.41523122	0.39897278	0.38408641	0.37040283	0.35773016	0.34593391	0.33492011	0.32461961	0.31494591	0.30582613
0.30196194	0.31074431	0.32005003	0.32992434	0.34043894	0.35168023	0.36372321	0.37667124	0.39066136	0.40589939	0.42257157	0.44100469	0.46175591	0.48539261	0.51408192	0.55129841	0.62140212	0.65755068	0.68616077	0.70891599	0.72756280	0.74374496	0.75772135	0.76973065	0.78002820	0.78878966	0.79611254	0.80209791	0.80680103	0.81030349	0.81261077	0.81376259	0.81375323	0.81261361	0.81030132	0.80680975	0.80208733	0.79611382	0.78879049	0.78003675	0.76972644	0.75771188	0.74377278	0.72759574	0.70862731	0.68635158	0.65856031	0.62178569	0.55166535	0.51508726	0.48558769	0.46148390	0.44102114	0.42259515	0.40589404	0.39067377	0.37666365	0.36371991	0.35168506	0.34044505	0.32991872	0.32004468	0.31074886	0.30196838
0.29797348	0.30640893	0.31532622	0.32476571	0.33478730	0.34546197	0.35685385	0.36904670	0.38215167	0.39632119	0.41170614	0.42854164	0.44716194	0.46785323	0.49197954	0.52100742	0.55238711	0.57997440	0.60332060	0.62300297	0.63976716	0.65441146	0.66715615	0.67820188	0.68772441	0.69585528	0.70267673	0.70826356	0.71266719	0.71594469	0.71811026	0.71918888	0.71918384	0.71811079	0.71594456	0.71267181	0.70825771	0.70267626	0.69585678	0.68772922	0.67819911	0.66715155	0.65442009	0.63977512	0.62289250	0.60351750	0.58026414	0.55166535	0.52027549	0.49226479	0.46805458	0.44706168	0.42853953	0.41171033	0.39632094	0.38215908	0.36904172	0.35685101	0.34546543	0.33479165	0.32476182	0.31532245	0.30641209	0.29797794
0.29387367	0.30195843	0.31048358	0.31948451	0.32900972	0.33911536	0.34985477	0.36129302	0.37351566	0.38662684	0.40073862	0.41599106	0.43257036	0.45059543	0.47058218	0.49284084	0.51565842	0.53688907	0.55597173	0.57285104	0.58770872	0.60083964	0.61238147	0.62247308	0.63122577	0.63872982	0.64505063	0.65024021	0.65434338	0.65739674	0.65941962	0.66042574	0.66042401	0.65941866	0.65739787	0.65434486	0.65023805	0.64504922	0.63873152	0.63122771	0.62247156	0.61237999	0.60083976	0.58771152	0.57282250	0.55606933	0.53692923	0.51508726	0.49226479	0.47061832	0.45069704	0.43254672	0.41598906	0.40073475	0.38662929	0.37351901	0.36129034	0.34985256	0.33911761	0.32901244	0.31948218	0.31048126	0.30196033	0.29387630
0.28968315	0.29741661	0.30554979	0.31411315	0.32314455	0.33268651	0.34278199	0.35347932	0.36484009	0.37692925	0.38982121	0.40357890	0.41829638	0.43401408	0.45067341	0.46807332	0.48560536	0.50255633	0.51843165	0.53291600	0.54598417	0.55769140	0.56809334	0.57726594	0.58527117	0.59216468	0.59799448	0.60279473	0.60660097	0.60943453	0.61131568	0.61225114	0.61225149	0.61131417	0.60943600	0.60660051	0.60279502	0.59799299	0.59216598	0.58527120	0.57726550	0.56809367	0.55768938	0.54598922	0.53291230	0.51842295	0.50258283	0.48558769	0.46805458	0.45069704	0.43400824	0.41829376	0.40358294	0.38981635	0.37693238	0.36484071	0.35347846	0.34278050	0.33268768	0.32314587	0.31411217	0.30554872	0.29741742	0.28968420
0.28542201	0.29280654	0.30055158	0.30868282	0.31722858	0.32621939	0.33568861	0.34567070	0.35620602	0.36733050	0.37908594	0.39149222	0.40457455	0.41831641	0.43253886	0.44698370	0.46140706	0.47552649	0.48899066	0.50151826	0.51301445	0.52343413	0.53278385	0.54109312	0.54838886	0.55469939	0.56005602	0.56448092	0.56799804	0.57061932	0.57236163	0.57322927	0.57323040	0.57236057	0.57062016	0.56799694	0.56448233	0.56005531	0.55469963	0.54838797	0.54109376	0.53278508	0.52343194	0.51301655	0.50152288	0.48896702	0.47553534	0.46148390	0.44706168	0.43254672	0.41829376	0.40457803	0.39149549	0.37908277	0.36733270	0.35620551	0.34567104	0.33568792	0.32621961	0.31722880	0.30868298	0.30055154	0.29280641	0.28542179
0.28111071	0.28815142	0.29551522	0.30322322	0.31129556	0.31975285	0.32861976	0.33791948	0.34767499	0.35790262	0.36861867	0.37982205	0.39149484	0.40358550	0.41598560	0.42854111	0.44102483	0.45319210	0.46483432	0.47577584	0.48591781	0.49519704	0.50359351	0.51110608	0.51773846	0.52349983	0.52840696	0.53247384	0.53571305	0.53813104	0.53973929	0.54054191	0.54054300	0.53973905	0.53813095	0.53571209	0.53247550	0.52840728	0.52349897	0.51773734	0.51110750	0.50359504	0.49519561	0.48591613	0.47577861	0.46483260	0.45319472	0.44102114	0.42853953	0.41598906	0.40358294	0.39149549	0.37982250	0.36861808	0.35790331	0.34767429	0.33792048	0.32861977	0.31975238	0.31129505	0.30322417	0.29551590	0.28815064	0.28110962
0.27676868	0.28347313	0.29046529	0.29776183	0.30537639	0.31332191	0.32161534	0.33027081	0.33929847	0.34870115	0.35847902	0.36861800	0.37908312	0.38981551	0.40073079	0.41171845	0.42260573	0.43321108	0.44339138	0.45302036	0.46200872	0.47029060	0.47783363	0.48462079	0.49064136	0.49589160	0.50037749	0.50410605	0.50708155	0.50930616	0.51078683	0.51152696	0.51152790	0.51078706	0.50930557	0.50708078	0.50410771	0.50037837	0.49589028	0.49064022	0.48462251	0.47783521	0.47028926	0.46200636	0.45302247	0.44339401	0.43321325	0.42259515	0.41171033	0.40073475	0.38981635	0.37908277	0.36861808	0.35847946	0.34870095	0.33929772	0.33027208	0.32161581	0.31332112	0.30537554	0.29776311	0.29046631	0.28347207	0.27676719
0.27241181	0.27878928	0.28542152	0.29232102	0.29949640	0.30695488	0.31470682	0.32275920	0.33111328	0.33976351	0.34870045	0.35790298	0.36733225	0.37693350	0.38662783	0.39632157	0.40589698	0.41523182	0.42421701	0.43275259	0.44075962	0.44817383	0.45495933	0.46109266	0.46655481	0.47133436	0.47542958	0.47884191	0.48156986	0.48361254	0.48497312	0.48565394	0.48565462	0.48497354	0.48361178	0.48156935	0.47884337	0.47543065	0.47133297	0.46655382	0.46109435	0.45496085	0.44817228	0.44075766	0.43275534	0.42421794	0.41523122	0.40589404	0.39632094	0.38662929	0.37693238	0.36733270	0.35790331	0.34870095	0.33976299	0.33111267	0.32276042	0.31470747	0.30695405	0.29949553	0.29232231	0.28542258	0.27878822	0.27241030
0.26805461	0.27411576	0.28040145	0.28692041	0.29367745	0.30067563	0.30791984	0.31541148	0.32314607	0.33111310	0.33929725	0.34767417	0.35620535	0.36484155	0.37351758	0.38215979	0.39067636	0.39897323	0.40696644	0.41457724	0.42173934	0.42839603	0.43451129	0.44005871	0.44501532	0.44936520	0.45310138	0.45622101	0.45871897	0.46059222	0.46184092	0.46246610	0.46246650	0.46184131	0.46059153	0.45871876	0.45622220	0.45310235	0.44936390	0.44501455	0.44006032	0.43451269	0.42839463	0.42173761	0.41457928	0.40696746	0.39897278	0.39067377	0.38215908	0.37351901	0.36484071	0.35620551	0.34767429	0.33929772	0.33111267	0.32314580	0.31541246	0.30792038	0.30067490	0.29367676	0.28692155	0.28040236	0.27411481	0.26805332
