4.48416e-32	9.7663e-23	5.97472e-21	4.44547e-19	-2.19528e-17	1.7552e-16	-7.64682e-16	8.39378e-15	1.50863e-14	4.41008e-15	-7.49721e-16	1.73365e-16	-2.20699e-17	4.66311e-19	1.63108e-20	-2.92191e-24	0	
9.7663e-23	2.12706e-13	1.30127e-11	9.68205e-10	-4.78124e-08	3.82275e-07	-1.66545e-06	1.82813e-05	3.28573e-05	9.60498e-06	-1.63286e-06	3.77582e-07	-4.80674e-08	1.01561e-09	3.55243e-11	-6.3638e-15	0	
5.97472e-21	1.30127e-11	7.96075e-10	5.92317e-08	-2.92501e-06	2.33864e-05	-0.000101887	0.00111839	0.00201011	0.000587602	-9.98933e-05	2.30993e-05	-2.94061e-06	6.21315e-08	2.17326e-09	-3.89317e-13	0	
4.44547e-19	9.68205e-10	5.92317e-08	4.40712e-06	-0.000217634	0.00174006	-0.00758085	0.0832137	0.149561	0.0437204	-0.00743253	0.0017187	-0.000218795	4.62288e-06	1.61701e-07	-2.8967e-11	0	
-2.19528e-17	-4.78124e-08	-2.92501e-06	-0.000217634	0.0107473	-0.0859283	0.374361	-4.1093	-7.38571	-2.15902	0.367037	-0.0848734	0.0108046	-0.000228289	-7.9852e-06	1.43046e-09	0	
1.7552e-16	3.82275e-07	2.33864e-05	0.00174006	-0.0859283	0.687024	-2.99313	32.8551	59.0511	17.262	-2.93457	0.67859	-0.0863866	0.00182524	6.38442e-05	-1.1437e-08	0	
-7.64682e-16	-1.66545e-06	-0.000101887	-0.00758085	0.374361	-2.99313	13.0401	-143.139	-257.266	-75.205	12.785	-2.95639	0.376358	-0.00795198	-0.000278148	4.98272e-08	0	
8.39378e-15	1.82813e-05	0.00111839	0.0832137	-4.1093	32.8551	-143.139	1571.21	2823.96	825.513	-140.338	32.4518	-4.13122	0.0872876	0.00305318	-5.46945e-07	0	
1.50863e-14	3.28573e-05	0.00201011	0.149561	-7.38571	59.0511	-257.266	2823.96	5075.56	1483.71	-252.233	58.3262	-7.4251	0.156883	0.00548754	-9.83034e-07	0	
4.41008e-15	9.60498e-06	0.000587602	0.0437204	-2.15902	17.262	-75.205	825.513	1483.71	433.723	-73.7336	17.0501	-2.17053	0.0458608	0.00160414	-2.87364e-07	0	
-7.49721e-16	-1.63286e-06	-9.98933e-05	-0.00743253	0.367037	-2.93457	12.785	-140.338	-252.233	-73.7336	12.5348	-2.89855	0.368994	-0.0077964	-0.000272706	4.88524e-08	0	
1.73365e-16	3.77582e-07	2.30993e-05	0.0017187	-0.0848734	0.67859	-2.95639	32.4518	58.3262	17.0501	-2.89855	0.67026	-0.0853261	0.00180284	6.30605e-05	-1.12966e-08	0	
-2.20699e-17	-4.80674e-08	-2.94061e-06	-0.000218795	0.0108046	-0.0863866	0.376358	-4.13122	-7.4251	-2.17053	0.368994	-0.0853261	0.0108623	-0.000229507	-8.02779e-06	1.43809e-09	0	
4.66311e-19	1.01561e-09	6.21315e-08	4.62288e-06	-0.000228289	0.00182524	-0.00795198	0.0872876	0.156883	0.0458608	-0.0077964	0.00180284	-0.000229507	4.8492e-06	1.69617e-07	-3.03852e-11	0	
1.63108e-20	3.55243e-11	2.17326e-09	1.61701e-07	-7.9852e-06	6.38442e-05	-0.000278148	0.00305318	0.00548754	0.00160414	-0.000272706	6.30605e-05	-8.02779e-06	1.69617e-07	5.93296e-09	-1.06283e-12	0	
-2.92191e-24	-6.3638e-15	-3.89317e-13	-2.8967e-11	1.43046e-09	-1.1437e-08	4.98272e-08	-5.46945e-07	-9.83034e-07	-2.87364e-07	4.88524e-08	-1.12966e-08	1.43809e-09	-3.03852e-11	-1.06283e-12	1.90394e-16	0	
0	0	0	0	0	0	0	0	0	0	0	0	0	0	0	0	0	
