0.0593668	0.0634071	0.0676268	0.0718847	0.0759581	0.0795409	0.082274	0.0838181	0.0839545	0.0826629	0.0801291	0.0766776	0.0726707	0.0684278	0.0641879	0.0601064	0.0562711	
0.0634071	0.0684034	0.0737918	0.0794275	0.0850299	0.0901489	0.0941864	0.0965215	0.0967297	0.0947708	0.0910078	0.086043	0.0804917	0.074836	0.0693867	0.0643106	0.0596757	
0.0676268	0.0737918	0.0806943	0.0882388	0.0961211	0.103712	0.109993	0.113648	0.113972	0.110912	0.105028	0.0975914	0.089705	0.0820656	0.0750307	0.0687263	0.0631529	
0.0718847	0.0794275	0.0882388	0.0983938	0.109702	0.121436	0.131835	0.136725	0.137064	0.133231	0.123606	0.111896	0.10044	0.090041	0.0809789	0.0732094	0.0665781	
0.0759581	0.0850299	0.0961211	0.109702	0.126142	0.14485	0.164088	0.191088	0.194541	0.16895	0.148152	0.129595	0.112553	0.0984645	0.0869415	0.0775261	0.069775	
0.0795409	0.0901489	0.103712	0.121436	0.14485	0.17616	0.212334	0.205492	0.202726	0.214486	0.183824	0.149847	0.125367	0.106674	0.0924366	0.0813468	0.0725216	
0.082274	0.0941864	0.109993	0.131835	0.164088	0.212334	0.29847	0.552024	0.588111	0.337531	0.220747	0.172454	0.136821	0.113545	0.0968043	0.0842772	0.0745754	
0.0838181	0.0965215	0.113648	0.136725	0.191088	0.205492	0.552024	7.24473	8.29328	1.41172	0.0597595	0.234358	0.139197	0.117594	0.0993443	0.085939	0.0757199	
0.0839545	0.0967297	0.113972	0.137064	0.194541	0.202726	0.588111	8.29328	9.50114	1.57664	0.0323919	0.243211	0.139089	0.117954	0.0995712	0.086086	0.0758205	
0.0826629	0.0947708	0.110912	0.133231	0.16895	0.214486	0.337531	1.41172	1.57664	0.481533	0.203903	0.181924	0.137991	0.114559	0.097439	0.0846953	0.0748647	
0.0801291	0.0910078	0.105028	0.123606	0.148152	0.183824	0.220747	0.0597595	0.0323919	0.203903	0.196438	0.152724	0.12784	0.108108	0.0933632	0.0819764	0.0729667	
0.0766776	0.086043	0.0975914	0.111896	0.129595	0.149847	0.172454	0.234358	0.243211	0.181924	0.152724	0.133507	0.114909	0.100047	0.0880253	0.0782916	0.0703316	
0.0726707	0.0804917	0.089705	0.10044	0.112553	0.125367	0.136821	0.139197	0.139089	0.137991	0.12784	0.114909	0.102622	0.0916005	0.0821075	0.0740402	0.0672011	
0.0684278	0.074836	0.0820656	0.090041	0.0984645	0.106674	0.113545	0.117594	0.117954	0.114559	0.108108	0.100047	0.0916005	0.0835093	0.0761292	0.0695675	0.0638037	
0.0641879	0.0693867	0.0750307	0.0809789	0.0869415	0.0924366	0.0968043	0.0993443	0.0995712	0.097439	0.0933632	0.0880253	0.0821075	0.0761292	0.0704137	0.0651257	0.0603252	
0.0601064	0.0643106	0.0687263	0.0732094	0.0775261	0.0813468	0.0842772	0.085939	0.086086	0.0846953	0.0819764	0.0782916	0.0740402	0.0695675	0.0651257	0.0608744	0.0568998	
0.0562711	0.0596757	0.0631529	0.0665781	0.069775	0.0725216	0.0745754	0.0757199	0.0758205	0.0748647	0.0729667	0.0703316	0.0672011	0.0638037	0.0603252	0.0568998	0.0536142	
