5.14954e-34	1.14537e-24	7.10559e-23	5.34119e-21	-2.65773e-19	2.13673e-18	-9.34429e-18	1.02797e-16	1.84893e-16	5.40095e-17	-9.16147e-18	2.1105e-18	-2.67191e-19	5.60268e-21	1.93981e-22	-3.42675e-26	0	
1.14537e-24	2.55705e-15	1.58956e-13	1.19631e-11	-5.95736e-10	4.79193e-09	-2.09625e-08	2.3065e-07	4.14874e-07	1.21183e-07	-2.05524e-08	4.7331e-09	-5.98913e-10	1.25488e-11	4.33947e-13	-7.65025e-17	0	
7.10559e-23	1.58956e-13	9.89589e-12	7.45518e-10	-3.71505e-08	2.98965e-07	-1.30822e-06	1.43967e-05	2.58971e-05	7.56403e-06	-1.28263e-06	2.95295e-07	-3.73486e-08	7.82017e-10	2.70155e-11	-4.7557e-15	0	
5.34119e-21	1.19631e-11	7.45518e-10	5.62073e-08	-2.80246e-06	2.25613e-05	-9.87497e-05	0.00108688	0.00195519	0.000571045	-9.68177e-05	2.22843e-05	-2.8174e-06	5.8959e-08	2.03525e-09	-3.57916e-13	0	
-2.65773e-19	-5.95736e-10	-3.71505e-08	-2.80246e-06	0.000139788	-0.00112571	0.00492821	-0.0542483	-0.0975912	-0.028502	0.0048318	-0.00111189	0.000140533	-2.93966e-06	-1.0142e-07	1.78234e-11	0	
2.13673e-18	4.79193e-09	2.98965e-07	2.25613e-05	-0.00112571	0.00906746	-0.0397023	0.437071	0.786302	0.229637	-0.0389255	0.00895615	-0.00113172	2.36658e-05	8.16168e-07	-1.43366e-10	0	
-9.34429e-18	-2.09625e-08	-1.30822e-06	-9.87497e-05	0.00492821	-0.0397023	0.173858	-1.91407	-3.44353	-1.00565	0.170456	-0.0392149	0.0049545	-0.000103584	-3.57142e-06	6.27162e-10	0	
1.02797e-16	2.3065e-07	1.43967e-05	0.00108688	-0.0542483	0.437071	-1.91407	21.0736	37.9132	11.0721	-1.87662	0.431706	-0.0545377	0.00114009	3.93027e-05	-6.90064e-09	0	
1.84893e-16	4.14874e-07	2.58971e-05	0.00195519	-0.0975912	0.786302	-3.44353	37.9132	68.2094	19.9196	-3.37616	0.77665	-0.0981117	0.00205091	7.06984e-05	-1.24123e-08	0	
5.40095e-17	1.21183e-07	7.56403e-06	0.000571045	-0.028502	0.229637	-1.00565	11.0721	19.9196	5.81724	-0.985975	0.226818	-0.028654	0.000599001	2.06496e-05	-3.62559e-09	0	
-9.16147e-18	-2.05524e-08	-1.28263e-06	-9.68177e-05	0.0048318	-0.0389255	0.170456	-1.87662	-3.37616	-0.985975	0.167121	-0.0384477	0.00485757	-0.000101558	-3.50154e-06	6.14891e-10	0	
2.1105e-18	4.7331e-09	2.95295e-07	2.22843e-05	-0.00111189	0.00895615	-0.0392149	0.431706	0.77665	0.226818	-0.0384477	0.0088462	-0.00111782	2.33753e-05	8.06148e-07	-1.41606e-10	0	
-2.67191e-19	-5.98913e-10	-3.73486e-08	-2.8174e-06	0.000140533	-0.00113172	0.0049545	-0.0545377	-0.0981117	-0.028654	0.00485757	-0.00111782	0.000141283	-2.95534e-06	-1.01961e-07	1.79185e-11	0	
5.60268e-21	1.25488e-11	7.82017e-10	5.8959e-08	-2.93966e-06	2.36658e-05	-0.000103584	0.00114009	0.00205091	0.000599001	-0.000101558	2.33753e-05	-2.95534e-06	6.18455e-08	2.13489e-09	-3.75439e-13	0	
1.93981e-22	4.33947e-13	2.70155e-11	2.03525e-09	-1.0142e-07	8.16168e-07	-3.57142e-06	3.93027e-05	7.06984e-05	2.06496e-05	-3.50154e-06	8.06148e-07	-1.01961e-07	2.13489e-09	7.37517e-11	-1.29829e-14	0	
-3.42675e-26	-7.65025e-17	-4.7557e-15	-3.57916e-13	1.78234e-11	-1.43366e-10	6.27162e-10	-6.90064e-09	-1.24123e-08	-3.62559e-09	6.14891e-10	-1.41606e-10	1.79185e-11	-3.75439e-13	-1.29829e-14	2.28882e-18	0	
0	0	0	0	0	0	0	0	0	0	0	0	0	0	0	0	0	
