0.385426	0.365022	0.310128	0.258231	0.28058	0.305044	0.330449	0.355839	0.38053	0.404092	0.462102	0.516996	0.497483	0.475671	0.452733	0.429626	
0.365022	0.347571	0.296228	0.247356	0.264689	0.283927	0.304247	0.324938	0.345445	0.365371	0.419223	0.470566	0.455621	0.438658	0.420487	0.401812	
0.310128	0.296228	0.252927	0.211544	0.22448	0.238976	0.254462	0.270426	0.286446	0.302201	0.347418	0.390719	0.379662	0.366981	0.353228	0.338906	
0.258231	0.247356	0.211544	0.177197	0.18679	0.197625	0.209306	0.22147	0.233803	0.246055	0.28331	0.319123	0.310984	0.301569	0.291257	0.280401	
0.28058	0.264689	0.22448	0.18679	0.465495	0.548097	0.589701	0.618792	0.641899	0.661457	0.704631	0.74484	0.468341	0.387706	0.34788	0.320405	
0.305044	0.283927	0.238976	0.197625	0.548097	0.678155	0.745995	0.791217	0.825028	0.852053	0.901498	0.946449	0.598967	0.47146	0.405837	0.36257	
0.330449	0.304247	0.254462	0.209306	0.589701	0.745995	0.833	0.891729	0.935193	0.96927	1.02496	1.07474	0.698108	0.544947	0.460609	0.404185	
0.355839	0.324938	0.270426	0.22147	0.618792	0.791217	0.891729	0.961079	1.01272	1.0531	1.11473	1.16924	0.776394	0.607658	0.51025	0.443552	
0.38053	0.345445	0.286446	0.233803	0.641899	0.825028	0.935193	1.01272	1.07108	1.11688	1.184	1.243	0.840011	0.661083	0.554433	0.479887	
0.404092	0.365371	0.302201	0.246055	0.661457	0.852053	0.96927	1.0531	1.11688	1.16726	1.23934	1.30251	0.892776	0.706837	0.593511	0.512977	
0.462102	0.419223	0.347418	0.28331	0.704631	0.901498	1.02496	1.11473	1.184	1.23934	1.32081	1.39262	0.977563	0.785886	0.66679	0.580735	
0.516996	0.470566	0.390719	0.319123	0.74484	0.946449	1.07474	1.16924	1.243	1.30251	1.39262	1.47247	1.05352	0.857563	0.734049	0.643642	
0.497483	0.455621	0.379662	0.310984	0.468341	0.598967	0.698108	0.776394	0.840011	0.892776	0.977563	1.05352	0.902255	0.77679	0.682068	0.607605	
0.475671	0.438658	0.366981	0.301569	0.387706	0.47146	0.544947	0.607658	0.661083	0.706837	0.785886	0.857563	0.77679	0.697664	0.628197	0.569005	
0.452733	0.420487	0.353228	0.291257	0.34788	0.405837	0.460609	0.51025	0.554433	0.593511	0.66679	0.734049	0.682068	0.628197	0.577034	0.530594	
0.429626	0.401812	0.338906	0.280401	0.320405	0.36257	0.404185	0.443552	0.479887	0.512977	0.580735	0.643642	0.607605	0.569005	0.530594	0.494108	
