-5.66434 -6.06791 -6.10848 -6.01559 -5.87254 -5.72307 -5.59308 -5.49789 -5.44533 -5.43691 -5.46799 -5.52676 -5.59172 -5.62524 -5.55442 -5.17681
-6.06791  -6.5319 -6.55968 -6.42504 -6.23311  -6.0383  -5.8722 -5.75321 -5.69065 -5.68629 -5.73451 -5.82114 -5.91997 -5.98434 -5.92284 -5.49622
-6.10848 -6.55968 -6.57717 -6.42344  -6.2081 -5.99037  -5.8052  -5.6731 -5.60447 -5.60129 -5.65736 -5.75693 -5.87118 -5.94973 -5.89811 -5.48977
-6.01559 -6.42504 -6.42344 -6.25413 -6.02361  -5.7918 -5.59494 -5.45467 -5.38203 -5.37919 -5.43967 -5.54703 -5.67165 -5.76301 -5.73034 -5.36635
-5.87254 -6.23311  -6.2081 -6.02361 -5.78116 -5.53941 -5.33469 -5.18898 -5.11365 -5.11102 -5.17455 -5.28775 -5.42124 -5.52603 -5.51655 -5.20273
-5.72307  -6.0383 -5.99037  -5.7918 -5.53941 -5.29016 -5.07984 -4.93041 -4.85332 -4.85099 -4.91698 -5.03504 -5.17649 -5.29424 -5.30745  -5.0396
-5.59308  -5.8722  -5.8052 -5.59494 -5.33469 -5.07984 -4.86557 -4.71365 -4.63549 -4.63358 -4.70162 -4.82369 -4.97182 -5.10056 -5.13265  -4.9012
-5.49789 -5.75321  -5.6731 -5.45467 -5.18898 -4.93041 -4.71365 -4.56025 -4.48159 -4.48017 -4.54982 -4.67486 -4.82787 -4.96444 -5.00955 -4.80201
-5.44533 -5.69065 -5.60447 -5.38203 -5.11365 -4.85332 -4.63549 -4.48159 -4.40293 -4.40202 -4.47273 -4.59953 -4.75523 -4.89581 -4.94699 -4.74945
-5.43691 -5.68629 -5.60129 -5.37919 -5.11102 -4.85099 -4.63358 -4.48017 -4.40202 -4.40159 -4.47277 -4.60003 -4.75608 -4.89665 -4.94674 -4.74504
-5.46799 -5.73451 -5.65736 -5.43967 -5.17455 -4.91698 -4.70162 -4.54982 -4.47273 -4.47277  -4.5438 -4.67018 -4.82436 -4.96123 -5.00366 -4.78451
-5.52676 -5.82114 -5.75693 -5.54703 -5.28775 -5.03504 -4.82369 -4.67486 -4.59953 -4.60003 -4.67018 -4.79434 -4.94465 -5.07486 -5.10459 -4.85694
-5.59172 -5.91997 -5.87118 -5.67165 -5.42124 -5.17649 -4.97182 -4.82787 -4.75523 -4.75608 -4.82436 -4.94465 -5.08917 -5.21076 -5.22526 -4.94248
-5.62524 -5.98434 -5.94973 -5.76301 -5.52603 -5.29424 -5.10056 -4.96444 -4.89581 -4.89665 -4.96123 -5.07486 -5.21076 -5.32229 -5.32277 -5.00652
-5.55442 -5.92284 -5.89811 -5.73034 -5.51655 -5.30745 -5.13265 -5.00955 -4.94699 -4.94674 -5.00366 -5.10459 -5.22526 -5.32277 -5.31378 -4.98273
-5.17681 -5.49622 -5.48977 -5.36635 -5.20273  -5.0396  -4.9012 -4.80201 -4.74945 -4.74504 -4.78451 -4.85694 -4.94248 -5.00652 -4.98273 -4.68928
