0.233417	0.237362	0.241408	0.245557	0.249809	0.254164	0.258619	0.263165	0.267783	0.272449	0.277139	0.281825	0.286477	0.291062	0.295546	0.299902	0.304114	0.308173	0.31207	0.315793	0.319323	0.322637	0.325713	0.328533	0.33108	0.333338	0.335294	0.336933	0.338246	0.339222	0.339854	0.340137	0.340069	0.339649	0.338879	0.337764	0.336308	0.334516	0.332397	0.329963	0.327233	0.324228	0.320971	0.317486	0.313802	0.309946	0.30595	0.30184	0.297633	0.293343	0.288981	0.284561	0.280106	0.275641	0.271187	0.266765	0.262387	0.258062	0.253798	0.249602	0.245482	0.241445	0.237495	0.233633	
0.237362	0.241538	0.245829	0.250235	0.254755	0.259388	0.264131	0.268972	0.27389	0.278857	0.283847	0.288829	0.293765	0.298619	0.303352	0.307932	0.312349	0.316598	0.320676	0.324577	0.328287	0.331784	0.335053	0.338073	0.340825	0.343284	0.345431	0.347244	0.348705	0.349797	0.350508	0.350828	0.350754	0.35029	0.349443	0.348222	0.346632	0.344683	0.342386	0.339758	0.336819	0.333594	0.330108	0.326387	0.322465	0.318375	0.314152	0.309827	0.305413	0.300918	0.296348	0.291714	0.287034	0.28233	0.277621	0.272927	0.268263	0.263643	0.259082	0.254591	0.250185	0.245874	0.241669	0.237575	
0.241408	0.245829	0.250381	0.25506	0.259865	0.264797	0.269848	0.275008	0.280251	0.285547	0.290865	0.296172	0.30143	0.306598	0.311639	0.31652	0.321225	0.325748	0.33008	0.334215	0.338144	0.341855	0.34534	0.348584	0.351561	0.354241	0.356594	0.358591	0.360209	0.361425	0.36222	0.36258	0.362505	0.362001	0.361077	0.359746	0.358018	0.355904	0.353419	0.350581	0.347416	0.343951	0.340211	0.336227	0.332033	0.327665	0.323157	0.318541	0.313834	0.309048	0.304195	0.299288	0.294339	0.289362	0.284368	0.279371	0.274392	0.269451	0.264567	0.259761	0.255049	0.250448	0.245972	0.241629	
0.245557	0.250235	0.25506	0.260027	0.265138	0.270388	0.275772	0.281276	0.286875	0.292534	0.29822	0.303895	0.309524	0.315072	0.320506	0.325794	0.330908	0.335825	0.340518	0.34497	0.34918	0.353151	0.356889	0.360388	0.363618	0.366538	0.369111	0.371301	0.373079	0.374421	0.375304	0.375711	0.37564	0.3751	0.374102	0.372663	0.370793	0.368507	0.365821	0.362758	0.359344	0.355609	0.351583	0.347297	0.342783	0.338073	0.333196	0.328181	0.32306	0.317862	0.312618	0.30735	0.302065	0.296761	0.291438	0.2861	0.28077	0.275477	0.270247	0.265106	0.260074	0.255168	0.250406	0.245799	
0.249809	0.254755	0.259865	0.265138	0.270571	0.276162	0.281904	0.287784	0.293774	0.299837	0.305937	0.312033	0.318094	0.32409	0.329995	0.335776	0.341391	0.346795	0.351942	0.356799	0.361372	0.365675	0.369723	0.373521	0.377033	0.380213	0.383018	0.385405	0.387346	0.388815	0.389787	0.390243	0.390184	0.389614	0.388549	0.387004	0.384991	0.382527	0.379629	0.376321	0.372631	0.368591	0.364236	0.359599	0.354707	0.349588	0.344264	0.338765	0.333137	0.327431	0.321699	0.315979	0.310272	0.304565	0.298847	0.293114	0.287392	0.281717	0.276118	0.270625	0.265258	0.260037	0.254978	0.250093	
0.254164	0.259388	0.264797	0.270388	0.276162	0.282115	0.288243	0.294532	0.300952	0.307468	0.314037	0.320618	0.327181	0.333696	0.340135	0.346464	0.352631	0.358579	0.36425	0.369602	0.374635	0.379364	0.383802	0.387955	0.391785	0.395243	0.398287	0.400874	0.402977	0.40457	0.405631	0.406141	0.406098	0.405509	0.404383	0.402737	0.400583	0.397935	0.394812	0.391238	0.387242	0.382857	0.378122	0.373072	0.367736	0.362139	0.356304	0.350265	0.344078	0.337806	0.331513	0.325248	0.319015	0.312804	0.306604	0.30041	0.29425	0.288162	0.282173	0.276314	0.270602	0.265055	0.259688	0.254512	
0.258619	0.264131	0.269848	0.275772	0.281904	0.288243	0.294784	0.301515	0.308408	0.315428	0.322535	0.329687	0.336843	0.343961	0.350998	0.357911	0.364651	0.37117	0.377418	0.383357	0.388969	0.394245	0.399177	0.403752	0.407938	0.411692	0.414979	0.417765	0.420026	0.421739	0.422886	0.423453	0.423435	0.422834	0.421659	0.419919	0.417626	0.41479	0.411431	0.407569	0.403234	0.398459	0.39328	0.387737	0.381866	0.375707	0.369299	0.362684	0.355916	0.349049	0.34214	0.335233	0.328351	0.321507	0.314712	0.307978	0.301331	0.294799	0.288403	0.282165	0.2761	0.27022	0.264537	0.259057	
0.263165	0.268972	0.275008	0.281276	0.287784	0.294532	0.301515	0.308724	0.316134	0.323715	0.331436	0.339255	0.347108	0.354925	0.362636	0.370179	0.377521	0.384642	0.391527	0.398157	0.40448	0.410439	0.415979	0.421054	0.425635	0.429702	0.433235	0.436216	0.438628	0.440455	0.441685	0.442311	0.442326	0.441726	0.440513	0.438688	0.436258	0.433231	0.429623	0.425452	0.420743	0.415526	0.409832	0.403701	0.397194	0.390378	0.383322	0.376085	0.368705	0.361211	0.353622	0.345966	0.338297	0.330677	0.323164	0.315803	0.308616	0.30161	0.294791	0.288165	0.28174	0.275524	0.269519	0.263724	
0.267783	0.27389	0.280251	0.286875	0.293774	0.300952	0.308408	0.316134	0.324111	0.332315	0.340723	0.349293	0.357941	0.366569	0.375067	0.383349	0.391407	0.399256	0.406914	0.414375	0.421544	0.428303	0.434545	0.440185	0.445201	0.449601	0.453385	0.456558	0.459115	0.461047	0.462357	0.463045	0.463102	0.462517	0.461278	0.459379	0.456817	0.453594	0.449722	0.445214	0.44009	0.434376	0.428098	0.421298	0.414059	0.406475	0.398656	0.390687	0.382582	0.374332	0.365926	0.357377	0.348782	0.340263	0.331929	0.323866	0.316086	0.308573	0.301312	0.294289	0.2875	0.280946	0.274615	0.268497	
0.272449	0.278857	0.285547	0.292534	0.299837	0.307468	0.315428	0.323715	0.332315	0.341207	0.350368	0.359752	0.36928	0.378852	0.388303	0.397506	0.406484	0.415291	0.423945	0.432418	0.440567	0.448216	0.45522	0.461473	0.466964	0.47172	0.475767	0.479129	0.481822	0.483852	0.485238	0.485994	0.486105	0.485547	0.484298	0.482334	0.479644	0.476221	0.472067	0.467188	0.461601	0.455331	0.448405	0.440875	0.432818	0.424335	0.415588	0.406706	0.39767	0.388434	0.378986	0.369359	0.3597	0.350186	0.340964	0.332139	0.323716	0.31566	0.307936	0.300506	0.293352	0.28646	0.279801	0.273354	
0.277139	0.283847	0.290865	0.29822	0.305937	0.314037	0.322535	0.331436	0.340723	0.350368	0.360335	0.370576	0.381027	0.39161	0.402212	0.412729	0.423112	0.433318	0.443301	0.452983	0.462206	0.470798	0.4786	0.485502	0.491501	0.496641	0.500963	0.504516	0.507337	0.509456	0.510917	0.511745	0.511922	0.511407	0.510161	0.508145	0.505332	0.501705	0.497247	0.491954	0.485845	0.478957	0.471334	0.463032	0.454117	0.444666	0.434793	0.424603	0.414153	0.403489	0.392665	0.381762	0.37094	0.360374	0.35022	0.340589	0.33148	0.322844	0.31463	0.306784	0.299264	0.292036	0.28505	0.278269	
0.281825	0.288829	0.296172	0.303895	0.312033	0.320618	0.329687	0.339255	0.349293	0.359752	0.370576	0.381721	0.393125	0.404755	0.416766	0.429231	0.441808	0.454088	0.46586	0.476967	0.487327	0.496885	0.505507	0.513079	0.519614	0.525165	0.529781	0.533525	0.536466	0.538667	0.5402	0.541107	0.541362	0.540904	0.539677	0.53762	0.53469	0.530855	0.526071	0.520317	0.513628	0.506064	0.497693	0.488575	0.47877	0.468315	0.457059	0.444928	0.432272	0.419505	0.406844	0.394448	0.3824	0.370752	0.35964	0.349175	0.339342	0.330089	0.32136	0.313088	0.305204	0.297645	0.290333	0.283214	
0.286477	0.293765	0.30143	0.309524	0.318094	0.327181	0.336843	0.347108	0.357941	0.36928	0.381027	0.393125	0.40564	0.41867	0.4324	0.446871	0.461642	0.476154	0.489981	0.502793	0.514487	0.525063	0.534484	0.542739	0.549843	0.555828	0.560749	0.564683	0.567734	0.570009	0.571613	0.572609	0.572958	0.572575	0.571381	0.569289	0.566242	0.562192	0.557067	0.550828	0.543518	0.535214	0.526031	0.516045	0.505194	0.493383	0.480431	0.466302	0.451441	0.436413	0.421649	0.407478	0.394004	0.381222	0.369167	0.357847	0.34725	0.337348	0.328084	0.319381	0.311139	0.303255	0.295622	0.288165	
0.291062	0.298619	0.306598	0.315072	0.32409	0.333696	0.343961	0.354925	0.366569	0.378852	0.39161	0.404755	0.41867	0.433696	0.449546	0.465794	0.482335	0.498958	0.515007	0.529852	0.543174	0.554842	0.565028	0.573975	0.581681	0.588118	0.593348	0.597465	0.600615	0.602956	0.604633	0.605729	0.60619	0.605904	0.604755	0.602629	0.599455	0.595182	0.589712	0.58299	0.575046	0.565939	0.555856	0.544907	0.532719	0.518954	0.503907	0.488007	0.471366	0.454199	0.437165	0.420894	0.405698	0.391706	0.378737	0.366547	0.355146	0.34457	0.33476	0.325627	0.317035	0.308835	0.300888	0.293095	
0.295546	0.303352	0.311639	0.320506	0.329995	0.340135	0.350998	0.362636	0.375067	0.388303	0.402212	0.416766	0.4324	0.449546	0.468271	0.488349	0.509219	0.530025	0.549534	0.566753	0.581623	0.594421	0.60548	0.615145	0.623447	0.63034	0.635883	0.640172	0.643408	0.645809	0.647561	0.648773	0.649369	0.6492	0.648107	0.645937	0.642621	0.638113	0.632308	0.625132	0.616577	0.606657	0.595532	0.583259	0.569413	0.55357	0.535669	0.515948	0.494969	0.473592	0.453051	0.434337	0.417502	0.402259	0.388266	0.375176	0.36297	0.35171	0.341346	0.331788	0.322859	0.314352	0.306098	0.297975	
0.299902	0.307932	0.31652	0.325794	0.335776	0.346464	0.357911	0.370179	0.383349	0.397506	0.412729	0.429231	0.446871	0.465794	0.488349	0.516117	0.546348	0.575097	0.600051	0.619938	0.63595	0.649877	0.662032	0.672452	0.681311	0.688655	0.694509	0.69896	0.702268	0.704723	0.706556	0.707899	0.708652	0.708621	0.707591	0.705365	0.701887	0.697134	0.691009	0.683423	0.674305	0.663602	0.65127	0.63713	0.621338	0.603756	0.58205	0.554646	0.524297	0.494951	0.468921	0.447473	0.429404	0.412911	0.39767	0.38364	0.370664	0.358722	0.3478	0.337827	0.328573	0.319773	0.31122	0.302773	
0.304114	0.312349	0.321225	0.330908	0.341391	0.352631	0.364651	0.377521	0.391407	0.406484	0.423112	0.441808	0.461642	0.482335	0.509219	0.546348	0.622061	0.659889	0.690682	0.71334	0.730485	0.745573	0.758879	0.770062	0.779465	0.787251	0.793409	0.798011	0.801382	0.803886	0.805804	0.807287	0.808213	0.808335	0.807376	0.80509	0.801441	0.796437	0.790003	0.782031	0.77237	0.760884	0.747251	0.730995	0.713067	0.693754	0.667741	0.630983	0.555145	0.516695	0.484783	0.460499	0.441208	0.423435	0.406892	0.391911	0.378178	0.365561	0.354089	0.343713	0.334148	0.325063	0.316221	0.307459	
0.308173	0.316598	0.325748	0.335825	0.346795	0.358579	0.37117	0.384642	0.399256	0.415291	0.433318	0.454088	0.476154	0.498958	0.530025	0.575097	0.659889	0.70459	0.739863	0.765171	0.783841	0.800144	0.814472	0.826398	0.836361	0.844578	0.851022	0.855766	0.859198	0.86175	0.863753	0.865381	0.866483	0.866765	0.865885	0.863548	0.859735	0.854483	0.847736	0.839374	0.829156	0.816842	0.801912	0.783658	0.763553	0.742166	0.711992	0.667298	0.582374	0.537028	0.500595	0.473598	0.452695	0.43359	0.415876	0.399968	0.385463	0.372186	0.360186	0.34942	0.339552	0.330192	0.321069	0.311999	
0.31207	0.320676	0.33008	0.340518	0.351942	0.36425	0.377418	0.391527	0.406914	0.423945	0.443301	0.46586	0.489981	0.515007	0.549534	0.600051	0.690682	0.739863	0.778323	0.805995	0.826354	0.84388	0.859132	0.871781	0.882306	0.890933	0.897641	0.90252	0.906014	0.908616	0.910702	0.91247	0.913744	0.914185	0.913393	0.911028	0.907074	0.901584	0.89451	0.885717	0.87489	0.861708	0.845546	0.825577	0.80347	0.779897	0.746283	0.696151	0.605382	0.555534	0.515873	0.486453	0.463776	0.443336	0.424552	0.407743	0.392469	0.378559	0.366059	0.354917	0.344754	0.335127	0.325732	0.316364	
0.315793	0.324577	0.334215	0.34497	0.356799	0.369602	0.383357	0.398157	0.414375	0.432418	0.452983	0.476967	0.502793	0.529852	0.566753	0.619938	0.71334	0.765171	0.805995	0.835634	0.857542	0.876236	0.892373	0.905726	0.916795	0.925803	0.932754	0.937764	0.941325	0.94398	0.946147	0.948044	0.949477	0.950067	0.949371	0.947006	0.942946	0.937236	0.929813	0.920526	0.909024	0.894952	0.877675	0.856351	0.832591	0.807019	0.77105	0.718258	0.624711	0.572191	0.530129	0.498684	0.474377	0.452661	0.432853	0.415168	0.399155	0.384649	0.371682	0.36018	0.349726	0.339838	0.330179	0.320523	
0.319323	0.328287	0.338144	0.34918	0.361372	0.374635	0.388969	0.40448	0.421544	0.440567	0.462206	0.487327	0.514487	0.543174	0.581623	0.63595	0.730485	0.783841	0.826354	0.857542	0.88078	0.900546	0.917525	0.931549	0.943126	0.952487	0.959665	0.964809	0.968449	0.971165	0.973411	0.975426	0.976999	0.97772	0.977116	0.974769	0.970626	0.964711	0.956933	0.947118	0.93492	0.919984	0.90172	0.879329	0.854282	0.827115	0.789618	0.73569	0.641004	0.586938	0.543149	0.5101	0.484388	0.461497	0.440716	0.422201	0.405497	0.390438	0.377033	0.365183	0.35444	0.344293	0.334374	0.32444	
0.322637	0.331784	0.341855	0.353151	0.365675	0.379364	0.394245	0.410439	0.428303	0.448216	0.470798	0.496885	0.525063	0.554842	0.594421	0.649877	0.745573	0.800144	0.84388	0.876236	0.900546	0.921257	0.939024	0.953665	0.965701	0.975389	0.982788	0.988074	0.991807	0.994597	0.996925	0.999045	1.00074	1.00157	1.00104	0.998705	0.994487	0.98838	0.980258	0.969931	0.957069	0.941352	0.922231	0.898936	0.87292	0.844692	0.806083	0.75103	0.655177	0.599875	0.554828	0.52056	0.493703	0.469773	0.448086	0.428809	0.411478	0.39591	0.382092	0.369903	0.35887	0.348461	0.338285	0.32808	
0.325713	0.335053	0.34534	0.356889	0.369723	0.383802	0.399177	0.415979	0.434545	0.45522	0.4786	0.505507	0.534484	0.565028	0.60548	0.662032	0.758879	0.814472	0.859132	0.892373	0.917525	0.939024	0.957477	0.972659	0.985104	0.995097	1.00272	1.00816	1.01201	1.01489	1.0173	1.01952	1.0213	1.02221	1.02172	1.01939	1.01509	1.0088	1.00036	0.98958	0.976141	0.959763	0.939923	0.91587	0.889099	0.860136	0.82067	0.764528	0.667516	0.611171	0.565166	0.529964	0.502198	0.477396	0.454916	0.43497	0.417084	0.401051	0.386842	0.374318	0.362991	0.352315	0.341879	0.33141	
0.328533	0.338073	0.348584	0.360388	0.373521	0.387955	0.403752	0.421054	0.440185	0.461473	0.485502	0.513079	0.542739	0.573975	0.615145	0.672452	0.770062	0.826398	0.871781	0.905726	0.931549	0.953665	0.972659	0.988289	1.00109	1.01138	1.01922	1.02484	1.02882	1.03181	1.03431	1.03661	1.03847	1.03942	1.03894	1.03656	1.03216	1.02569	1.01699	1.00585	0.991956	0.975056	0.954641	0.929975	0.902565	0.872938	0.83277	0.775877	0.678093	0.620985	0.574224	0.538271	0.509775	0.484281	0.461168	0.440666	0.422296	0.405839	0.391259	0.378405	0.36678	0.355828	0.345131	0.334407	
0.33108	0.340825	0.351561	0.363618	0.377033	0.391785	0.407938	0.425635	0.445201	0.466964	0.491501	0.519614	0.549843	0.581681	0.623447	0.681311	0.779465	0.836361	0.882306	0.916795	0.943126	0.965701	0.985104	1.00109	1.01421	1.02476	1.03283	1.03863	1.04277	1.04588	1.04848	1.05085	1.05275	1.05371	1.05321	1.05076	1.04625	1.03961	1.03069	1.01926	1.00503	0.987742	0.966886	0.941738	0.913798	0.883596	0.842847	0.7854	0.687063	0.629375	0.58202	0.545482	0.516425	0.490407	0.466808	0.445855	0.42707	0.410234	0.395306	0.382131	0.37021	0.358983	0.348028	0.33706	
0.333338	0.343284	0.354241	0.366538	0.380213	0.395243	0.411692	0.429702	0.449601	0.47172	0.496641	0.525165	0.555828	0.588118	0.63034	0.688655	0.787251	0.844578	0.890933	0.925803	0.952487	0.975389	0.995097	1.01138	1.02476	1.03555	1.04384	1.04983	1.05413	1.05736	1.06006	1.06249	1.06441	1.06536	1.06481	1.06228	1.05764	1.05085	1.04174	1.0301	1.01562	0.998048	0.976869	0.951358	0.923021	0.892393	0.851201	0.793304	0.694517	0.636379	0.588586	0.551629	0.522172	0.495771	0.471803	0.450492	0.431359	0.414188	0.398941	0.385463	0.373257	0.361764	0.350562	0.339367	
0.335294	0.345431	0.356594	0.369111	0.383018	0.398287	0.414979	0.433235	0.453385	0.475767	0.500963	0.529781	0.560749	0.593348	0.635883	0.694509	0.793409	0.851022	0.897641	0.932754	0.959665	0.982788	1.00272	1.01922	1.03283	1.04384	1.05233	1.05851	1.06296	1.06632	1.06911	1.07159	1.07352	1.07444	1.07382	1.0712	1.06644	1.05951	1.05024	1.03844	1.02378	1.006	0.9846	0.958838	0.930228	0.899313	0.857821	0.799614	0.700515	0.642074	0.59399	0.556758	0.527034	0.500368	0.476129	0.454537	0.435117	0.417658	0.402125	0.38837	0.3759	0.364157	0.352728	0.341328	
0.336933	0.347244	0.358591	0.371301	0.385405	0.400874	0.417765	0.436216	0.456558	0.479129	0.504516	0.533525	0.564683	0.597465	0.640172	0.69896	0.798011	0.855766	0.90252	0.937764	0.964809	0.988074	1.00816	1.02484	1.03863	1.04983	1.05851	1.06485	1.06946	1.07294	1.07581	1.07832	1.08025	1.08112	1.08044	1.07772	1.07285	1.0658	1.0564	1.04446	1.02967	1.01176	0.990208	0.964291	0.93552	0.904441	0.862786	0.804418	0.705161	0.646563	0.598323	0.560932	0.531042	0.504197	0.479763	0.457956	0.438304	0.420602	0.404823	0.390824	0.378117	0.366153	0.354522	0.342945	
0.338246	0.348705	0.360209	0.373079	0.387346	0.402977	0.420026	0.438628	0.459115	0.481822	0.507337	0.536466	0.567734	0.600615	0.643408	0.702268	0.801382	0.859198	0.906014	0.941325	0.968449	0.991807	1.01201	1.02882	1.04277	1.05413	1.06296	1.06946	1.07419	1.07778	1.08071	1.08325	1.08516	1.086	1.08524	1.08244	1.07747	1.07031	1.06081	1.04877	1.03388	1.01586	0.994223	0.968215	0.939356	0.908194	0.866461	0.808022	0.708695	0.650024	0.601705	0.564225	0.534232	0.507266	0.482689	0.460717	0.440881	0.422983	0.407	0.392797	0.379893	0.367744	0.355945	0.344224	
0.339222	0.349797	0.361425	0.374421	0.388815	0.40457	0.421739	0.440455	0.461047	0.483852	0.509456	0.538667	0.570009	0.602956	0.645809	0.704723	0.803886	0.86175	0.908616	0.94398	0.971165	0.994597	1.01489	1.03181	1.04588	1.05736	1.06632	1.07294	1.07778	1.08144	1.08442	1.08698	1.08888	1.08967	1.08886	1.08598	1.08093	1.07369	1.0641	1.05198	1.03701	1.01893	0.997229	0.97116	0.942244	0.911027	0.869242	0.81075	0.711369	0.65264	0.604259	0.56671	0.536639	0.509581	0.484895	0.462796	0.442819	0.424769	0.408629	0.39427	0.381214	0.368923	0.356998	0.345169	
0.339854	0.350508	0.36222	0.375304	0.389787	0.405631	0.422886	0.441685	0.462357	0.485238	0.510917	0.5402	0.571613	0.604633	0.647561	0.706556	0.805804	0.863753	0.910702	0.946147	0.973411	0.996925	1.0173	1.03431	1.04848	1.06006	1.06911	1.07581	1.08071	1.08442	1.08744	1.09	1.09189	1.09265	1.09179	1.08886	1.08375	1.07644	1.06679	1.0546	1.03958	1.02144	0.999676	0.973549	0.944572	0.91329	0.871432	0.81286	0.713392	0.654573	0.606101	0.568463	0.538303	0.511154	0.486372	0.46417	0.444087	0.42593	0.409684	0.395222	0.382069	0.36969	0.357686	0.345788	
0.340137	0.350828	0.36258	0.375711	0.390243	0.406141	0.423453	0.442311	0.463045	0.485994	0.511745	0.541107	0.572609	0.605729	0.648773	0.707899	0.807287	0.865381	0.91247	0.948044	0.975426	0.999045	1.01952	1.03661	1.05085	1.06249	1.07159	1.07832	1.08325	1.08698	1.09	1.09256	1.09444	1.09519	1.09431	1.09134	1.0862	1.07885	1.06915	1.05691	1.04183	1.02363	1.0018	0.975599	0.946537	0.915158	0.873186	0.814484	0.714874	0.65591	0.607297	0.569527	0.539247	0.51199	0.487111	0.464824	0.444667	0.426446	0.410147	0.395641	0.382452	0.370041	0.358009	0.346087	
0.340069	0.350754	0.362505	0.37564	0.390184	0.406098	0.423435	0.442326	0.463102	0.486105	0.511922	0.541362	0.572958	0.60619	0.649369	0.708652	0.808213	0.866483	0.913744	0.949477	0.976999	1.00074	1.0213	1.03847	1.05275	1.06441	1.07352	1.08025	1.08516	1.08888	1.09189	1.09444	1.09631	1.09706	1.09617	1.0932	1.08804	1.08067	1.07094	1.05867	1.04354	1.02528	1.00338	0.977097	0.947939	0.916445	0.874338	0.815479	0.715699	0.656561	0.60778	0.569856	0.539441	0.512071	0.487104	0.464755	0.444559	0.426322	0.410023	0.395528	0.382359	0.369972	0.357962	0.346058	
0.339649	0.35029	0.362001	0.3751	0.389614	0.405509	0.422834	0.441726	0.462517	0.485547	0.511407	0.540904	0.572575	0.605904	0.6492	0.708621	0.808335	0.866765	0.914185	0.950067	0.97772	1.00157	1.02221	1.03942	1.05371	1.06536	1.07444	1.08112	1.086	1.08967	1.09265	1.09519	1.09706	1.09781	1.09694	1.09397	1.08882	1.08145	1.07172	1.05942	1.04426	1.02596	1.004	0.977645	0.948402	0.916807	0.87458	0.815583	0.715654	0.656363	0.607432	0.56937	0.538837	0.511373	0.486345	0.463969	0.443777	0.42557	0.409322	0.394892	0.381794	0.369479	0.357537	0.345688	
0.338879	0.349443	0.361077	0.374102	0.388549	0.404383	0.421659	0.440513	0.461278	0.484298	0.510161	0.539677	0.571381	0.604755	0.648107	0.707591	0.807376	0.865885	0.913393	0.949371	0.977116	1.00104	1.02172	1.03894	1.05321	1.06481	1.07382	1.08044	1.08524	1.08886	1.09179	1.09431	1.09617	1.09694	1.09608	1.09314	1.08801	1.08066	1.07094	1.05865	1.04348	1.02516	1.00318	0.976784	0.947494	0.915844	0.873557	0.814497	0.714502	0.655142	0.606136	0.567997	0.537393	0.509878	0.48483	0.462473	0.442336	0.42421	0.408063	0.393745	0.380763	0.368562	0.356725	0.34497	
0.337764	0.348222	0.359746	0.372663	0.387004	0.402737	0.419919	0.438688	0.459379	0.482334	0.508145	0.53762	0.569289	0.602629	0.645937	0.705365	0.80509	0.863548	0.911028	0.947006	0.974769	0.998705	1.01939	1.03656	1.05076	1.06228	1.0712	1.07772	1.08244	1.08598	1.08886	1.09134	1.0932	1.09397	1.09314	1.09023	1.08514	1.07783	1.06815	1.0559	1.04076	1.02246	1.00049	0.974115	0.944838	0.913209	0.870959	0.811956	0.712028	0.652731	0.603773	0.565657	0.535064	0.507567	0.482561	0.460283	0.440257	0.422266	0.406266	0.392101	0.379273	0.367221	0.355524	0.343893	
0.336308	0.346632	0.358018	0.370793	0.384991	0.400583	0.417626	0.436258	0.456817	0.479644	0.505332	0.53469	0.566242	0.599455	0.642621	0.701887	0.801441	0.859735	0.907074	0.942946	0.970626	0.994487	1.01509	1.03216	1.04625	1.05764	1.06644	1.07285	1.07747	1.08093	1.08375	1.0862	1.08804	1.08882	1.08801	1.08514	1.0801	1.07285	1.06323	1.05104	1.03598	1.01776	0.995868	0.969573	0.940389	0.908869	0.866752	0.807912	0.708163	0.649046	0.600252	0.562272	0.531798	0.504418	0.479542	0.457417	0.437566	0.41976	0.403952	0.389977	0.377334	0.365461	0.353932	0.342454	
0.334516	0.344683	0.355904	0.368507	0.382527	0.397935	0.41479	0.433231	0.453594	0.476221	0.501705	0.530855	0.562192	0.595182	0.638113	0.697134	0.796437	0.854483	0.901584	0.937236	0.964711	0.98838	1.0088	1.02569	1.03961	1.05085	1.05951	1.0658	1.07031	1.07369	1.07644	1.07885	1.08067	1.08145	1.08066	1.07783	1.07285	1.06567	1.05615	1.04407	1.02912	1.01104	0.989301	0.963174	0.934174	0.902857	0.860965	0.80237	0.70288	0.64403	0.5955	0.557777	0.527551	0.500414	0.47578	0.453898	0.434288	0.416719	0.401141	0.387389	0.374958	0.363288	0.351951	0.340653	
0.332397	0.342386	0.353419	0.365821	0.379629	0.394812	0.411431	0.429623	0.449722	0.472067	0.497247	0.526071	0.557067	0.589712	0.632308	0.691009	0.790003	0.847736	0.89451	0.929813	0.956933	0.980258	1.00036	1.01699	1.03069	1.04174	1.05024	1.0564	1.06081	1.0641	1.06679	1.06915	1.07094	1.07172	1.07094	1.06815	1.06323	1.05615	1.04674	1.0348	1.02004	1.00216	0.980668	0.954819	0.926126	0.895131	0.853563	0.795285	0.696116	0.637598	0.589426	0.552092	0.522273	0.495541	0.47129	0.449755	0.430458	0.413175	0.397861	0.384357	0.372161	0.360712	0.349585	0.33849	
0.329963	0.339758	0.350581	0.362758	0.376321	0.391238	0.407569	0.425452	0.445214	0.467188	0.491954	0.520317	0.550828	0.58299	0.625132	0.683423	0.782031	0.839374	0.885717	0.920526	0.947118	0.969931	0.98958	1.00585	1.01926	1.0301	1.03844	1.04446	1.04877	1.05198	1.0546	1.05691	1.05867	1.05942	1.05865	1.0559	1.05104	1.04407	1.0348	1.02306	1.00852	0.990936	0.969789	0.944348	0.916101	0.885563	0.844436	0.786568	0.687794	0.629688	0.581981	0.545187	0.515953	0.489805	0.466092	0.445017	0.426108	0.409159	0.39414	0.380905	0.368959	0.357744	0.346843	0.33597	
0.327233	0.336819	0.347416	0.359344	0.372631	0.387242	0.403234	0.420743	0.44009	0.461601	0.485845	0.513628	0.543518	0.575046	0.616577	0.674305	0.77237	0.829156	0.87489	0.909024	0.93492	0.957069	0.976141	0.991956	1.00503	1.01562	1.02378	1.02967	1.03388	1.03701	1.03958	1.04183	1.04354	1.04426	1.04348	1.04076	1.03598	1.02912	1.02004	1.00852	0.994291	0.977073	0.956373	0.931454	0.903785	0.873854	0.833323	0.776016	0.677795	0.620272	0.57321	0.53714	0.508668	0.483262	0.46022	0.439708	0.42126	0.404695	0.390004	0.377059	0.365377	0.354407	0.343743	0.333109	
0.324228	0.333594	0.343951	0.355609	0.368591	0.382857	0.398459	0.415526	0.434376	0.455331	0.478957	0.506064	0.535214	0.565939	0.606657	0.663602	0.760884	0.816842	0.861708	0.894952	0.919984	0.941352	0.959763	0.975056	0.987742	0.998048	1.006	1.01176	1.01586	1.01893	1.02144	1.02363	1.02528	1.02596	1.02516	1.02246	1.01776	1.01104	1.00216	0.990936	0.977073	0.960309	0.940146	0.915841	0.888866	0.859708	0.819975	0.763448	0.666022	0.60935	0.563196	0.52807	0.500532	0.475994	0.453718	0.433852	0.415934	0.399807	0.385479	0.372846	0.361441	0.350724	0.340308	0.32993	
0.320971	0.330108	0.340211	0.351583	0.364236	0.378122	0.39328	0.409832	0.428098	0.448405	0.471334	0.497693	0.526031	0.555856	0.595532	0.65127	0.747251	0.801912	0.845546	0.877675	0.90172	0.922231	0.939923	0.954641	0.966886	0.976869	0.9846	0.990208	0.994223	0.997229	0.999676	1.0018	1.00338	1.004	1.00318	1.00049	0.995868	0.989301	0.980668	0.969789	0.956373	0.940146	0.920595	0.89697	0.870759	0.842469	0.803761	0.748438	0.652324	0.596975	0.552093	0.518141	0.491663	0.468077	0.446635	0.427479	0.410155	0.394519	0.380595	0.368297	0.357179	0.346724	0.336566	0.326457	
0.317486	0.326387	0.336227	0.347297	0.359599	0.373072	0.387737	0.403701	0.421298	0.440875	0.463032	0.488575	0.516045	0.544907	0.583259	0.63713	0.730995	0.783658	0.825577	0.856351	0.879329	0.898936	0.91587	0.929975	0.941738	0.951358	0.958838	0.964291	0.968215	0.97116	0.973549	0.975599	0.977097	0.977645	0.976784	0.974115	0.969573	0.963174	0.954819	0.944348	0.931454	0.915841	0.89697	0.874093	0.848697	0.821336	0.783934	0.730475	0.636487	0.583163	0.540038	0.507501	0.48217	0.459587	0.439026	0.420628	0.403954	0.388861	0.375381	0.363441	0.352621	0.342435	0.332544	0.322718	
0.313802	0.322465	0.332033	0.342783	0.354707	0.367736	0.381866	0.397194	0.414059	0.432818	0.454117	0.47877	0.505194	0.532719	0.569413	0.621338	0.713067	0.763553	0.80347	0.832591	0.854282	0.87292	0.889099	0.902565	0.913798	0.923021	0.930228	0.93552	0.939356	0.942244	0.944572	0.946537	0.947939	0.948402	0.947494	0.944838	0.940389	0.934174	0.926126	0.916101	0.903785	0.888866	0.870759	0.848697	0.824295	0.798236	0.762472	0.710955	0.619114	0.567992	0.526914	0.496091	0.472129	0.450622	0.430945	0.413343	0.397375	0.382875	0.369874	0.35831	0.347796	0.337886	0.328269	0.318736	
0.309946	0.318375	0.327665	0.338073	0.349588	0.362139	0.375707	0.390378	0.406475	0.424335	0.444666	0.468315	0.493383	0.518954	0.55357	0.603756	0.693754	0.742166	0.779897	0.807019	0.827115	0.844692	0.860136	0.872938	0.883596	0.892393	0.899313	0.904441	0.908194	0.911027	0.91329	0.915158	0.916445	0.916807	0.915844	0.913209	0.908869	0.902857	0.895131	0.885563	0.873854	0.859708	0.842469	0.821336	0.798236	0.774093	0.740389	0.690604	0.600505	0.551483	0.512635	0.483874	0.461593	0.441256	0.422452	0.405679	0.390474	0.376605	0.364111	0.352937	0.342735	0.333104	0.323767	0.314535	
0.30595	0.314152	0.323157	0.333196	0.344264	0.356304	0.369299	0.383322	0.398656	0.415588	0.434793	0.457059	0.480431	0.503907	0.535669	0.58205	0.667741	0.711992	0.746283	0.77105	0.789618	0.806083	0.82067	0.83277	0.842847	0.851201	0.857821	0.862786	0.866461	0.869242	0.871432	0.873186	0.874338	0.87458	0.873557	0.870959	0.866752	0.860965	0.853563	0.844436	0.833323	0.819975	0.803761	0.783934	0.762472	0.740389	0.709516	0.663531	0.577748	0.532914	0.497548	0.471206	0.450541	0.43143	0.413626	0.397728	0.383303	0.370094	0.358128	0.347355	0.337467	0.328118	0.319065	0.310143	
0.30184	0.309827	0.318541	0.328181	0.338765	0.350265	0.362684	0.376085	0.390687	0.406706	0.424603	0.444928	0.466302	0.488007	0.515948	0.554646	0.630983	0.667298	0.696151	0.718258	0.73569	0.75103	0.764528	0.775877	0.7854	0.793304	0.799614	0.804418	0.808022	0.81075	0.81286	0.814484	0.815479	0.815583	0.814497	0.811956	0.807912	0.80237	0.795285	0.786568	0.776016	0.763448	0.748438	0.730475	0.710955	0.690604	0.663531	0.625222	0.548801	0.511928	0.482044	0.458426	0.438985	0.421115	0.404549	0.389581	0.375917	0.363382	0.351965	0.341598	0.332025	0.322961	0.314197	0.305589	
0.297633	0.305413	0.313834	0.32306	0.333137	0.344078	0.355916	0.368705	0.382582	0.39767	0.414153	0.432272	0.451441	0.471366	0.494969	0.524297	0.555145	0.582374	0.605382	0.624711	0.641004	0.655177	0.667516	0.678093	0.687063	0.694517	0.700515	0.705161	0.708695	0.711369	0.713392	0.714874	0.715699	0.715654	0.714502	0.712028	0.708163	0.70288	0.696116	0.687794	0.677795	0.666022	0.652324	0.636487	0.619114	0.600505	0.577748	0.548801	0.517877	0.490114	0.466118	0.445342	0.427129	0.410544	0.395286	0.381275	0.368375	0.356521	0.34566	0.335701	0.326445	0.317669	0.309197	0.300906	
0.293343	0.300918	0.309048	0.317862	0.327431	0.337806	0.349049	0.361211	0.374332	0.388434	0.403489	0.419505	0.436413	0.454199	0.473592	0.494951	0.516695	0.537028	0.555534	0.572191	0.586938	0.599875	0.611171	0.620985	0.629375	0.636379	0.642074	0.646563	0.650024	0.65264	0.654573	0.65591	0.656561	0.656363	0.655142	0.652731	0.649046	0.64403	0.637598	0.629688	0.620272	0.60935	0.596975	0.583163	0.567992	0.551483	0.532914	0.511928	0.490114	0.46927	0.449818	0.431778	0.415199	0.399968	0.385903	0.372841	0.360735	0.349561	0.339249	0.3297	0.320763	0.312279	0.304102	0.29613	
0.288981	0.296348	0.304195	0.312618	0.321699	0.331513	0.34214	0.353622	0.365926	0.378986	0.392665	0.406844	0.421649	0.437165	0.453051	0.468921	0.484783	0.500595	0.515873	0.530129	0.543149	0.554828	0.565166	0.574224	0.58202	0.588586	0.59399	0.598323	0.601705	0.604259	0.606101	0.607297	0.60778	0.607432	0.606136	0.603773	0.600252	0.5955	0.589426	0.581981	0.57321	0.563196	0.552093	0.540038	0.526914	0.512635	0.497548	0.482044	0.466118	0.449818	0.433635	0.418058	0.403292	0.389435	0.376479	0.364356	0.353054	0.342549	0.33277	0.323628	0.315016	0.306826	0.298946	0.291294	
0.284561	0.291714	0.299288	0.30735	0.315979	0.325248	0.335233	0.345966	0.357377	0.369359	0.381762	0.394448	0.407478	0.420894	0.434337	0.447473	0.460499	0.473598	0.486453	0.498684	0.5101	0.52056	0.529964	0.538271	0.545482	0.551629	0.556758	0.560932	0.564225	0.56671	0.568463	0.569527	0.569856	0.56937	0.567997	0.565657	0.562272	0.557777	0.552092	0.545187	0.53714	0.52807	0.518141	0.507501	0.496091	0.483874	0.471206	0.458426	0.445342	0.431778	0.418058	0.404567	0.391491	0.378967	0.367089	0.355896	0.345384	0.335524	0.326258	0.317519	0.309238	0.301346	0.293763	0.28643	
0.280106	0.287034	0.294339	0.302065	0.310272	0.319015	0.328351	0.338297	0.348782	0.3597	0.37094	0.3824	0.394004	0.405698	0.417502	0.429404	0.441208	0.452695	0.463776	0.474377	0.484388	0.493703	0.502198	0.509775	0.516425	0.522172	0.527034	0.531042	0.534232	0.536639	0.538303	0.539247	0.539441	0.538837	0.537393	0.535064	0.531798	0.527551	0.522273	0.515953	0.508668	0.500532	0.491663	0.48217	0.472129	0.461593	0.450541	0.438985	0.427129	0.415199	0.403292	0.391491	0.379902	0.368632	0.357803	0.34751	0.337757	0.328511	0.31974	0.311403	0.30346	0.295872	0.288591	0.281576	
0.275641	0.28233	0.289362	0.296761	0.304565	0.312804	0.321507	0.330677	0.340263	0.350186	0.360374	0.370752	0.381222	0.391706	0.402259	0.412911	0.423435	0.43359	0.443336	0.452661	0.461497	0.469773	0.477396	0.484281	0.490407	0.495771	0.500368	0.504197	0.507266	0.509581	0.511154	0.51199	0.512071	0.511373	0.509878	0.507567	0.504418	0.500414	0.495541	0.489805	0.483262	0.475994	0.468077	0.459587	0.450622	0.441256	0.43143	0.421115	0.410544	0.399968	0.389435	0.378967	0.368632	0.358505	0.34868	0.339238	0.330193	0.321531	0.313242	0.305307	0.297711	0.290439	0.283465	0.276767	
0.271187	0.277621	0.284368	0.291438	0.298847	0.306604	0.314712	0.323164	0.331929	0.340964	0.35022	0.35964	0.369167	0.378737	0.388266	0.39767	0.406892	0.415876	0.424552	0.432853	0.440716	0.448086	0.454916	0.461168	0.466808	0.471803	0.476129	0.479763	0.482689	0.484895	0.486372	0.487111	0.487104	0.486345	0.48483	0.482561	0.479542	0.47578	0.47129	0.466092	0.46022	0.453718	0.446635	0.439026	0.430945	0.422452	0.413626	0.404549	0.395286	0.385903	0.376479	0.367089	0.357803	0.34868	0.339768	0.331105	0.322713	0.314605	0.306786	0.299257	0.29202	0.285076	0.278417	0.272037	
0.266765	0.272927	0.279371	0.2861	0.293114	0.30041	0.307978	0.315803	0.323866	0.332139	0.340589	0.349175	0.357847	0.366547	0.375176	0.38364	0.391911	0.399968	0.407743	0.415168	0.422201	0.428809	0.43497	0.440666	0.445855	0.450492	0.454537	0.457956	0.460717	0.462796	0.46417	0.464824	0.464755	0.463969	0.462473	0.460283	0.457417	0.453898	0.449755	0.445017	0.439708	0.433852	0.427479	0.420628	0.413343	0.405679	0.397728	0.389581	0.381275	0.372841	0.364356	0.355896	0.34751	0.339238	0.331105	0.323129	0.315336	0.307752	0.300394	0.293276	0.28641	0.279807	0.273473	0.267409	
0.262387	0.268263	0.274392	0.28077	0.287392	0.29425	0.301331	0.308616	0.316086	0.323716	0.33148	0.339342	0.34725	0.355146	0.36297	0.370664	0.378178	0.385463	0.392469	0.399155	0.405497	0.411478	0.417084	0.422296	0.42707	0.431359	0.435117	0.438304	0.440881	0.442819	0.444087	0.444667	0.444559	0.443777	0.442336	0.440257	0.437566	0.434288	0.430458	0.426108	0.42126	0.415934	0.410155	0.403954	0.397375	0.390474	0.383303	0.375917	0.368375	0.360735	0.353054	0.345384	0.337757	0.330193	0.322713	0.315336	0.308089	0.301	0.294092	0.287385	0.280898	0.274646	0.268642	0.262892	
0.258062	0.263643	0.269451	0.275477	0.281717	0.288162	0.294799	0.30161	0.308573	0.31566	0.322844	0.330089	0.337348	0.34457	0.35171	0.358722	0.365561	0.372186	0.378559	0.384649	0.390438	0.39591	0.401051	0.405839	0.410234	0.414188	0.417658	0.420602	0.422983	0.424769	0.42593	0.426446	0.426322	0.42557	0.42421	0.422266	0.41976	0.416719	0.413175	0.409159	0.404695	0.399807	0.394519	0.388861	0.382875	0.376605	0.370094	0.363382	0.356521	0.349561	0.342549	0.335524	0.328511	0.321531	0.314605	0.307752	0.301	0.294377	0.287904	0.281604	0.275497	0.2696	0.263927	0.258484	
0.253798	0.259082	0.264567	0.270247	0.276118	0.282173	0.288403	0.294791	0.301312	0.307936	0.31463	0.32136	0.328084	0.33476	0.341346	0.3478	0.354089	0.360186	0.366059	0.371682	0.377033	0.382092	0.386842	0.391259	0.395306	0.398941	0.402125	0.404823	0.407	0.408629	0.409684	0.410147	0.410023	0.409322	0.408063	0.406266	0.403952	0.401141	0.397861	0.39414	0.390004	0.385479	0.380595	0.375381	0.369874	0.364111	0.358128	0.351965	0.34566	0.339249	0.33277	0.326258	0.31974	0.313242	0.306786	0.300394	0.294092	0.287904	0.28185	0.275949	0.270218	0.264672	0.259325	0.254181	
0.249602	0.254591	0.259761	0.265106	0.270625	0.276314	0.282165	0.288165	0.294289	0.300506	0.306784	0.313088	0.319381	0.325627	0.331788	0.337827	0.343713	0.34942	0.354917	0.36018	0.365183	0.369903	0.374318	0.378405	0.382131	0.385463	0.38837	0.390824	0.392797	0.39427	0.395222	0.395641	0.395528	0.394892	0.393745	0.392101	0.389977	0.387389	0.384357	0.380905	0.377059	0.372846	0.368297	0.363441	0.35831	0.352937	0.347355	0.341598	0.335701	0.3297	0.323628	0.317519	0.311403	0.305307	0.299257	0.293276	0.287385	0.281604	0.275949	0.270432	0.265067	0.259865	0.254834	0.249977	
0.245482	0.250185	0.255049	0.260074	0.265258	0.270602	0.2761	0.28174	0.2875	0.293352	0.299264	0.305204	0.311139	0.317035	0.322859	0.328573	0.334148	0.339552	0.344754	0.349726	0.35444	0.35887	0.362991	0.36678	0.37021	0.373257	0.3759	0.378117	0.379893	0.381214	0.382069	0.382452	0.382359	0.381794	0.380763	0.379273	0.377334	0.374958	0.372161	0.368959	0.365377	0.361441	0.357179	0.352621	0.347796	0.342735	0.337467	0.332025	0.326445	0.320763	0.315016	0.309238	0.30346	0.297711	0.29202	0.28641	0.280898	0.275497	0.270218	0.265067	0.260052	0.255179	0.25045	0.245866	
0.241445	0.245874	0.250448	0.255168	0.260037	0.265055	0.27022	0.275524	0.280946	0.28646	0.292036	0.297645	0.303255	0.308835	0.314352	0.319773	0.325063	0.330192	0.335127	0.339838	0.344293	0.348461	0.352315	0.355828	0.358983	0.361764	0.364157	0.366153	0.367744	0.368923	0.36969	0.370041	0.369972	0.369479	0.368562	0.367221	0.365461	0.363288	0.360712	0.357744	0.354407	0.350724	0.346724	0.342435	0.337886	0.333104	0.328118	0.322961	0.317669	0.312279	0.306826	0.301346	0.295872	0.290439	0.285076	0.279807	0.274646	0.2696	0.264672	0.259865	0.255179	0.250615	0.246171	0.241842	
0.237495	0.241669	0.245972	0.250406	0.254978	0.259688	0.264537	0.269519	0.274615	0.279801	0.28505	0.290333	0.295622	0.300888	0.306098	0.31122	0.316221	0.321069	0.325732	0.330179	0.334374	0.338285	0.341879	0.345131	0.348028	0.350562	0.352728	0.354522	0.355945	0.356998	0.357686	0.358009	0.357962	0.357537	0.356725	0.355524	0.353932	0.351951	0.349585	0.346843	0.343743	0.340308	0.336566	0.332544	0.328269	0.323767	0.319065	0.314197	0.309197	0.304102	0.298946	0.293763	0.288591	0.283465	0.278417	0.273473	0.268642	0.263927	0.259325	0.254834	0.25045	0.246171	0.241988	0.237895	
0.233633	0.237575	0.241629	0.245799	0.250093	0.254512	0.259057	0.263724	0.268497	0.273354	0.278269	0.283214	0.288165	0.293095	0.297975	0.302773	0.307459	0.311999	0.316364	0.320523	0.32444	0.32808	0.33141	0.334407	0.33706	0.339367	0.341328	0.342945	0.344224	0.345169	0.345788	0.346087	0.346058	0.345688	0.34497	0.343893	0.342454	0.340653	0.33849	0.33597	0.333109	0.32993	0.326457	0.322718	0.318736	0.314535	0.310143	0.305589	0.300906	0.29613	0.291294	0.28643	0.281576	0.276767	0.272037	0.267409	0.262892	0.258484	0.254181	0.249977	0.245866	0.241842	0.237895	0.234018	
