0.278124 0.289998 0.302347 0.315038 0.327866  0.34055 0.352743 0.364071 0.374184 0.382788 0.389665 0.394668 0.397702 0.398718 0.397702 0.394668 0.389665 0.382788 0.374184 0.364071 0.352743  0.34055 0.327866 0.315038 0.302347 0.289998 0.278124   0.2668 0.256059
0.289998 0.303626 0.318008 0.333024  0.34844 0.363887 0.378869 0.392835 0.405282 0.415822 0.424199 0.430262 0.433925  0.43515 0.433925 0.430262 0.424199 0.415822 0.405282 0.392835 0.378869 0.363887  0.34844 0.333024 0.318008 0.303626 0.289998 0.277173  0.26515
0.302347 0.318008 0.334832 0.352752 0.371542 0.390725 0.409547 0.427118 0.442674 0.455712 0.465968 0.473328 0.477751 0.479226 0.477751 0.473328 0.465968 0.455712 0.442674 0.427118 0.409547 0.390725 0.371542 0.352752 0.334832 0.318008 0.302347 0.287828 0.274391
0.315038 0.333024 0.352752 0.374315 0.397616 0.422115 0.446569 0.469324 0.489118 0.505379 0.517957 0.526874 0.532191 0.533958 0.532191 0.526874 0.517957 0.505379 0.489118 0.469324 0.446569 0.422115 0.397616 0.374315 0.352752 0.333024 0.315038 0.298642 0.283674
0.327866  0.34844 0.371542 0.397616 0.427068 0.459759 0.493527 0.524339 0.550011 0.570359 0.585719 0.596439 0.602772 0.604867 0.602772 0.596439 0.585719 0.570359 0.550011 0.524339 0.493527 0.459759 0.427068 0.397616 0.371542  0.34844 0.327866 0.309442 0.292854
 0.34055 0.363887 0.390725 0.422115 0.459759  0.50659 0.561314 0.606134 0.639727 0.664971  0.68348 0.696181 0.703613  0.70606 0.703613 0.696181  0.68348 0.664971 0.639727 0.606134 0.561314  0.50659 0.459759 0.422115 0.390725 0.363887  0.34055  0.32001 0.301763
0.352743 0.378869 0.409547 0.446569 0.493527 0.561314 0.691539 0.757187 0.799835 0.830308 0.852089 0.866821 0.875371 0.878176 0.875371 0.866821 0.852089 0.830308 0.799835 0.757187 0.691539 0.561314 0.493527 0.446569 0.409547 0.378869 0.352743 0.330094 0.310207
0.364071 0.392835 0.427118 0.469324 0.524339 0.606134 0.757187 0.836725 0.887187 0.922465  0.94732 0.963978 0.973593  0.97674 0.973593 0.963978  0.94732 0.922465 0.887187 0.836725 0.757187 0.606134 0.524339 0.469324 0.427118 0.392835 0.364071 0.339425 0.317989
0.374184 0.405282 0.442674 0.489118 0.550011 0.639727 0.799835 0.887187 0.943309 0.982485  1.00997  1.02832  1.03888  1.04233  1.03888  1.02832  1.00997 0.982485 0.943309 0.887187 0.799835 0.639727 0.550011 0.489118 0.442674 0.405282 0.374184 0.347748 0.324916
0.382788 0.415822 0.455712 0.505379 0.570359 0.664971 0.830308 0.922465 0.982485  1.02459  1.05416  1.07389  1.08524  1.08895  1.08524  1.07389  1.05416  1.02459 0.982485 0.922465 0.830308 0.664971 0.570359 0.505379 0.455712 0.415822 0.382788 0.354841 0.330817
0.389665 0.424199 0.465968 0.517957 0.585719  0.68348 0.852089  0.94732  1.00997  1.05416  1.08528  1.10606  1.11802  1.12193  1.11802  1.10606  1.08528  1.05416  1.00997  0.94732 0.852089  0.68348 0.585719 0.517957 0.465968 0.424199 0.389665 0.360525  0.33555
0.394668 0.430262 0.473328 0.526874 0.596439 0.696181 0.866821 0.963978  1.02832  1.07389  1.10606  1.12757  1.13996  1.14401  1.13996  1.12757  1.10606  1.07389  1.02832 0.963978 0.866821 0.696181 0.596439 0.526874 0.473328 0.430262 0.394668 0.364671 0.339006
0.397702 0.433925 0.477751 0.532191 0.602772 0.703613 0.875371 0.973593  1.03888  1.08524  1.11802  1.13996  1.15261  1.15674  1.15261  1.13996  1.11802  1.08524  1.03888 0.973593 0.875371 0.703613 0.602772 0.532191 0.477751 0.433925 0.397702 0.367191 0.341109
0.398718  0.43515 0.479226 0.533958 0.604867  0.70606 0.878176  0.97674  1.04233  1.08895  1.12193  1.14401  1.15674   1.1609  1.15674  1.14401  1.12193  1.08895  1.04233  0.97674 0.878176  0.70606 0.604867 0.533958 0.479226  0.43515 0.398718 0.368036 0.341815
0.397702 0.433925 0.477751 0.532191 0.602772 0.703613 0.875371 0.973593  1.03888  1.08524  1.11802  1.13996  1.15261  1.15674  1.15261  1.13996  1.11802  1.08524  1.03888 0.973593 0.875371 0.703613 0.602772 0.532191 0.477751 0.433925 0.397702 0.367191 0.341109
0.394668 0.430262 0.473328 0.526874 0.596439 0.696181 0.866821 0.963978  1.02832  1.07389  1.10606  1.12757  1.13996  1.14401  1.13996  1.12757  1.10606  1.07389  1.02832 0.963978 0.866821 0.696181 0.596439 0.526874 0.473328 0.430262 0.394668 0.364671 0.339006
0.389665 0.424199 0.465968 0.517957 0.585719  0.68348 0.852089  0.94732  1.00997  1.05416  1.08528  1.10606  1.11802  1.12193  1.11802  1.10606  1.08528  1.05416  1.00997  0.94732 0.852089  0.68348 0.585719 0.517957 0.465968 0.424199 0.389665 0.360525  0.33555
0.382788 0.415822 0.455712 0.505379 0.570359 0.664971 0.830308 0.922465 0.982485  1.02459  1.05416  1.07389  1.08524  1.08895  1.08524  1.07389  1.05416  1.02459 0.982485 0.922465 0.830308 0.664971 0.570359 0.505379 0.455712 0.415822 0.382788 0.354841 0.330817
0.374184 0.405282 0.442674 0.489118 0.550011 0.639727 0.799835 0.887187 0.943309 0.982485  1.00997  1.02832  1.03888  1.04233  1.03888  1.02832  1.00997 0.982485 0.943309 0.887187 0.799835 0.639727 0.550011 0.489118 0.442674 0.405282 0.374184 0.347748 0.324916
0.364071 0.392835 0.427118 0.469324 0.524339 0.606134 0.757187 0.836725 0.887187 0.922465  0.94732 0.963978 0.973593  0.97674 0.973593 0.963978  0.94732 0.922465 0.887187 0.836725 0.757187 0.606134 0.524339 0.469324 0.427118 0.392835 0.364071 0.339425 0.317989
0.352743 0.378869 0.409547 0.446569 0.493527 0.561314 0.691539 0.757187 0.799835 0.830308 0.852089 0.866821 0.875371 0.878176 0.875371 0.866821 0.852089 0.830308 0.799835 0.757187 0.691539 0.561314 0.493527 0.446569 0.409547 0.378869 0.352743 0.330094 0.310207
 0.34055 0.363887 0.390725 0.422115 0.459759  0.50659 0.561314 0.606134 0.639727 0.664971  0.68348 0.696181 0.703613  0.70606 0.703613 0.696181  0.68348 0.664971 0.639727 0.606134 0.561314  0.50659 0.459759 0.422115 0.390725 0.363887  0.34055  0.32001 0.301763
0.327866  0.34844 0.371542 0.397616 0.427068 0.459759 0.493527 0.524339 0.550011 0.570359 0.585719 0.596439 0.602772 0.604867 0.602772 0.596439 0.585719 0.570359 0.550011 0.524339 0.493527 0.459759 0.427068 0.397616 0.371542  0.34844 0.327866 0.309442 0.292854
0.315038 0.333024 0.352752 0.374315 0.397616 0.422115 0.446569 0.469324 0.489118 0.505379 0.517957 0.526874 0.532191 0.533958 0.532191 0.526874 0.517957 0.505379 0.489118 0.469324 0.446569 0.422115 0.397616 0.374315 0.352752 0.333024 0.315038 0.298642 0.283674
0.302347 0.318008 0.334832 0.352752 0.371542 0.390725 0.409547 0.427118 0.442674 0.455712 0.465968 0.473328 0.477751 0.479226 0.477751 0.473328 0.465968 0.455712 0.442674 0.427118 0.409547 0.390725 0.371542 0.352752 0.334832 0.318008 0.302347 0.287828 0.274391
0.289998 0.303626 0.318008 0.333024  0.34844 0.363887 0.378869 0.392835 0.405282 0.415822 0.424199 0.430262 0.433925  0.43515 0.433925 0.430262 0.424199 0.415822 0.405282 0.392835 0.378869 0.363887  0.34844 0.333024 0.318008 0.303626 0.289998 0.277173  0.26515
0.278124 0.289998 0.302347 0.315038 0.327866  0.34055 0.352743 0.364071 0.374184 0.382788 0.389665 0.394668 0.397702 0.398718 0.397702 0.394668 0.389665 0.382788 0.374184 0.364071 0.352743  0.34055 0.327866 0.315038 0.302347 0.289998 0.278124   0.2668 0.256059
  0.2668 0.277173 0.287828 0.298642 0.309442  0.32001 0.330094 0.339425 0.347748 0.354841 0.360525 0.364671 0.367191 0.368036 0.367191 0.364671 0.360525 0.354841 0.347748 0.339425 0.330094  0.32001 0.309442 0.298642 0.287828 0.277173   0.2668 0.256793 0.247202
0.256059  0.26515 0.274391 0.283674 0.292854 0.301763 0.310207 0.317989 0.324916 0.330817  0.33555 0.339006 0.341109 0.341815 0.341109 0.339006  0.33555 0.330817 0.324916 0.317989 0.310207 0.301763 0.292854 0.283674 0.274391  0.26515 0.256059 0.247202 0.238633
