0.262907 0.270462 0.278235 0.286196 0.294304 0.302504 0.310726 0.318885 0.326883 0.334612 0.341959 0.348817 0.355086 0.360676 0.365517 0.369548 0.372725 0.375016 0.376399 0.376862 0.376399 0.375016 0.372725 0.369548 0.365517 0.360676 0.355086 0.348817 0.341959 0.334612 0.326883 0.318885 0.310726 0.302504 0.294304 0.286196 0.278235 0.270462 0.262907 0.255588 0.248517
0.270462 0.278737 0.287303 0.296133 0.305188 0.314408 0.323715 0.333006 0.342159 0.351037 0.359496 0.367399  0.37462 0.381052 0.386612 0.391235 0.394872 0.397491  0.39907 0.399598  0.39907 0.397491 0.394872 0.391235 0.386612 0.381052  0.37462 0.367399 0.359496 0.351037 0.342159 0.333006 0.323715 0.314408 0.305188 0.296133 0.287303 0.278737 0.270462 0.262493 0.254834
0.278235 0.287303 0.296754 0.306569 0.316714 0.327128 0.337723 0.348378 0.358938 0.369224 0.379045 0.388221 0.396593 0.404033 0.410446 0.415761 0.419933 0.422932 0.424737  0.42534 0.424737 0.422932 0.419933 0.415761 0.410446 0.404033 0.396593 0.388221 0.379045 0.369224 0.358938 0.348378 0.337723 0.327128 0.316714 0.306569 0.296754 0.287303 0.278235 0.269557 0.261265
0.286196 0.296133 0.306569   0.3175   0.3289 0.340719 0.352861 0.365185 0.377491 0.389535 0.401055 0.411806 0.421584 0.430235 0.437657 0.443784 0.448576 0.452009 0.454073 0.454762 0.454073 0.452009 0.448576 0.443784 0.437657 0.430235 0.421584 0.411806 0.401055 0.389535 0.377491 0.365185 0.352861 0.340719   0.3289   0.3175 0.306569 0.296133 0.286196  0.27675  0.26778
0.294304 0.305188 0.316714   0.3289 0.341748 0.355225 0.369246 0.383649 0.398176 0.412478 0.426173 0.438907 0.450417  0.46053 0.469145 0.476215 0.481716 0.485645 0.488001 0.488786 0.488001 0.485645 0.481716 0.476215 0.469145  0.46053 0.450417 0.438907 0.426173 0.412478 0.398176 0.383649 0.369246 0.355225 0.341748   0.3289 0.316714 0.305188 0.294304 0.284033 0.274342
0.302504 0.314408 0.327128 0.340719 0.355225 0.370663 0.386988 0.404043 0.421496 0.438819 0.455391  0.47068 0.484346 0.496218 0.506234 0.514386 0.520692 0.525176 0.527856 0.528748 0.527856 0.525176 0.520692 0.514386 0.506234 0.496218 0.484346  0.47068 0.455391 0.438819 0.421496 0.404043 0.386988 0.370663 0.355225 0.340719 0.327128 0.314408 0.302504 0.291356 0.280906
0.310726 0.323715 0.337723 0.352861 0.369246 0.386988 0.406155 0.426683 0.448198 0.469828 0.490414 0.509079 0.525438 0.539411 0.551044 0.560419 0.567618 0.572711 0.575746 0.576755 0.575746 0.572711 0.567618 0.560419 0.551044 0.539411 0.525438 0.509079 0.490414 0.469828 0.448198 0.426683 0.406155 0.386988 0.369246 0.352861 0.337723 0.323715 0.310726 0.298657 0.287419
0.318885 0.333006 0.348378 0.365185 0.383649 0.404043 0.426683 0.451864 0.479493 0.508053 0.534705 0.557926  0.57761 0.594032 0.607484 0.618203 0.626369 0.632115 0.635529 0.636661 0.635529 0.632115 0.626369 0.618203 0.607484 0.594032  0.57761 0.557926 0.534705 0.508053 0.479493 0.451864 0.426683 0.404043 0.383649 0.365185 0.348378 0.333006 0.318885 0.305866 0.293822
0.326883 0.342159 0.358938 0.377491 0.398176 0.421496 0.448198 0.479493 0.517464 0.561208 0.598155 0.627394 0.650995 0.670144  0.68556 0.697703 0.706884  0.71331 0.717116 0.718376 0.717116  0.71331 0.706884 0.697703  0.68556 0.670144 0.650995 0.627394 0.598155 0.561208 0.517464 0.479493 0.448198 0.421496 0.398176 0.377491 0.358938 0.342159 0.326883 0.312901 0.300046
0.334612 0.351037 0.369224 0.389535 0.412478 0.438819 0.469828 0.508053 0.561208 0.658738 0.710823   0.7469 0.774666 0.796643 0.814067 0.827657 0.837862 0.844974 0.849173 0.850563 0.849173 0.844974 0.837862 0.827657 0.814067 0.796643 0.774666   0.7469 0.710823 0.658738 0.561208 0.508053 0.469828 0.438819 0.412478 0.389535 0.369224 0.351037 0.334612 0.319677 0.306022
0.341959 0.359496 0.379045 0.401055 0.426173 0.455391 0.490414 0.534705 0.598155 0.710823 0.773159 0.815214 0.846859 0.871529 0.890888 0.905877 0.917077 0.924854 0.929438 0.930952 0.929438 0.924854 0.917077 0.905877 0.890888 0.871529 0.846859 0.815214 0.773159 0.710823 0.598155 0.534705 0.490414 0.455391 0.426173 0.401055 0.379045 0.359496 0.341959 0.326103 0.311677
0.348817 0.367399 0.388221 0.411806 0.438907  0.47068 0.509079 0.557926 0.627394   0.7469 0.815214 0.861741 0.896635 0.923687 0.944804 0.961087 0.973215 0.981617 0.986561 0.988193 0.986561 0.981617 0.973215 0.961087 0.944804 0.923687 0.896635 0.861741 0.815214   0.7469 0.627394 0.557926 0.509079  0.47068 0.438907 0.411806 0.388221 0.367399 0.348817 0.332094 0.316941
0.355086  0.37462 0.396593 0.421584 0.450417 0.484346 0.525438  0.57761 0.650995 0.774666 0.846859 0.896635 0.934106 0.963154 0.985797  1.00323  1.01619  1.02515  1.03043  1.03216  1.03043  1.02515  1.01619  1.00323 0.985797 0.963154 0.934106 0.896635 0.846859 0.774666 0.650995  0.57761 0.525438 0.484346 0.450417 0.421584 0.396593  0.37462 0.355086 0.337568 0.321746
0.360676 0.381052 0.404033 0.430235  0.46053 0.496218 0.539411 0.594032 0.670144 0.796643 0.871529 0.923687 0.963154 0.993817  1.01773  1.03614  1.04982  1.05928  1.06484  1.06668  1.06484  1.05928  1.04982  1.03614  1.01773 0.993817 0.963154 0.923687 0.871529 0.796643 0.670144 0.594032 0.539411 0.496218  0.46053 0.430235 0.404033 0.381052 0.360676 0.342452 0.326033
0.365517 0.386612 0.410446 0.437657 0.469145 0.506234 0.551044 0.607484  0.68556 0.814067 0.890888 0.944804 0.985797  1.01773  1.04268   1.0619  1.07618  1.08606  1.09186  1.09378  1.09186  1.08606  1.07618   1.0619  1.04268  1.01773 0.985797 0.944804 0.890888 0.814067  0.68556 0.607484 0.551044 0.506234 0.469145 0.437657 0.410446 0.386612 0.365517 0.346683 0.329747
0.369548 0.391235 0.415761 0.443784 0.476215 0.514386 0.560419 0.618203 0.697703 0.827657 0.905877 0.961087  1.00323  1.03614   1.0619  1.08175  1.09652  1.10673  1.11274  1.11472  1.11274  1.10673  1.09652  1.08175   1.0619  1.03614  1.00323 0.961087 0.905877 0.827657 0.697703 0.618203 0.560419 0.514386 0.476215 0.443784 0.415761 0.391235 0.369548  0.35021 0.332845
0.372725 0.394872 0.419933 0.448576 0.481716 0.520692 0.567618 0.626369 0.706884 0.837862 0.917077 0.973215  1.01619  1.04982  1.07618  1.09652  1.11166  1.12213  1.12829  1.13032  1.12829  1.12213  1.11166  1.09652  1.07618  1.04982  1.01619 0.973215 0.917077 0.837862 0.706884 0.626369 0.567618 0.520692 0.481716 0.448576 0.419933 0.394872 0.372725 0.352994 0.335291
0.375016 0.397491 0.422932 0.452009 0.485645 0.525176 0.572711 0.632115  0.71331 0.844974 0.924854 0.981617  1.02515  1.05928  1.08606  1.10673  1.12213  1.13279  1.13905  1.14112  1.13905  1.13279  1.12213  1.10673  1.08606  1.05928  1.02515 0.981617 0.924854 0.844974  0.71331 0.632115 0.572711 0.525176 0.485645 0.452009 0.422932 0.397491 0.375016 0.355002 0.337057
0.376399  0.39907 0.424737 0.454073 0.488001 0.527856 0.575746 0.635529 0.717116 0.849173 0.929438 0.986561  1.03043  1.06484  1.09186  1.11274  1.12829  1.13905  1.14538  1.14747  1.14538  1.13905  1.12829  1.11274  1.09186  1.06484  1.03043 0.986561 0.929438 0.849173 0.717116 0.635529 0.575746 0.527856 0.488001 0.454073 0.424737  0.39907 0.376399 0.356216 0.338124
0.376862 0.399598  0.42534 0.454762 0.488786 0.528748 0.576755 0.636661 0.718376 0.850563 0.930952 0.988193  1.03216  1.06668  1.09378  1.11472  1.13032  1.14112  1.14747  1.14957  1.14747  1.14112  1.13032  1.11472  1.09378  1.06668  1.03216 0.988193 0.930952 0.850563 0.718376 0.636661 0.576755 0.528748 0.488786 0.454762  0.42534 0.399598 0.376862 0.356622 0.338481
0.376399  0.39907 0.424737 0.454073 0.488001 0.527856 0.575746 0.635529 0.717116 0.849173 0.929438 0.986561  1.03043  1.06484  1.09186  1.11274  1.12829  1.13905  1.14538  1.14747  1.14538  1.13905  1.12829  1.11274  1.09186  1.06484  1.03043 0.986561 0.929438 0.849173 0.717116 0.635529 0.575746 0.527856 0.488001 0.454073 0.424737  0.39907 0.376399 0.356216 0.338124
0.375016 0.397491 0.422932 0.452009 0.485645 0.525176 0.572711 0.632115  0.71331 0.844974 0.924854 0.981617  1.02515  1.05928  1.08606  1.10673  1.12213  1.13279  1.13905  1.14112  1.13905  1.13279  1.12213  1.10673  1.08606  1.05928  1.02515 0.981617 0.924854 0.844974  0.71331 0.632115 0.572711 0.525176 0.485645 0.452009 0.422932 0.397491 0.375016 0.355002 0.337057
0.372725 0.394872 0.419933 0.448576 0.481716 0.520692 0.567618 0.626369 0.706884 0.837862 0.917077 0.973215  1.01619  1.04982  1.07618  1.09652  1.11166  1.12213  1.12829  1.13032  1.12829  1.12213  1.11166  1.09652  1.07618  1.04982  1.01619 0.973215 0.917077 0.837862 0.706884 0.626369 0.567618 0.520692 0.481716 0.448576 0.419933 0.394872 0.372725 0.352994 0.335291
0.369548 0.391235 0.415761 0.443784 0.476215 0.514386 0.560419 0.618203 0.697703 0.827657 0.905877 0.961087  1.00323  1.03614   1.0619  1.08175  1.09652  1.10673  1.11274  1.11472  1.11274  1.10673  1.09652  1.08175   1.0619  1.03614  1.00323 0.961087 0.905877 0.827657 0.697703 0.618203 0.560419 0.514386 0.476215 0.443784 0.415761 0.391235 0.369548  0.35021 0.332845
0.365517 0.386612 0.410446 0.437657 0.469145 0.506234 0.551044 0.607484  0.68556 0.814067 0.890888 0.944804 0.985797  1.01773  1.04268   1.0619  1.07618  1.08606  1.09186  1.09378  1.09186  1.08606  1.07618   1.0619  1.04268  1.01773 0.985797 0.944804 0.890888 0.814067  0.68556 0.607484 0.551044 0.506234 0.469145 0.437657 0.410446 0.386612 0.365517 0.346683 0.329747
0.360676 0.381052 0.404033 0.430235  0.46053 0.496218 0.539411 0.594032 0.670144 0.796643 0.871529 0.923687 0.963154 0.993817  1.01773  1.03614  1.04982  1.05928  1.06484  1.06668  1.06484  1.05928  1.04982  1.03614  1.01773 0.993817 0.963154 0.923687 0.871529 0.796643 0.670144 0.594032 0.539411 0.496218  0.46053 0.430235 0.404033 0.381052 0.360676 0.342452 0.326033
0.355086  0.37462 0.396593 0.421584 0.450417 0.484346 0.525438  0.57761 0.650995 0.774666 0.846859 0.896635 0.934106 0.963154 0.985797  1.00323  1.01619  1.02515  1.03043  1.03216  1.03043  1.02515  1.01619  1.00323 0.985797 0.963154 0.934106 0.896635 0.846859 0.774666 0.650995  0.57761 0.525438 0.484346 0.450417 0.421584 0.396593  0.37462 0.355086 0.337568 0.321746
0.348817 0.367399 0.388221 0.411806 0.438907  0.47068 0.509079 0.557926 0.627394   0.7469 0.815214 0.861741 0.896635 0.923687 0.944804 0.961087 0.973215 0.981617 0.986561 0.988193 0.986561 0.981617 0.973215 0.961087 0.944804 0.923687 0.896635 0.861741 0.815214   0.7469 0.627394 0.557926 0.509079  0.47068 0.438907 0.411806 0.388221 0.367399 0.348817 0.332094 0.316941
0.341959 0.359496 0.379045 0.401055 0.426173 0.455391 0.490414 0.534705 0.598155 0.710823 0.773159 0.815214 0.846859 0.871529 0.890888 0.905877 0.917077 0.924854 0.929438 0.930952 0.929438 0.924854 0.917077 0.905877 0.890888 0.871529 0.846859 0.815214 0.773159 0.710823 0.598155 0.534705 0.490414 0.455391 0.426173 0.401055 0.379045 0.359496 0.341959 0.326103 0.311677
0.334612 0.351037 0.369224 0.389535 0.412478 0.438819 0.469828 0.508053 0.561208 0.658738 0.710823   0.7469 0.774666 0.796643 0.814067 0.827657 0.837862 0.844974 0.849173 0.850563 0.849173 0.844974 0.837862 0.827657 0.814067 0.796643 0.774666   0.7469 0.710823 0.658738 0.561208 0.508053 0.469828 0.438819 0.412478 0.389535 0.369224 0.351037 0.334612 0.319677 0.306022
0.326883 0.342159 0.358938 0.377491 0.398176 0.421496 0.448198 0.479493 0.517464 0.561208 0.598155 0.627394 0.650995 0.670144  0.68556 0.697703 0.706884  0.71331 0.717116 0.718376 0.717116  0.71331 0.706884 0.697703  0.68556 0.670144 0.650995 0.627394 0.598155 0.561208 0.517464 0.479493 0.448198 0.421496 0.398176 0.377491 0.358938 0.342159 0.326883 0.312901 0.300046
0.318885 0.333006 0.348378 0.365185 0.383649 0.404043 0.426683 0.451864 0.479493 0.508053 0.534705 0.557926  0.57761 0.594032 0.607484 0.618203 0.626369 0.632115 0.635529 0.636661 0.635529 0.632115 0.626369 0.618203 0.607484 0.594032  0.57761 0.557926 0.534705 0.508053 0.479493 0.451864 0.426683 0.404043 0.383649 0.365185 0.348378 0.333006 0.318885 0.305866 0.293822
0.310726 0.323715 0.337723 0.352861 0.369246 0.386988 0.406155 0.426683 0.448198 0.469828 0.490414 0.509079 0.525438 0.539411 0.551044 0.560419 0.567618 0.572711 0.575746 0.576755 0.575746 0.572711 0.567618 0.560419 0.551044 0.539411 0.525438 0.509079 0.490414 0.469828 0.448198 0.426683 0.406155 0.386988 0.369246 0.352861 0.337723 0.323715 0.310726 0.298657 0.287419
0.302504 0.314408 0.327128 0.340719 0.355225 0.370663 0.386988 0.404043 0.421496 0.438819 0.455391  0.47068 0.484346 0.496218 0.506234 0.514386 0.520692 0.525176 0.527856 0.528748 0.527856 0.525176 0.520692 0.514386 0.506234 0.496218 0.484346  0.47068 0.455391 0.438819 0.421496 0.404043 0.386988 0.370663 0.355225 0.340719 0.327128 0.314408 0.302504 0.291356 0.280906
0.294304 0.305188 0.316714   0.3289 0.341748 0.355225 0.369246 0.383649 0.398176 0.412478 0.426173 0.438907 0.450417  0.46053 0.469145 0.476215 0.481716 0.485645 0.488001 0.488786 0.488001 0.485645 0.481716 0.476215 0.469145  0.46053 0.450417 0.438907 0.426173 0.412478 0.398176 0.383649 0.369246 0.355225 0.341748   0.3289 0.316714 0.305188 0.294304 0.284033 0.274342
0.286196 0.296133 0.306569   0.3175   0.3289 0.340719 0.352861 0.365185 0.377491 0.389535 0.401055 0.411806 0.421584 0.430235 0.437657 0.443784 0.448576 0.452009 0.454073 0.454762 0.454073 0.452009 0.448576 0.443784 0.437657 0.430235 0.421584 0.411806 0.401055 0.389535 0.377491 0.365185 0.352861 0.340719   0.3289   0.3175 0.306569 0.296133 0.286196  0.27675  0.26778
0.278235 0.287303 0.296754 0.306569 0.316714 0.327128 0.337723 0.348378 0.358938 0.369224 0.379045 0.388221 0.396593 0.404033 0.410446 0.415761 0.419933 0.422932 0.424737  0.42534 0.424737 0.422932 0.419933 0.415761 0.410446 0.404033 0.396593 0.388221 0.379045 0.369224 0.358938 0.348378 0.337723 0.327128 0.316714 0.306569 0.296754 0.287303 0.278235 0.269557 0.261265
0.270462 0.278737 0.287303 0.296133 0.305188 0.314408 0.323715 0.333006 0.342159 0.351037 0.359496 0.367399  0.37462 0.381052 0.386612 0.391235 0.394872 0.397491  0.39907 0.399598  0.39907 0.397491 0.394872 0.391235 0.386612 0.381052  0.37462 0.367399 0.359496 0.351037 0.342159 0.333006 0.323715 0.314408 0.305188 0.296133 0.287303 0.278737 0.270462 0.262493 0.254834
0.262907 0.270462 0.278235 0.286196 0.294304 0.302504 0.310726 0.318885 0.326883 0.334612 0.341959 0.348817 0.355086 0.360676 0.365517 0.369548 0.372725 0.375016 0.376399 0.376862 0.376399 0.375016 0.372725 0.369548 0.365517 0.360676 0.355086 0.348817 0.341959 0.334612 0.326883 0.318885 0.310726 0.302504 0.294304 0.286196 0.278235 0.270462 0.262907 0.255588 0.248517
0.255588 0.262493 0.269557  0.27675 0.284033 0.291356 0.298657 0.305866 0.312901 0.319677 0.326103 0.332094 0.337568 0.342452 0.346683  0.35021 0.352994 0.355002 0.356216 0.356622 0.356216 0.355002 0.352994  0.35021 0.346683 0.342452 0.337568 0.332094 0.326103 0.319677 0.312901 0.305866 0.298657 0.291356 0.284033  0.27675 0.269557 0.262493 0.255588 0.248863 0.242334
0.248517 0.254834 0.261265  0.26778 0.274342 0.280906 0.287419 0.293822 0.300046 0.306022 0.311677 0.316941 0.321746 0.326033 0.329747 0.332845 0.335291 0.337057 0.338124 0.338481 0.338124 0.337057 0.335291 0.332845 0.329747 0.326033 0.321746 0.316941 0.311677 0.306022 0.300046 0.293822 0.287419 0.280906 0.274342  0.26778 0.261265 0.254834 0.248517 0.242334 0.236305
