0.255082 0.260608 0.266258  0.27202 0.277881 0.283822 0.289823 0.295856  0.30189 0.307888  0.31381 0.319612 0.325248  0.33067 0.335832 0.340689 0.345201  0.34933 0.353043 0.356312 0.359115 0.361432 0.363248 0.364554  0.36534 0.365602  0.36534 0.364554 0.363248 0.361432 0.359115 0.356312 0.353043  0.34933 0.345201 0.340689 0.335832  0.33067 0.325248 0.319612  0.31381 0.307888  0.30189 0.295856 0.289823 0.283822 0.277881  0.27202 0.266258 0.260608 0.255082 0.249686 0.244426
0.260608 0.266523  0.27259 0.278801  0.28514 0.291592 0.298133 0.304734 0.311359 0.317968 0.324513 0.330942   0.3372 0.343229 0.348975 0.354383 0.359406 0.364001 0.368131 0.371764 0.374876 0.377447 0.379462 0.380908 0.381779  0.38207 0.381779 0.380908 0.379462 0.377447 0.374876 0.371764 0.368131 0.364001 0.359406 0.354383 0.348975 0.343229   0.3372 0.330942 0.324513 0.317968 0.311359 0.304734 0.298133 0.291592  0.28514 0.278801  0.27259 0.266523 0.260608 0.254852 0.249258
0.266258  0.27259  0.27911 0.285809 0.292675 0.299693 0.306837 0.314078 0.321377 0.328685 0.335948 0.343104 0.350083 0.356818 0.363241 0.369287   0.3749 0.380029 0.384635 0.388682 0.392144 0.395001 0.397238 0.398842 0.399808  0.40013 0.399808 0.398842 0.397238 0.395001 0.392144 0.388682 0.384635 0.380029   0.3749 0.369287 0.363241 0.356818 0.350083 0.343104 0.335948 0.328685 0.321377 0.314078 0.306837 0.299693 0.292675 0.285809  0.27911  0.27259 0.266258 0.260116 0.254166
 0.27202 0.278801 0.285809  0.29304 0.300486  0.30813 0.315951 0.323917 0.331985   0.3401 0.348198 0.356202 0.364028 0.371591 0.378805 0.385595 0.391891 0.397636 0.402786 0.407303 0.411161  0.41434 0.416825 0.418607 0.419678 0.420036 0.419678 0.418607 0.416825  0.41434 0.411161 0.407303 0.402786 0.397636 0.391891 0.385595 0.378805 0.371591 0.364028 0.356202 0.348198   0.3401 0.331985 0.323917 0.315951  0.30813 0.300486  0.29304 0.285809 0.278801  0.27202 0.265467 0.259142
0.277881  0.28514 0.292675 0.300486 0.308567 0.316908 0.325488 0.334277 0.343229 0.352283 0.361361 0.370367 0.379198 0.387742 0.395894 0.403556 0.410648 0.417105 0.422878 0.427929 0.432234 0.435774 0.438536 0.440514 0.441703 0.442099 0.441703 0.440514 0.438536 0.435774 0.432234 0.427929 0.422878 0.417105 0.410648 0.403556 0.395894 0.387742 0.379198 0.370367 0.361361 0.352283 0.343229 0.334277 0.325488 0.316908 0.308567 0.300486 0.292675  0.28514 0.277881 0.270892  0.26417
0.283822 0.291592 0.299693  0.30813 0.316908  0.32602 0.335453  0.34518 0.355155 0.365311 0.375553 0.385764 0.395804  0.40553 0.414802 0.423499 0.431524 0.438805 0.445291 0.450948 0.455754 0.459696 0.462767 0.464962 0.466279 0.466718 0.466279 0.464962 0.462767 0.459696 0.455754 0.450948 0.445291 0.438805 0.431524 0.423499 0.414802  0.40553 0.395804 0.385764 0.375553 0.365311 0.355155  0.34518 0.335453  0.32602 0.316908  0.30813 0.299693 0.291592 0.283822 0.276373 0.269234
0.289823 0.298133 0.306837 0.315951 0.325488 0.335453 0.345844 0.356642 0.367808  0.37927 0.390918   0.4026 0.414128 0.425303 0.435935 0.445871 0.454995 0.463231 0.470532 0.476873 0.482239 0.486627 0.490037  0.49247 0.493929 0.494415 0.493929  0.49247 0.490037 0.486627 0.482239 0.476873 0.470532 0.463231 0.454995 0.445871 0.435935 0.425303 0.414128   0.4026 0.390918  0.37927 0.367808 0.356642 0.345844 0.335453 0.325488 0.315951 0.306837 0.298133 0.289823  0.28189 0.274315
0.295856 0.304734 0.314078 0.323917 0.334277  0.34518 0.356642 0.368665 0.381223 0.394252  0.40763 0.421156 0.434564 0.447561 0.459877 0.471311 0.481735 0.491078 0.499306 0.506413   0.5124 0.517279 0.521058  0.52375 0.525361 0.525898 0.525361  0.52375 0.521058 0.517279   0.5124 0.506413 0.499306 0.491078 0.481735 0.471311 0.459877 0.447561 0.434564 0.421156  0.40763 0.394252 0.381223 0.368665 0.356642  0.34518 0.334277 0.323917 0.314078 0.304734 0.295856 0.287418 0.279392
 0.30189 0.311359 0.321377 0.331985 0.343229 0.355155 0.367808 0.381223 0.395413 0.410344 0.425899 0.441821 0.457705 0.473075 0.487523 0.500791 0.512753  0.52337 0.532644   0.5406 0.547268 0.552677 0.556856 0.559825   0.5616  0.56219   0.5616 0.559825 0.556856 0.552677 0.547268   0.5406 0.532644  0.52337 0.512753 0.500791 0.487523 0.473075 0.457705 0.441821 0.425899 0.410344 0.395413 0.381223 0.367808 0.355155 0.343229 0.331985 0.321377 0.311359  0.30189 0.292928 0.284438
0.307888 0.317968 0.328685   0.3401 0.352283 0.365311  0.37927 0.394252 0.410344 0.427601 0.445974 0.465176 0.484537 0.503165 0.520387  0.53591 0.549682 0.561747 0.572183 0.581067 0.588468 0.594446 0.599048  0.60231 0.604257 0.604905 0.604257  0.60231 0.599048 0.594446 0.588468 0.581067 0.572183 0.561747 0.549682  0.53591 0.520387 0.503165 0.484537 0.465176 0.445974 0.427601 0.410344 0.394252  0.37927 0.365311 0.352283   0.3401 0.328685 0.317968 0.307888  0.29839 0.289425
 0.31381 0.324513 0.335948 0.348198 0.361361 0.375553 0.390918  0.40763 0.425899 0.445974 0.468083  0.49216 0.517034 0.540513 0.561426   0.5797 0.595557 0.609235 0.620932 0.630808 0.638985 0.645559 0.650604 0.654171 0.656297 0.657003 0.656297 0.654171 0.650604 0.645559 0.638985 0.630808 0.620932 0.609235 0.595557   0.5797 0.561426 0.540513 0.517034  0.49216 0.468083 0.445974 0.425899  0.40763 0.390918 0.375553 0.361361 0.348198 0.335948 0.324513  0.31381 0.303767 0.294324
0.319612 0.330942 0.343104 0.356202 0.370367 0.385764   0.4026 0.421156 0.441821 0.465176  0.49216 0.524387 0.561165 0.592773 0.618517 0.640004 0.658167 0.673573   0.6866 0.697508 0.706487 0.713675 0.719172 0.723051  0.72536 0.726126  0.72536 0.723051 0.719172 0.713675 0.706487 0.697508   0.6866 0.673573 0.658167 0.640004 0.618517 0.592773 0.561165 0.524387  0.49216 0.465176 0.441821 0.421156   0.4026 0.385764 0.370367 0.356202 0.343104 0.330942 0.319612 0.309023 0.299102
0.325248   0.3372 0.350083 0.364028 0.379198 0.395804 0.414128 0.434564 0.457705 0.484537 0.517034 0.561165 0.639714 0.683206 0.714418 0.739318 0.759867 0.777042 0.791417 0.803369 0.813156 0.820959 0.826911 0.831102 0.833593  0.83442 0.833593 0.831102 0.826911 0.820959 0.813156 0.803369 0.791417 0.777042 0.759867 0.739318 0.714418 0.683206 0.639714 0.561165 0.517034 0.484537 0.457705 0.434564 0.414128 0.395804 0.379198 0.364028 0.350083   0.3372 0.325248 0.314119 0.303726
 0.33067 0.343229 0.356818 0.371591 0.387742  0.40553 0.425303 0.447561 0.473075 0.503165 0.540513 0.592773 0.683206 0.734805 0.770828 0.798922  0.82176 0.840647 0.856338  0.86931 0.879887 0.888295 0.894692  0.89919  0.90186 0.902746  0.90186  0.89919 0.894692 0.888295 0.879887  0.86931 0.856338 0.840647  0.82176 0.798922 0.770828 0.734805 0.683206 0.592773 0.540513 0.503165 0.473075 0.447561 0.425303  0.40553 0.387742 0.371591 0.356818 0.343229  0.33067 0.319015 0.308162
0.335832 0.348975 0.363241 0.378805 0.395894 0.414802 0.435935 0.459877 0.487523 0.520387 0.561426 0.618517 0.714418 0.770828 0.810503  0.84131 0.866198 0.886665 0.903588 0.917526 0.928857 0.937843 0.944668  0.94946 0.952303 0.953246 0.952303  0.94946 0.944668 0.937843 0.928857 0.917526 0.903588 0.886665 0.866198  0.84131 0.810503 0.770828 0.714418 0.618517 0.561426 0.520387 0.487523 0.459877 0.435935 0.414802 0.395894 0.378805 0.363241 0.348975 0.335832 0.323671 0.312376
0.340689 0.354383 0.369287 0.385595 0.403556 0.423499 0.445871 0.471311 0.500791  0.53591   0.5797 0.640004 0.739318 0.798922  0.84131 0.874316  0.90096 0.922827 0.940867 0.955694 0.967725 0.977251 0.984477 0.989546 0.992552 0.993549 0.992552 0.989546 0.984477 0.977251 0.967725 0.955694 0.940867 0.922827  0.90096 0.874316  0.84131 0.798922 0.739318 0.640004   0.5797  0.53591 0.500791 0.471311 0.445871 0.423499 0.403556 0.385595 0.369287 0.354383 0.340689 0.328049 0.316336
0.345201 0.359406   0.3749 0.391891 0.410648 0.431524 0.454995 0.481735 0.512753 0.549682 0.595557 0.658167 0.759867  0.82176 0.866198  0.90096 0.929071 0.952145 0.971171 0.986794 0.999459  1.00948  1.01707   1.0224  1.02555   1.0266  1.02555   1.0224  1.01707  1.00948 0.999459 0.986794 0.971171 0.952145 0.929071  0.90096 0.866198  0.82176 0.759867 0.658167 0.595557 0.549682 0.512753 0.481735 0.454995 0.431524 0.410648 0.391891   0.3749 0.359406 0.345201 0.332115 0.320012
 0.34933 0.364001 0.380029 0.397636 0.417105 0.438805 0.463231 0.491078  0.52337 0.561747 0.609235 0.673573 0.777042 0.840647 0.886665 0.922827 0.952145 0.976242 0.996118  1.01244  1.02567  1.03613  1.04405  1.04961   1.0529  1.05399   1.0529  1.04961  1.04405  1.03613  1.02567  1.01244 0.996118 0.976242 0.952145 0.922827 0.886665 0.840647 0.777042 0.673573 0.609235 0.561747  0.52337 0.491078 0.463231 0.438805 0.417105 0.397636 0.380029 0.364001  0.34933 0.335836 0.323375
0.353043 0.368131 0.384635 0.402786 0.422878 0.445291 0.470532 0.499306 0.532644 0.572183 0.620932   0.6866 0.791417 0.856338 0.903588 0.940867 0.971171 0.996118  1.01671  1.03364  1.04735   1.0582  1.06642  1.07218  1.07559  1.07672  1.07559  1.07218  1.06642   1.0582  1.04735  1.03364  1.01671 0.996118 0.971171 0.940867 0.903588 0.856338 0.791417   0.6866 0.620932 0.572183 0.532644 0.499306 0.470532 0.445291 0.422878 0.402786 0.384635 0.368131 0.353043 0.339184 0.326401
0.356312 0.371764 0.388682 0.407303 0.427929 0.450948 0.476873 0.506413   0.5406 0.581067 0.630808 0.697508 0.803369  0.86931 0.917526 0.955694 0.986794  1.01244  1.03364  1.05106  1.06519  1.07637  1.08484  1.09078  1.09429  1.09546  1.09429  1.09078  1.08484  1.07637  1.06519  1.05106  1.03364  1.01244 0.986794 0.955694 0.917526  0.86931 0.803369 0.697508 0.630808 0.581067   0.5406 0.506413 0.476873 0.450948 0.427929 0.407303 0.388682 0.371764 0.356312 0.342132 0.329067
0.359115 0.374876 0.392144 0.411161 0.432234 0.455754 0.482239   0.5124 0.547268 0.588468 0.638985 0.706487 0.813156 0.879887 0.928857 0.967725 0.999459  1.02567  1.04735  1.06519  1.07967  1.09112   1.0998  1.10588  1.10949  1.11068  1.10949  1.10588   1.0998  1.09112  1.07967  1.06519  1.04735  1.02567 0.999459 0.967725 0.928857 0.879887 0.813156 0.706487 0.638985 0.588468 0.547268   0.5124 0.482239 0.455754 0.432234 0.411161 0.392144 0.374876 0.359115 0.344661 0.331354
0.361432 0.377447 0.395001  0.41434 0.435774 0.459696 0.486627 0.517279 0.552677 0.594446 0.645559 0.713675 0.820959 0.888295 0.937843 0.977251  1.00948  1.03613   1.0582  1.07637  1.09112  1.10279  1.11165  1.11785  1.12153  1.12275  1.12153  1.11785  1.11165  1.10279  1.09112  1.07637   1.0582  1.03613  1.00948 0.977251 0.937843 0.888295 0.820959 0.713675 0.645559 0.594446 0.552677 0.517279 0.486627 0.459696 0.435774  0.41434 0.395001 0.377447 0.361432 0.346753 0.333246
0.363248 0.379462 0.397238 0.416825 0.438536 0.462767 0.490037 0.521058 0.556856 0.599048 0.650604 0.719172 0.826911 0.894692 0.944668 0.984477  1.01707  1.04405  1.06642  1.08484   1.0998  1.11165  1.12063  1.12692  1.13066  1.13189  1.13066  1.12692  1.12063  1.11165   1.0998  1.08484  1.06642  1.04405  1.01707 0.984477 0.944668 0.894692 0.826911 0.719172 0.650604 0.599048 0.556856 0.521058 0.490037 0.462767 0.438536 0.416825 0.397238 0.379462 0.363248 0.348394 0.334731
0.364554 0.380908 0.398842 0.418607 0.440514 0.464962  0.49247  0.52375 0.559825  0.60231 0.654171 0.723051 0.831102  0.89919  0.94946 0.989546   1.0224  1.04961  1.07218  1.09078  1.10588  1.11785  1.12692  1.13329  1.13706  1.13831  1.13706  1.13329  1.12692  1.11785  1.10588  1.09078  1.07218  1.04961   1.0224 0.989546  0.94946  0.89919 0.831102 0.723051 0.654171  0.60231 0.559825  0.52375  0.49247 0.464962 0.440514 0.418607 0.398842 0.380908 0.364554 0.349573 0.335798
 0.36534 0.381779 0.399808 0.419678 0.441703 0.466279 0.493929 0.525361   0.5616 0.604257 0.656297  0.72536 0.833593  0.90186 0.952303 0.992552  1.02555   1.0529  1.07559  1.09429  1.10949  1.12153  1.13066  1.13706  1.14086  1.14211  1.14086  1.13706  1.13066  1.12153  1.10949  1.09429  1.07559   1.0529  1.02555 0.992552 0.952303  0.90186 0.833593  0.72536 0.656297 0.604257   0.5616 0.525361 0.493929 0.466279 0.441703 0.419678 0.399808 0.381779  0.36534 0.350284 0.336441
0.365602  0.38207  0.40013 0.420036 0.442099 0.466718 0.494415 0.525898  0.56219 0.604905 0.657003 0.726126  0.83442 0.902746 0.953246 0.993549   1.0266  1.05399  1.07672  1.09546  1.11068  1.12275  1.13189  1.13831  1.14211  1.14337  1.14211  1.13831  1.13189  1.12275  1.11068  1.09546  1.07672  1.05399   1.0266 0.993549 0.953246 0.902746  0.83442 0.726126 0.657003 0.604905  0.56219 0.525898 0.494415 0.466718 0.442099 0.420036  0.40013  0.38207 0.365602 0.350521 0.336656
 0.36534 0.381779 0.399808 0.419678 0.441703 0.466279 0.493929 0.525361   0.5616 0.604257 0.656297  0.72536 0.833593  0.90186 0.952303 0.992552  1.02555   1.0529  1.07559  1.09429  1.10949  1.12153  1.13066  1.13706  1.14086  1.14211  1.14086  1.13706  1.13066  1.12153  1.10949  1.09429  1.07559   1.0529  1.02555 0.992552 0.952303  0.90186 0.833593  0.72536 0.656297 0.604257   0.5616 0.525361 0.493929 0.466279 0.441703 0.419678 0.399808 0.381779  0.36534 0.350284 0.336441
0.364554 0.380908 0.398842 0.418607 0.440514 0.464962  0.49247  0.52375 0.559825  0.60231 0.654171 0.723051 0.831102  0.89919  0.94946 0.989546   1.0224  1.04961  1.07218  1.09078  1.10588  1.11785  1.12692  1.13329  1.13706  1.13831  1.13706  1.13329  1.12692  1.11785  1.10588  1.09078  1.07218  1.04961   1.0224 0.989546  0.94946  0.89919 0.831102 0.723051 0.654171  0.60231 0.559825  0.52375  0.49247 0.464962 0.440514 0.418607 0.398842 0.380908 0.364554 0.349573 0.335798
0.363248 0.379462 0.397238 0.416825 0.438536 0.462767 0.490037 0.521058 0.556856 0.599048 0.650604 0.719172 0.826911 0.894692 0.944668 0.984477  1.01707  1.04405  1.06642  1.08484   1.0998  1.11165  1.12063  1.12692  1.13066  1.13189  1.13066  1.12692  1.12063  1.11165   1.0998  1.08484  1.06642  1.04405  1.01707 0.984477 0.944668 0.894692 0.826911 0.719172 0.650604 0.599048 0.556856 0.521058 0.490037 0.462767 0.438536 0.416825 0.397238 0.379462 0.363248 0.348394 0.334731
0.361432 0.377447 0.395001  0.41434 0.435774 0.459696 0.486627 0.517279 0.552677 0.594446 0.645559 0.713675 0.820959 0.888295 0.937843 0.977251  1.00948  1.03613   1.0582  1.07637  1.09112  1.10279  1.11165  1.11785  1.12153  1.12275  1.12153  1.11785  1.11165  1.10279  1.09112  1.07637   1.0582  1.03613  1.00948 0.977251 0.937843 0.888295 0.820959 0.713675 0.645559 0.594446 0.552677 0.517279 0.486627 0.459696 0.435774  0.41434 0.395001 0.377447 0.361432 0.346753 0.333246
0.359115 0.374876 0.392144 0.411161 0.432234 0.455754 0.482239   0.5124 0.547268 0.588468 0.638985 0.706487 0.813156 0.879887 0.928857 0.967725 0.999459  1.02567  1.04735  1.06519  1.07967  1.09112   1.0998  1.10588  1.10949  1.11068  1.10949  1.10588   1.0998  1.09112  1.07967  1.06519  1.04735  1.02567 0.999459 0.967725 0.928857 0.879887 0.813156 0.706487 0.638985 0.588468 0.547268   0.5124 0.482239 0.455754 0.432234 0.411161 0.392144 0.374876 0.359115 0.344661 0.331354
0.356312 0.371764 0.388682 0.407303 0.427929 0.450948 0.476873 0.506413   0.5406 0.581067 0.630808 0.697508 0.803369  0.86931 0.917526 0.955694 0.986794  1.01244  1.03364  1.05106  1.06519  1.07637  1.08484  1.09078  1.09429  1.09546  1.09429  1.09078  1.08484  1.07637  1.06519  1.05106  1.03364  1.01244 0.986794 0.955694 0.917526  0.86931 0.803369 0.697508 0.630808 0.581067   0.5406 0.506413 0.476873 0.450948 0.427929 0.407303 0.388682 0.371764 0.356312 0.342132 0.329067
0.353043 0.368131 0.384635 0.402786 0.422878 0.445291 0.470532 0.499306 0.532644 0.572183 0.620932   0.6866 0.791417 0.856338 0.903588 0.940867 0.971171 0.996118  1.01671  1.03364  1.04735   1.0582  1.06642  1.07218  1.07559  1.07672  1.07559  1.07218  1.06642   1.0582  1.04735  1.03364  1.01671 0.996118 0.971171 0.940867 0.903588 0.856338 0.791417   0.6866 0.620932 0.572183 0.532644 0.499306 0.470532 0.445291 0.422878 0.402786 0.384635 0.368131 0.353043 0.339184 0.326401
 0.34933 0.364001 0.380029 0.397636 0.417105 0.438805 0.463231 0.491078  0.52337 0.561747 0.609235 0.673573 0.777042 0.840647 0.886665 0.922827 0.952145 0.976242 0.996118  1.01244  1.02567  1.03613  1.04405  1.04961   1.0529  1.05399   1.0529  1.04961  1.04405  1.03613  1.02567  1.01244 0.996118 0.976242 0.952145 0.922827 0.886665 0.840647 0.777042 0.673573 0.609235 0.561747  0.52337 0.491078 0.463231 0.438805 0.417105 0.397636 0.380029 0.364001  0.34933 0.335836 0.323375
0.345201 0.359406   0.3749 0.391891 0.410648 0.431524 0.454995 0.481735 0.512753 0.549682 0.595557 0.658167 0.759867  0.82176 0.866198  0.90096 0.929071 0.952145 0.971171 0.986794 0.999459  1.00948  1.01707   1.0224  1.02555   1.0266  1.02555   1.0224  1.01707  1.00948 0.999459 0.986794 0.971171 0.952145 0.929071  0.90096 0.866198  0.82176 0.759867 0.658167 0.595557 0.549682 0.512753 0.481735 0.454995 0.431524 0.410648 0.391891   0.3749 0.359406 0.345201 0.332115 0.320012
0.340689 0.354383 0.369287 0.385595 0.403556 0.423499 0.445871 0.471311 0.500791  0.53591   0.5797 0.640004 0.739318 0.798922  0.84131 0.874316  0.90096 0.922827 0.940867 0.955694 0.967725 0.977251 0.984477 0.989546 0.992552 0.993549 0.992552 0.989546 0.984477 0.977251 0.967725 0.955694 0.940867 0.922827  0.90096 0.874316  0.84131 0.798922 0.739318 0.640004   0.5797  0.53591 0.500791 0.471311 0.445871 0.423499 0.403556 0.385595 0.369287 0.354383 0.340689 0.328049 0.316336
0.335832 0.348975 0.363241 0.378805 0.395894 0.414802 0.435935 0.459877 0.487523 0.520387 0.561426 0.618517 0.714418 0.770828 0.810503  0.84131 0.866198 0.886665 0.903588 0.917526 0.928857 0.937843 0.944668  0.94946 0.952303 0.953246 0.952303  0.94946 0.944668 0.937843 0.928857 0.917526 0.903588 0.886665 0.866198  0.84131 0.810503 0.770828 0.714418 0.618517 0.561426 0.520387 0.487523 0.459877 0.435935 0.414802 0.395894 0.378805 0.363241 0.348975 0.335832 0.323671 0.312376
 0.33067 0.343229 0.356818 0.371591 0.387742  0.40553 0.425303 0.447561 0.473075 0.503165 0.540513 0.592773 0.683206 0.734805 0.770828 0.798922  0.82176 0.840647 0.856338  0.86931 0.879887 0.888295 0.894692  0.89919  0.90186 0.902746  0.90186  0.89919 0.894692 0.888295 0.879887  0.86931 0.856338 0.840647  0.82176 0.798922 0.770828 0.734805 0.683206 0.592773 0.540513 0.503165 0.473075 0.447561 0.425303  0.40553 0.387742 0.371591 0.356818 0.343229  0.33067 0.319015 0.308162
0.325248   0.3372 0.350083 0.364028 0.379198 0.395804 0.414128 0.434564 0.457705 0.484537 0.517034 0.561165 0.639714 0.683206 0.714418 0.739318 0.759867 0.777042 0.791417 0.803369 0.813156 0.820959 0.826911 0.831102 0.833593  0.83442 0.833593 0.831102 0.826911 0.820959 0.813156 0.803369 0.791417 0.777042 0.759867 0.739318 0.714418 0.683206 0.639714 0.561165 0.517034 0.484537 0.457705 0.434564 0.414128 0.395804 0.379198 0.364028 0.350083   0.3372 0.325248 0.314119 0.303726
0.319612 0.330942 0.343104 0.356202 0.370367 0.385764   0.4026 0.421156 0.441821 0.465176  0.49216 0.524387 0.561165 0.592773 0.618517 0.640004 0.658167 0.673573   0.6866 0.697508 0.706487 0.713675 0.719172 0.723051  0.72536 0.726126  0.72536 0.723051 0.719172 0.713675 0.706487 0.697508   0.6866 0.673573 0.658167 0.640004 0.618517 0.592773 0.561165 0.524387  0.49216 0.465176 0.441821 0.421156   0.4026 0.385764 0.370367 0.356202 0.343104 0.330942 0.319612 0.309023 0.299102
 0.31381 0.324513 0.335948 0.348198 0.361361 0.375553 0.390918  0.40763 0.425899 0.445974 0.468083  0.49216 0.517034 0.540513 0.561426   0.5797 0.595557 0.609235 0.620932 0.630808 0.638985 0.645559 0.650604 0.654171 0.656297 0.657003 0.656297 0.654171 0.650604 0.645559 0.638985 0.630808 0.620932 0.609235 0.595557   0.5797 0.561426 0.540513 0.517034  0.49216 0.468083 0.445974 0.425899  0.40763 0.390918 0.375553 0.361361 0.348198 0.335948 0.324513  0.31381 0.303767 0.294324
0.307888 0.317968 0.328685   0.3401 0.352283 0.365311  0.37927 0.394252 0.410344 0.427601 0.445974 0.465176 0.484537 0.503165 0.520387  0.53591 0.549682 0.561747 0.572183 0.581067 0.588468 0.594446 0.599048  0.60231 0.604257 0.604905 0.604257  0.60231 0.599048 0.594446 0.588468 0.581067 0.572183 0.561747 0.549682  0.53591 0.520387 0.503165 0.484537 0.465176 0.445974 0.427601 0.410344 0.394252  0.37927 0.365311 0.352283   0.3401 0.328685 0.317968 0.307888  0.29839 0.289425
 0.30189 0.311359 0.321377 0.331985 0.343229 0.355155 0.367808 0.381223 0.395413 0.410344 0.425899 0.441821 0.457705 0.473075 0.487523 0.500791 0.512753  0.52337 0.532644   0.5406 0.547268 0.552677 0.556856 0.559825   0.5616  0.56219   0.5616 0.559825 0.556856 0.552677 0.547268   0.5406 0.532644  0.52337 0.512753 0.500791 0.487523 0.473075 0.457705 0.441821 0.425899 0.410344 0.395413 0.381223 0.367808 0.355155 0.343229 0.331985 0.321377 0.311359  0.30189 0.292928 0.284438
0.295856 0.304734 0.314078 0.323917 0.334277  0.34518 0.356642 0.368665 0.381223 0.394252  0.40763 0.421156 0.434564 0.447561 0.459877 0.471311 0.481735 0.491078 0.499306 0.506413   0.5124 0.517279 0.521058  0.52375 0.525361 0.525898 0.525361  0.52375 0.521058 0.517279   0.5124 0.506413 0.499306 0.491078 0.481735 0.471311 0.459877 0.447561 0.434564 0.421156  0.40763 0.394252 0.381223 0.368665 0.356642  0.34518 0.334277 0.323917 0.314078 0.304734 0.295856 0.287418 0.279392
0.289823 0.298133 0.306837 0.315951 0.325488 0.335453 0.345844 0.356642 0.367808  0.37927 0.390918   0.4026 0.414128 0.425303 0.435935 0.445871 0.454995 0.463231 0.470532 0.476873 0.482239 0.486627 0.490037  0.49247 0.493929 0.494415 0.493929  0.49247 0.490037 0.486627 0.482239 0.476873 0.470532 0.463231 0.454995 0.445871 0.435935 0.425303 0.414128   0.4026 0.390918  0.37927 0.367808 0.356642 0.345844 0.335453 0.325488 0.315951 0.306837 0.298133 0.289823  0.28189 0.274315
0.283822 0.291592 0.299693  0.30813 0.316908  0.32602 0.335453  0.34518 0.355155 0.365311 0.375553 0.385764 0.395804  0.40553 0.414802 0.423499 0.431524 0.438805 0.445291 0.450948 0.455754 0.459696 0.462767 0.464962 0.466279 0.466718 0.466279 0.464962 0.462767 0.459696 0.455754 0.450948 0.445291 0.438805 0.431524 0.423499 0.414802  0.40553 0.395804 0.385764 0.375553 0.365311 0.355155  0.34518 0.335453  0.32602 0.316908  0.30813 0.299693 0.291592 0.283822 0.276373 0.269234
0.277881  0.28514 0.292675 0.300486 0.308567 0.316908 0.325488 0.334277 0.343229 0.352283 0.361361 0.370367 0.379198 0.387742 0.395894 0.403556 0.410648 0.417105 0.422878 0.427929 0.432234 0.435774 0.438536 0.440514 0.441703 0.442099 0.441703 0.440514 0.438536 0.435774 0.432234 0.427929 0.422878 0.417105 0.410648 0.403556 0.395894 0.387742 0.379198 0.370367 0.361361 0.352283 0.343229 0.334277 0.325488 0.316908 0.308567 0.300486 0.292675  0.28514 0.277881 0.270892  0.26417
 0.27202 0.278801 0.285809  0.29304 0.300486  0.30813 0.315951 0.323917 0.331985   0.3401 0.348198 0.356202 0.364028 0.371591 0.378805 0.385595 0.391891 0.397636 0.402786 0.407303 0.411161  0.41434 0.416825 0.418607 0.419678 0.420036 0.419678 0.418607 0.416825  0.41434 0.411161 0.407303 0.402786 0.397636 0.391891 0.385595 0.378805 0.371591 0.364028 0.356202 0.348198   0.3401 0.331985 0.323917 0.315951  0.30813 0.300486  0.29304 0.285809 0.278801  0.27202 0.265467 0.259142
0.266258  0.27259  0.27911 0.285809 0.292675 0.299693 0.306837 0.314078 0.321377 0.328685 0.335948 0.343104 0.350083 0.356818 0.363241 0.369287   0.3749 0.380029 0.384635 0.388682 0.392144 0.395001 0.397238 0.398842 0.399808  0.40013 0.399808 0.398842 0.397238 0.395001 0.392144 0.388682 0.384635 0.380029   0.3749 0.369287 0.363241 0.356818 0.350083 0.343104 0.335948 0.328685 0.321377 0.314078 0.306837 0.299693 0.292675 0.285809  0.27911  0.27259 0.266258 0.260116 0.254166
0.260608 0.266523  0.27259 0.278801  0.28514 0.291592 0.298133 0.304734 0.311359 0.317968 0.324513 0.330942   0.3372 0.343229 0.348975 0.354383 0.359406 0.364001 0.368131 0.371764 0.374876 0.377447 0.379462 0.380908 0.381779  0.38207 0.381779 0.380908 0.379462 0.377447 0.374876 0.371764 0.368131 0.364001 0.359406 0.354383 0.348975 0.343229   0.3372 0.330942 0.324513 0.317968 0.311359 0.304734 0.298133 0.291592  0.28514 0.278801  0.27259 0.266523 0.260608 0.254852 0.249258
0.255082 0.260608 0.266258  0.27202 0.277881 0.283822 0.289823 0.295856  0.30189 0.307888  0.31381 0.319612 0.325248  0.33067 0.335832 0.340689 0.345201  0.34933 0.353043 0.356312 0.359115 0.361432 0.363248 0.364554  0.36534 0.365602  0.36534 0.364554 0.363248 0.361432 0.359115 0.356312 0.353043  0.34933 0.345201 0.340689 0.335832  0.33067 0.325248 0.319612  0.31381 0.307888  0.30189 0.295856 0.289823 0.283822 0.277881  0.27202 0.266258 0.260608 0.255082 0.249686 0.244426
0.249686 0.254852 0.260116 0.265467 0.270892 0.276373  0.28189 0.287418 0.292928  0.29839 0.303767 0.309023 0.314119 0.319015 0.323671 0.328049 0.332115 0.335836 0.339184 0.342132 0.344661 0.346753 0.348394 0.349573 0.350284 0.350521 0.350284 0.349573 0.348394 0.346753 0.344661 0.342132 0.339184 0.335836 0.332115 0.328049 0.323671 0.319015 0.314119 0.309023 0.303767  0.29839 0.292928 0.287418  0.28189 0.276373 0.270892 0.265467 0.260116 0.254852 0.249686 0.244627 0.239682
0.244426 0.249258 0.254166 0.259142  0.26417 0.269234 0.274315 0.279392 0.284438 0.289425 0.294324 0.299102 0.303726 0.308162 0.312376 0.316336 0.320012 0.323375 0.326401 0.329067 0.331354 0.333246 0.334731 0.335798 0.336441 0.336656 0.336441 0.335798 0.334731 0.333246 0.331354 0.329067 0.326401 0.323375 0.320012 0.316336 0.312376 0.308162 0.303726 0.299102 0.294324 0.289425 0.284438 0.279392 0.274315 0.269234  0.26417 0.259142 0.254166 0.249258 0.244426 0.239682 0.235031
