         -3    -2.82369     -2.6584    -2.50413    -2.36088    -2.22865    -2.10744    -1.99725    -1.89807    -1.80992    -1.73278    -1.66667    -1.61157    -1.56749    -1.53444     -1.5124    -1.50138    -1.50138     -1.5124    -1.53444    -1.56749    -1.61157    -1.66667    -1.73278    -1.80992    -1.89807    -1.99725    -2.10744    -2.22865    -2.36088    -2.50413     -2.6584    -2.82369
   -2.82369    -2.64738    -2.48209    -2.32782    -2.18457    -2.05234    -1.93113    -1.82094    -1.72176    -1.63361    -1.55647    -1.49036    -1.43526    -1.39118    -1.35813    -1.33609    -1.32507    -1.32507    -1.33609    -1.35813    -1.39118    -1.43526    -1.49036    -1.55647    -1.63361    -1.72176    -1.82094    -1.93113    -2.05234    -2.18457    -2.32782    -2.48209    -2.64738
    -2.6584    -2.48209     -2.3168    -2.16253    -2.01928    -1.88705    -1.76584    -1.65565    -1.55647    -1.46832    -1.39118    -1.32507    -1.26997     -1.2259    -1.19284     -1.1708    -1.15978    -1.15978     -1.1708    -1.19284     -1.2259    -1.26997    -1.32507    -1.39118    -1.46832    -1.55647    -1.65565    -1.76584    -1.88705    -2.01928    -2.16253     -2.3168    -2.48209
   -2.50413    -2.32782    -2.16253    -2.00826    -1.86501    -1.73278    -1.61157    -1.50138     -1.4022    -1.31405    -1.23691     -1.1708     -1.1157    -1.07163    -1.03857    -1.01653    -1.00551    -1.00551    -1.01653    -1.03857    -1.07163     -1.1157     -1.1708    -1.23691    -1.31405     -1.4022    -1.50138    -1.61157    -1.73278    -1.86501    -2.00826    -2.16253    -2.32782
   -2.36088    -2.18457    -2.01928    -1.86501    -1.72176    -1.58953    -1.46832    -1.35813    -1.25895     -1.1708    -1.09366    -1.02755   -0.972452   -0.928375   -0.895317   -0.873278   -0.862259   -0.862259   -0.873278   -0.895317   -0.928375   -0.972452    -1.02755    -1.09366     -1.1708    -1.25895    -1.35813    -1.46832    -1.58953    -1.72176    -1.86501    -2.01928    -2.18457
   -2.22865    -2.05234    -1.88705    -1.73278    -1.58953     -1.4573    -1.33609     -1.2259    -1.12672    -1.03857   -0.961433   -0.895317    -0.84022   -0.796143   -0.763085   -0.741047   -0.730028   -0.730028   -0.741047   -0.763085   -0.796143    -0.84022   -0.895317   -0.961433    -1.03857    -1.12672     -1.2259    -1.33609     -1.4573    -1.58953    -1.73278    -1.88705    -2.05234
   -2.10744    -1.93113    -1.76584    -1.61157    -1.46832    -1.33609    -1.21488    -1.10468    -1.00551   -0.917355    -0.84022   -0.774105   -0.719008   -0.674931   -0.641873   -0.619835   -0.608815   -0.608815   -0.619835   -0.641873   -0.674931   -0.719008   -0.774105    -0.84022   -0.917355    -1.00551    -1.10468    -1.21488    -1.33609    -1.46832    -1.61157    -1.76584    -1.93113
   -1.99725    -1.82094    -1.65565    -1.50138    -1.35813     -1.2259    -1.10468    -0.99449   -0.895317   -0.807163   -0.730028   -0.663912   -0.608815   -0.564738    -0.53168   -0.509642   -0.498623   -0.498623   -0.509642    -0.53168   -0.564738   -0.608815   -0.663912   -0.730028   -0.807163   -0.895317    -0.99449    -1.10468     -1.2259    -1.35813    -1.50138    -1.65565    -1.82094
   -1.89807    -1.72176    -1.55647     -1.4022    -1.25895    -1.12672    -1.00551   -0.895317   -0.796143   -0.707989   -0.630854   -0.564738   -0.509642   -0.465565   -0.432507   -0.410468   -0.399449   -0.399449   -0.410468   -0.432507   -0.465565   -0.509642   -0.564738   -0.630854   -0.707989   -0.796143   -0.895317    -1.00551    -1.12672    -1.25895     -1.4022    -1.55647    -1.72176
   -1.80992    -1.63361    -1.46832    -1.31405     -1.1708    -1.03857   -0.917355   -0.807163   -0.707989   -0.619835     -0.5427   -0.476584   -0.421488    -0.37741   -0.344353   -0.322314   -0.311295   -0.311295   -0.322314   -0.344353    -0.37741   -0.421488   -0.476584     -0.5427   -0.619835   -0.707989   -0.807163   -0.917355    -1.03857     -1.1708    -1.31405    -1.46832    -1.63361
   -1.73278    -1.55647    -1.39118    -1.23691    -1.09366   -0.961433    -0.84022   -0.730028   -0.630854     -0.5427   -0.465565   -0.399449   -0.344353   -0.300275   -0.267218   -0.245179    -0.23416    -0.23416   -0.245179   -0.267218   -0.300275   -0.344353   -0.399449   -0.465565     -0.5427   -0.630854   -0.730028    -0.84022   -0.961433    -1.09366    -1.23691    -1.39118    -1.55647
   -1.66667    -1.49036    -1.32507     -1.1708    -1.02755   -0.895317   -0.774105   -0.663912   -0.564738   -0.476584   -0.399449   -0.333333   -0.278237    -0.23416   -0.201102   -0.179063   -0.168044   -0.168044   -0.179063   -0.201102    -0.23416   -0.278237   -0.333333   -0.399449   -0.476584   -0.564738   -0.663912   -0.774105   -0.895317    -1.02755     -1.1708    -1.32507    -1.49036
   -1.61157    -1.43526    -1.26997     -1.1157   -0.972452    -0.84022   -0.719008   -0.608815   -0.509642   -0.421488   -0.344353   -0.278237    -0.22314   -0.179063   -0.146006   -0.123967   -0.112948   -0.112948   -0.123967   -0.146006   -0.179063    -0.22314   -0.278237   -0.344353   -0.421488   -0.509642   -0.608815   -0.719008    -0.84022   -0.972452     -1.1157    -1.26997    -1.43526
   -1.56749    -1.39118     -1.2259    -1.07163   -0.928375   -0.796143   -0.674931   -0.564738   -0.465565    -0.37741   -0.300275    -0.23416   -0.179063   -0.134986   -0.101928  -0.0798898  -0.0688705  -0.0688705  -0.0798898   -0.101928   -0.134986   -0.179063    -0.23416   -0.300275    -0.37741   -0.465565   -0.564738   -0.674931   -0.796143   -0.928375    -1.07163     -1.2259    -1.39118
   -1.53444    -1.35813    -1.19284    -1.03857   -0.895317   -0.763085   -0.641873    -0.53168   -0.432507   -0.344353   -0.267218   -0.201102   -0.146006   -0.101928  -0.0688705   -0.046832  -0.0358127  -0.0358127   -0.046832  -0.0688705   -0.101928   -0.146006   -0.201102   -0.267218   -0.344353   -0.432507    -0.53168   -0.641873   -0.763085   -0.895317    -1.03857    -1.19284    -1.35813
    -1.5124    -1.33609     -1.1708    -1.01653   -0.873278   -0.741047   -0.619835   -0.509642   -0.410468   -0.322314   -0.245179   -0.179063   -0.123967  -0.0798898   -0.046832  -0.0247934  -0.0137741  -0.0137741  -0.0247934   -0.046832  -0.0798898   -0.123967   -0.179063   -0.245179   -0.322314   -0.410468   -0.509642   -0.619835   -0.741047   -0.873278    -1.01653     -1.1708    -1.33609
   -1.50138    -1.32507    -1.15978    -1.00551   -0.862259   -0.730028   -0.608815   -0.498623   -0.399449   -0.311295    -0.23416   -0.168044   -0.112948  -0.0688705  -0.0358127  -0.0137741 -0.00275482 -0.00275482  -0.0137741  -0.0358127  -0.0688705   -0.112948   -0.168044    -0.23416   -0.311295   -0.399449   -0.498623   -0.608815   -0.730028   -0.862259    -1.00551    -1.15978    -1.32507
   -1.50138    -1.32507    -1.15978    -1.00551   -0.862259   -0.730028   -0.608815   -0.498623   -0.399449   -0.311295    -0.23416   -0.168044   -0.112948  -0.0688705  -0.0358127  -0.0137741 -0.00275482 -0.00275482  -0.0137741  -0.0358127  -0.0688705   -0.112948   -0.168044    -0.23416   -0.311295   -0.399449   -0.498623   -0.608815   -0.730028   -0.862259    -1.00551    -1.15978    -1.32507
    -1.5124    -1.33609     -1.1708    -1.01653   -0.873278   -0.741047   -0.619835   -0.509642   -0.410468   -0.322314   -0.245179   -0.179063   -0.123967  -0.0798898   -0.046832  -0.0247934  -0.0137741  -0.0137741  -0.0247934   -0.046832  -0.0798898   -0.123967   -0.179063   -0.245179   -0.322314   -0.410468   -0.509642   -0.619835   -0.741047   -0.873278    -1.01653     -1.1708    -1.33609
   -1.53444    -1.35813    -1.19284    -1.03857   -0.895317   -0.763085   -0.641873    -0.53168   -0.432507   -0.344353   -0.267218   -0.201102   -0.146006   -0.101928  -0.0688705   -0.046832  -0.0358127  -0.0358127   -0.046832  -0.0688705   -0.101928   -0.146006   -0.201102   -0.267218   -0.344353   -0.432507    -0.53168   -0.641873   -0.763085   -0.895317    -1.03857    -1.19284    -1.35813
   -1.56749    -1.39118     -1.2259    -1.07163   -0.928375   -0.796143   -0.674931   -0.564738   -0.465565    -0.37741   -0.300275    -0.23416   -0.179063   -0.134986   -0.101928  -0.0798898  -0.0688705  -0.0688705  -0.0798898   -0.101928   -0.134986   -0.179063    -0.23416   -0.300275    -0.37741   -0.465565   -0.564738   -0.674931   -0.796143   -0.928375    -1.07163     -1.2259    -1.39118
   -1.61157    -1.43526    -1.26997     -1.1157   -0.972452    -0.84022   -0.719008   -0.608815   -0.509642   -0.421488   -0.344353   -0.278237    -0.22314   -0.179063   -0.146006   -0.123967   -0.112948   -0.112948   -0.123967   -0.146006   -0.179063    -0.22314   -0.278237   -0.344353   -0.421488   -0.509642   -0.608815   -0.719008    -0.84022   -0.972452     -1.1157    -1.26997    -1.43526
   -1.66667    -1.49036    -1.32507     -1.1708    -1.02755   -0.895317   -0.774105   -0.663912   -0.564738   -0.476584   -0.399449   -0.333333   -0.278237    -0.23416   -0.201102   -0.179063   -0.168044   -0.168044   -0.179063   -0.201102    -0.23416   -0.278237   -0.333333   -0.399449   -0.476584   -0.564738   -0.663912   -0.774105   -0.895317    -1.02755     -1.1708    -1.32507    -1.49036
   -1.73278    -1.55647    -1.39118    -1.23691    -1.09366   -0.961433    -0.84022   -0.730028   -0.630854     -0.5427   -0.465565   -0.399449   -0.344353   -0.300275   -0.267218   -0.245179    -0.23416    -0.23416   -0.245179   -0.267218   -0.300275   -0.344353   -0.399449   -0.465565     -0.5427   -0.630854   -0.730028    -0.84022   -0.961433    -1.09366    -1.23691    -1.39118    -1.55647
   -1.80992    -1.63361    -1.46832    -1.31405     -1.1708    -1.03857   -0.917355   -0.807163   -0.707989   -0.619835     -0.5427   -0.476584   -0.421488    -0.37741   -0.344353   -0.322314   -0.311295   -0.311295   -0.322314   -0.344353    -0.37741   -0.421488   -0.476584     -0.5427   -0.619835   -0.707989   -0.807163   -0.917355    -1.03857     -1.1708    -1.31405    -1.46832    -1.63361
   -1.89807    -1.72176    -1.55647     -1.4022    -1.25895    -1.12672    -1.00551   -0.895317   -0.796143   -0.707989   -0.630854   -0.564738   -0.509642   -0.465565   -0.432507   -0.410468   -0.399449   -0.399449   -0.410468   -0.432507   -0.465565   -0.509642   -0.564738   -0.630854   -0.707989   -0.796143   -0.895317    -1.00551    -1.12672    -1.25895     -1.4022    -1.55647    -1.72176
   -1.99725    -1.82094    -1.65565    -1.50138    -1.35813     -1.2259    -1.10468    -0.99449   -0.895317   -0.807163   -0.730028   -0.663912   -0.608815   -0.564738    -0.53168   -0.509642   -0.498623   -0.498623   -0.509642    -0.53168   -0.564738   -0.608815   -0.663912   -0.730028   -0.807163   -0.895317    -0.99449    -1.10468     -1.2259    -1.35813    -1.50138    -1.65565    -1.82094
   -2.10744    -1.93113    -1.76584    -1.61157    -1.46832    -1.33609    -1.21488    -1.10468    -1.00551   -0.917355    -0.84022   -0.774105   -0.719008   -0.674931   -0.641873   -0.619835   -0.608815   -0.608815   -0.619835   -0.641873   -0.674931   -0.719008   -0.774105    -0.84022   -0.917355    -1.00551    -1.10468    -1.21488    -1.33609    -1.46832    -1.61157    -1.76584    -1.93113
   -2.22865    -2.05234    -1.88705    -1.73278    -1.58953     -1.4573    -1.33609     -1.2259    -1.12672    -1.03857   -0.961433   -0.895317    -0.84022   -0.796143   -0.763085   -0.741047   -0.730028   -0.730028   -0.741047   -0.763085   -0.796143    -0.84022   -0.895317   -0.961433    -1.03857    -1.12672     -1.2259    -1.33609     -1.4573    -1.58953    -1.73278    -1.88705    -2.05234
   -2.36088    -2.18457    -2.01928    -1.86501    -1.72176    -1.58953    -1.46832    -1.35813    -1.25895     -1.1708    -1.09366    -1.02755   -0.972452   -0.928375   -0.895317   -0.873278   -0.862259   -0.862259   -0.873278   -0.895317   -0.928375   -0.972452    -1.02755    -1.09366     -1.1708    -1.25895    -1.35813    -1.46832    -1.58953    -1.72176    -1.86501    -2.01928    -2.18457
   -2.50413    -2.32782    -2.16253    -2.00826    -1.86501    -1.73278    -1.61157    -1.50138     -1.4022    -1.31405    -1.23691     -1.1708     -1.1157    -1.07163    -1.03857    -1.01653    -1.00551    -1.00551    -1.01653    -1.03857    -1.07163     -1.1157     -1.1708    -1.23691    -1.31405     -1.4022    -1.50138    -1.61157    -1.73278    -1.86501    -2.00826    -2.16253    -2.32782
    -2.6584    -2.48209     -2.3168    -2.16253    -2.01928    -1.88705    -1.76584    -1.65565    -1.55647    -1.46832    -1.39118    -1.32507    -1.26997     -1.2259    -1.19284     -1.1708    -1.15978    -1.15978     -1.1708    -1.19284     -1.2259    -1.26997    -1.32507    -1.39118    -1.46832    -1.55647    -1.65565    -1.76584    -1.88705    -2.01928    -2.16253     -2.3168    -2.48209
   -2.82369    -2.64738    -2.48209    -2.32782    -2.18457    -2.05234    -1.93113    -1.82094    -1.72176    -1.63361    -1.55647    -1.49036    -1.43526    -1.39118    -1.35813    -1.33609    -1.32507    -1.32507    -1.33609    -1.35813    -1.39118    -1.43526    -1.49036    -1.55647    -1.63361    -1.72176    -1.82094    -1.93113    -2.05234    -2.18457    -2.32782    -2.48209    -2.64738
