0.0146184	0.0153039	0.0160143	0.0167405	0.0174694	0.018183	0.0188584	0.0194681	0.0199819	0.02037	0.020607	0.0206761	0.0146184	0.0153039	0.0160143	0.0167405	0.0174694	0.018183	0.0188584	0.0194681	0.0199819	0.02037	0.020607	0.0206761	
0.0153039	0.0160958	0.0169285	0.0177933	0.0186762	0.019556	0.0204037	0.0211824	0.0218491	0.0223595	0.0226741	0.0227663	0.0153039	0.0160958	0.0169285	0.0177933	0.0186762	0.019556	0.0204037	0.0211824	0.0218491	0.0223595	0.0226741	0.0227663	
0.0160143	0.0169285	0.0179054	0.0189383	0.0200137	0.021108	0.0221857	0.0231974	0.0240816	0.0247702	0.0252001	0.0253268	0.0160143	0.0169285	0.0179054	0.0189383	0.0200137	0.021108	0.0221857	0.0231974	0.0240816	0.0247702	0.0252001	0.0253268	
0.0167405	0.0177933	0.0189383	0.0201735	0.0214887	0.0228607	0.0242485	0.0255877	0.0267893	0.0277473	0.0283557	0.0285365	0.0167405	0.0177933	0.0189383	0.0201735	0.0214887	0.0228607	0.0242485	0.0255877	0.0267893	0.0277473	0.0283557	0.0285365	
0.0174694	0.0186762	0.0200137	0.0214887	0.0230998	0.0248306	0.0266392	0.0284463	0.0301258	0.0315083	0.0324073	0.0326752	0.0174694	0.0186762	0.0200137	0.0214887	0.0230998	0.0248306	0.0266392	0.0284463	0.0301258	0.0315083	0.0324073	0.0326752	
0.018183	0.019556	0.021108	0.0228607	0.0248306	0.0270196	0.0293988	0.0318855	0.0343013	0.0364032	0.0377394	0.0378575	0.018183	0.019556	0.021108	0.0228607	0.0248306	0.0270196	0.0293988	0.0318855	0.0343013	0.0364032	0.0377394	0.0378575	
0.0188584	0.0204037	0.0221857	0.0242485	0.0266392	0.0293988	0.0325452	0.0360007	0.0396781	0.0427667	0.0460786	0.0509744	0.0188584	0.0204037	0.0221857	0.0242485	0.0266392	0.0293988	0.0325452	0.0360007	0.0396781	0.0427667	0.0460786	0.0509744	
0.0194681	0.0211824	0.0231974	0.0255877	0.0284463	0.0318855	0.0360007	0.0409944	0.0461123	0.0530479	0.0518284	0.0289281	0.0194681	0.0211824	0.0231974	0.0255877	0.0284463	0.0318855	0.0360007	0.0409944	0.0461123	0.0530479	0.0518284	0.0289281	
0.0199819	0.0218491	0.0240816	0.0267893	0.0301258	0.0343013	0.0396781	0.0461123	0.0562898	0.0614988	0.0919371	0.186664	0.0199819	0.0218491	0.0240816	0.0267893	0.0301258	0.0343013	0.0396781	0.0461123	0.0562898	0.0614988	0.0919371	0.186664	
0.02037	0.0223595	0.0247702	0.0277473	0.0315083	0.0364032	0.0427667	0.0530479	0.0614988	0.0954149	0.0556546	-0.207208	0.02037	0.0223595	0.0247702	0.0277473	0.0315083	0.0364032	0.0427667	0.0530479	0.0614988	0.0954149	0.0556546	-0.207208	
0.020607	0.0226741	0.0252001	0.0283557	0.0324073	0.0377394	0.0460786	0.0518284	0.0919371	0.0556546	0.422651	1.76723	0.020607	0.0226741	0.0252001	0.0283557	0.0324073	0.0377394	0.0460786	0.0518284	0.0919371	0.0556546	0.422651	1.76723	
0.0206761	0.0227663	0.0253268	0.0285365	0.0326752	0.0378575	0.0509744	0.0289281	0.186664	-0.207208	1.76723	9.93245	0.0206761	0.0227663	0.0253268	0.0285365	0.0326752	0.0378575	0.0509744	0.0289281	0.186664	-0.207208	1.76723	9.93245	
0.0146184	0.0153039	0.0160143	0.0167405	0.0174694	0.018183	0.0188584	0.0194681	0.0199819	0.02037	0.020607	0.0206761	0.0146184	0.0153039	0.0160143	0.0167405	0.0174694	0.018183	0.0188584	0.0194681	0.0199819	0.02037	0.020607	0.0206761	
0.0153039	0.0160958	0.0169285	0.0177933	0.0186762	0.019556	0.0204037	0.0211824	0.0218491	0.0223595	0.0226741	0.0227663	0.0153039	0.0160958	0.0169285	0.0177933	0.0186762	0.019556	0.0204037	0.0211824	0.0218491	0.0223595	0.0226741	0.0227663	
0.0160143	0.0169285	0.0179054	0.0189383	0.0200137	0.021108	0.0221857	0.0231974	0.0240816	0.0247702	0.0252001	0.0253268	0.0160143	0.0169285	0.0179054	0.0189383	0.0200137	0.021108	0.0221857	0.0231974	0.0240816	0.0247702	0.0252001	0.0253268	
0.0167405	0.0177933	0.0189383	0.0201735	0.0214887	0.0228607	0.0242485	0.0255877	0.0267893	0.0277473	0.0283557	0.0285365	0.0167405	0.0177933	0.0189383	0.0201735	0.0214887	0.0228607	0.0242485	0.0255877	0.0267893	0.0277473	0.0283557	0.0285365	
0.0174694	0.0186762	0.0200137	0.0214887	0.0230998	0.0248306	0.0266392	0.0284463	0.0301258	0.0315083	0.0324073	0.0326752	0.0174694	0.0186762	0.0200137	0.0214887	0.0230998	0.0248306	0.0266392	0.0284463	0.0301258	0.0315083	0.0324073	0.0326752	
0.018183	0.019556	0.021108	0.0228607	0.0248306	0.0270196	0.0293988	0.0318855	0.0343013	0.0364032	0.0377394	0.0378575	0.018183	0.019556	0.021108	0.0228607	0.0248306	0.0270196	0.0293988	0.0318855	0.0343013	0.0364032	0.0377394	0.0378575	
0.0188584	0.0204037	0.0221857	0.0242485	0.0266392	0.0293988	0.0325452	0.0360007	0.0396781	0.0427667	0.0460786	0.0509744	0.0188584	0.0204037	0.0221857	0.0242485	0.0266392	0.0293988	0.0325452	0.0360007	0.0396781	0.0427667	0.0460786	0.0509744	
0.0194681	0.0211824	0.0231974	0.0255877	0.0284463	0.0318855	0.0360007	0.0409944	0.0461123	0.0530479	0.0518284	0.0289281	0.0194681	0.0211824	0.0231974	0.0255877	0.0284463	0.0318855	0.0360007	0.0409944	0.0461123	0.0530479	0.0518284	0.0289281	
0.0199819	0.0218491	0.0240816	0.0267893	0.0301258	0.0343013	0.0396781	0.0461123	0.0562898	0.0614988	0.0919371	0.186664	0.0199819	0.0218491	0.0240816	0.0267893	0.0301258	0.0343013	0.0396781	0.0461123	0.0562898	0.0614988	0.0919371	0.186664	
0.02037	0.0223595	0.0247702	0.0277473	0.0315083	0.0364032	0.0427667	0.0530479	0.0614988	0.0954149	0.0556546	-0.207208	0.02037	0.0223595	0.0247702	0.0277473	0.0315083	0.0364032	0.0427667	0.0530479	0.0614988	0.0954149	0.0556546	-0.207208	
0.020607	0.0226741	0.0252001	0.0283557	0.0324073	0.0377394	0.0460786	0.0518284	0.0919371	0.0556546	0.422651	1.76723	0.020607	0.0226741	0.0252001	0.0283557	0.0324073	0.0377394	0.0460786	0.0518284	0.0919371	0.0556546	0.422651	1.76723	
0.0206761	0.0227663	0.0253268	0.0285365	0.0326752	0.0378575	0.0509744	0.0289281	0.186664	-0.207208	1.76723	9.93245	0.0206761	0.0227663	0.0253268	0.0285365	0.0326752	0.0378575	0.0509744	0.0289281	0.186664	-0.207208	1.76723	9.93245	
