0.238573	0.2469	0.255503	0.264332	0.273312	0.282341	0.291292	0.300007	0.308313	0.316028	0.322976	0.329001	0.333971	0.337783	0.340364	0.341666	0.341666	0.340364	0.337783	0.333971	0.329001	0.322976	0.316028	0.308313	0.300007	0.291292	0.282341	0.273312	0.264332	0.255503	0.2469	0.238573	
0.2469	0.256194	0.265883	0.27592	0.28623	0.296701	0.307175	0.317455	0.327311	0.3365	0.34479	0.351976	0.357897	0.362433	0.365498	0.367043	0.367043	0.365498	0.362433	0.357897	0.351976	0.34479	0.3365	0.327311	0.317455	0.307175	0.296701	0.28623	0.27592	0.265883	0.256194	0.2469	
0.255503	0.265883	0.276812	0.288259	0.300157	0.312386	0.32476	0.337023	0.348861	0.359936	0.36993	0.378578	0.385681	0.391104	0.39476	0.396599	0.396599	0.39476	0.391104	0.385681	0.378578	0.36993	0.359936	0.348861	0.337023	0.32476	0.312386	0.300157	0.288259	0.276812	0.265883	0.255503	
0.264332	0.27592	0.288259	0.301349	0.315148	0.329544	0.344329	0.359167	0.37361	0.387159	0.399359	0.409862	0.418437	0.424946	0.429316	0.431508	0.431508	0.429316	0.424946	0.418437	0.409862	0.399359	0.387159	0.37361	0.359167	0.344329	0.329544	0.315148	0.301349	0.288259	0.27592	0.264332	
0.273312	0.28623	0.300157	0.315148	0.33122	0.348315	0.366228	0.384528	0.402532	0.419439	0.434556	0.447432	0.457832	0.465658	0.470878	0.473486	0.473486	0.470878	0.465658	0.457832	0.447432	0.434556	0.419439	0.402532	0.384528	0.366228	0.348315	0.33122	0.315148	0.300157	0.28623	0.273312	
0.282341	0.296701	0.312386	0.329544	0.348315	0.368781	0.390858	0.414058	0.437256	0.458956	0.47802	0.493935	0.506572	0.515963	0.522172	0.525261	0.525261	0.522172	0.515963	0.506572	0.493935	0.47802	0.458956	0.437256	0.414058	0.390858	0.368781	0.348315	0.329544	0.312386	0.296701	0.282341	
0.291292	0.307175	0.32476	0.344329	0.366228	0.390858	0.418592	0.449303	0.481036	0.510141	0.534644	0.554387	0.569687	0.580875	0.5882	0.591823	0.591823	0.5882	0.580875	0.569687	0.554387	0.534644	0.510141	0.481036	0.449303	0.418592	0.390858	0.366228	0.344329	0.32476	0.307175	0.291292	
0.300007	0.317455	0.337023	0.359167	0.384528	0.414058	0.449303	0.492922	0.543748	0.585655	0.617456	0.641767	0.660069	0.673222	0.681746	0.685939	0.685939	0.681746	0.673222	0.660069	0.641767	0.617456	0.585655	0.543748	0.492922	0.449303	0.414058	0.384528	0.359167	0.337023	0.317455	0.300007	
0.308313	0.327311	0.348861	0.37361	0.402532	0.437256	0.481036	0.543748	0.663103	0.724001	0.76413	0.793316	0.814734	0.829902	0.839645	0.844415	0.844415	0.839645	0.829902	0.814734	0.793316	0.76413	0.724001	0.663103	0.543748	0.481036	0.437256	0.402532	0.37361	0.348861	0.327311	0.308313	
0.316028	0.3365	0.359936	0.387159	0.419439	0.458956	0.510141	0.585655	0.724001	0.797607	0.844948	0.878626	0.902983	0.920068	0.930977	0.9363	0.9363	0.930977	0.920068	0.902983	0.878626	0.844948	0.797607	0.724001	0.585655	0.510141	0.458956	0.419439	0.387159	0.359936	0.3365	0.316028	
0.322976	0.34479	0.36993	0.399359	0.434556	0.47802	0.534644	0.617456	0.76413	0.844948	0.897552	0.934904	0.961796	0.980579	0.992536	0.998359	0.998359	0.992536	0.980579	0.961796	0.934904	0.897552	0.844948	0.76413	0.617456	0.534644	0.47802	0.434556	0.399359	0.36993	0.34479	0.322976	
0.329001	0.351976	0.378578	0.409862	0.447432	0.493935	0.554387	0.641767	0.793316	0.878626	0.934904	0.975057	1.00399	1.02418	1.03702	1.04327	1.04327	1.03702	1.02418	1.00399	0.975057	0.934904	0.878626	0.793316	0.641767	0.554387	0.493935	0.447432	0.409862	0.378578	0.351976	0.329001	
0.333971	0.357897	0.385681	0.418437	0.457832	0.506572	0.569687	0.660069	0.814734	0.902983	0.961796	1.00399	1.03446	1.05576	1.06931	1.0759	1.0759	1.06931	1.05576	1.03446	1.00399	0.961796	0.902983	0.814734	0.660069	0.569687	0.506572	0.457832	0.418437	0.385681	0.357897	0.333971	
0.337783	0.362433	0.391104	0.424946	0.465658	0.515963	0.580875	0.673222	0.829902	0.920068	0.980579	1.02418	1.05576	1.07786	1.09192	1.09877	1.09877	1.09192	1.07786	1.05576	1.02418	0.980579	0.920068	0.829902	0.673222	0.580875	0.515963	0.465658	0.424946	0.391104	0.362433	0.337783	
0.340364	0.365498	0.39476	0.429316	0.470878	0.522172	0.5882	0.681746	0.839645	0.930977	0.992536	1.03702	1.06931	1.09192	1.10633	1.11334	1.11334	1.10633	1.09192	1.06931	1.03702	0.992536	0.930977	0.839645	0.681746	0.5882	0.522172	0.470878	0.429316	0.39476	0.365498	0.340364	
0.341666	0.367043	0.396599	0.431508	0.473486	0.525261	0.591823	0.685939	0.844415	0.9363	0.998359	1.04327	1.0759	1.09877	1.11334	1.12044	1.12044	1.11334	1.09877	1.0759	1.04327	0.998359	0.9363	0.844415	0.685939	0.591823	0.525261	0.473486	0.431508	0.396599	0.367043	0.341666	
0.341666	0.367043	0.396599	0.431508	0.473486	0.525261	0.591823	0.685939	0.844415	0.9363	0.998359	1.04327	1.0759	1.09877	1.11334	1.12044	1.12044	1.11334	1.09877	1.0759	1.04327	0.998359	0.9363	0.844415	0.685939	0.591823	0.525261	0.473486	0.431508	0.396599	0.367043	0.341666	
0.340364	0.365498	0.39476	0.429316	0.470878	0.522172	0.5882	0.681746	0.839645	0.930977	0.992536	1.03702	1.06931	1.09192	1.10633	1.11334	1.11334	1.10633	1.09192	1.06931	1.03702	0.992536	0.930977	0.839645	0.681746	0.5882	0.522172	0.470878	0.429316	0.39476	0.365498	0.340364	
0.337783	0.362433	0.391104	0.424946	0.465658	0.515963	0.580875	0.673222	0.829902	0.920068	0.980579	1.02418	1.05576	1.07786	1.09192	1.09877	1.09877	1.09192	1.07786	1.05576	1.02418	0.980579	0.920068	0.829902	0.673222	0.580875	0.515963	0.465658	0.424946	0.391104	0.362433	0.337783	
0.333971	0.357897	0.385681	0.418437	0.457832	0.506572	0.569687	0.660069	0.814734	0.902983	0.961796	1.00399	1.03446	1.05576	1.06931	1.0759	1.0759	1.06931	1.05576	1.03446	1.00399	0.961796	0.902983	0.814734	0.660069	0.569687	0.506572	0.457832	0.418437	0.385681	0.357897	0.333971	
0.329001	0.351976	0.378578	0.409862	0.447432	0.493935	0.554387	0.641767	0.793316	0.878626	0.934904	0.975057	1.00399	1.02418	1.03702	1.04327	1.04327	1.03702	1.02418	1.00399	0.975057	0.934904	0.878626	0.793316	0.641767	0.554387	0.493935	0.447432	0.409862	0.378578	0.351976	0.329001	
0.322976	0.34479	0.36993	0.399359	0.434556	0.47802	0.534644	0.617456	0.76413	0.844948	0.897552	0.934904	0.961796	0.980579	0.992536	0.998359	0.998359	0.992536	0.980579	0.961796	0.934904	0.897552	0.844948	0.76413	0.617456	0.534644	0.47802	0.434556	0.399359	0.36993	0.34479	0.322976	
0.316028	0.3365	0.359936	0.387159	0.419439	0.458956	0.510141	0.585655	0.724001	0.797607	0.844948	0.878626	0.902983	0.920068	0.930977	0.9363	0.9363	0.930977	0.920068	0.902983	0.878626	0.844948	0.797607	0.724001	0.585655	0.510141	0.458956	0.419439	0.387159	0.359936	0.3365	0.316028	
0.308313	0.327311	0.348861	0.37361	0.402532	0.437256	0.481036	0.543748	0.663103	0.724001	0.76413	0.793316	0.814734	0.829902	0.839645	0.844415	0.844415	0.839645	0.829902	0.814734	0.793316	0.76413	0.724001	0.663103	0.543748	0.481036	0.437256	0.402532	0.37361	0.348861	0.327311	0.308313	
0.300007	0.317455	0.337023	0.359167	0.384528	0.414058	0.449303	0.492922	0.543748	0.585655	0.617456	0.641767	0.660069	0.673222	0.681746	0.685939	0.685939	0.681746	0.673222	0.660069	0.641767	0.617456	0.585655	0.543748	0.492922	0.449303	0.414058	0.384528	0.359167	0.337023	0.317455	0.300007	
0.291292	0.307175	0.32476	0.344329	0.366228	0.390858	0.418592	0.449303	0.481036	0.510141	0.534644	0.554387	0.569687	0.580875	0.5882	0.591823	0.591823	0.5882	0.580875	0.569687	0.554387	0.534644	0.510141	0.481036	0.449303	0.418592	0.390858	0.366228	0.344329	0.32476	0.307175	0.291292	
0.282341	0.296701	0.312386	0.329544	0.348315	0.368781	0.390858	0.414058	0.437256	0.458956	0.47802	0.493935	0.506572	0.515963	0.522172	0.525261	0.525261	0.522172	0.515963	0.506572	0.493935	0.47802	0.458956	0.437256	0.414058	0.390858	0.368781	0.348315	0.329544	0.312386	0.296701	0.282341	
0.273312	0.28623	0.300157	0.315148	0.33122	0.348315	0.366228	0.384528	0.402532	0.419439	0.434556	0.447432	0.457832	0.465658	0.470878	0.473486	0.473486	0.470878	0.465658	0.457832	0.447432	0.434556	0.419439	0.402532	0.384528	0.366228	0.348315	0.33122	0.315148	0.300157	0.28623	0.273312	
0.264332	0.27592	0.288259	0.301349	0.315148	0.329544	0.344329	0.359167	0.37361	0.387159	0.399359	0.409862	0.418437	0.424946	0.429316	0.431508	0.431508	0.429316	0.424946	0.418437	0.409862	0.399359	0.387159	0.37361	0.359167	0.344329	0.329544	0.315148	0.301349	0.288259	0.27592	0.264332	
0.255503	0.265883	0.276812	0.288259	0.300157	0.312386	0.32476	0.337023	0.348861	0.359936	0.36993	0.378578	0.385681	0.391104	0.39476	0.396599	0.396599	0.39476	0.391104	0.385681	0.378578	0.36993	0.359936	0.348861	0.337023	0.32476	0.312386	0.300157	0.288259	0.276812	0.265883	0.255503	
0.2469	0.256194	0.265883	0.27592	0.28623	0.296701	0.307175	0.317455	0.327311	0.3365	0.34479	0.351976	0.357897	0.362433	0.365498	0.367043	0.367043	0.365498	0.362433	0.357897	0.351976	0.34479	0.3365	0.327311	0.317455	0.307175	0.296701	0.28623	0.27592	0.265883	0.256194	0.2469	
0.238573	0.2469	0.255503	0.264332	0.273312	0.282341	0.291292	0.300007	0.308313	0.316028	0.322976	0.329001	0.333971	0.337783	0.340364	0.341666	0.341666	0.340364	0.337783	0.333971	0.329001	0.322976	0.316028	0.308313	0.300007	0.291292	0.282341	0.273312	0.264332	0.255503	0.2469	0.238573	
