0	0	0	0	0	0	0	0	0	0	0	0	0	0	0	0	0	0	0	0	
0.199244	0.190458	0.18214	0.159992	0.138856	0.14832	0.158536	0.169155	0.179877	0.190466	0.200754	0.210631	0.220031	0.243232	0.26538	0.256877	0.24757	0.237806	0.227887	0.218049	
0.190458	0.18275	0.175371	0.154361	0.134218	0.141874	0.150216	0.158988	0.167959	0.17694	0.185782	0.194377	0.202655	0.224555	0.245565	0.238747	0.231206	0.223196	0.214946	0.206647	
0.18214	0.175371	0.168824	0.148876	0.129674	0.135948	0.142842	0.150161	0.157728	0.165388	0.173016	0.180514	0.18781	0.208512	0.22846	0.222914	0.216726	0.210084	0.203166	0.196123	
0.189632	0.181321	0.173624	0.152639	0.132619	0.24692	0.282808	0.302315	0.316822	0.328925	0.339582	0.349229	0.358097	0.380136	0.401121	0.287712	0.252653	0.233919	0.220134	0.208707	
0.198134	0.18814	0.17917	0.157013	0.136059	0.358643	0.423789	0.455743	0.477436	0.494204	0.508086	0.520056	0.530645	0.554179	0.576336	0.354824	0.290645	0.259571	0.238685	0.222661	
0.207441	0.195681	0.185358	0.161924	0.139944	0.391838	0.476481	0.519373	0.547901	0.569282	0.586435	0.600806	0.6132	0.638344	0.661778	0.411146	0.327618	0.285723	0.258094	0.237531	
0.217205	0.203691	0.191999	0.167234	0.144169	0.408595	0.504211	0.55518	0.589466	0.615016	0.635257	0.651963	0.666155	0.692954	0.71772	0.454748	0.360398	0.310545	0.277255	0.252601	
0.227125	0.211941	0.198918	0.172809	0.148635	0.420348	0.522856	0.579606	0.618469	0.647578	0.670587	0.689462	0.70537	0.733811	0.75992	0.489847	0.388754	0.33324	0.29547	0.267337	
0.236963	0.220239	0.205961	0.178531	0.153252	0.429737	0.536924	0.597881	0.640319	0.672376	0.697787	0.718612	0.736106	0.766133	0.793563	0.518892	0.413261	0.353656	0.312407	0.281405	
0.246548	0.228438	0.213002	0.1843	0.157938	0.437753	0.548283	0.612374	0.657607	0.692076	0.719532	0.742072	0.761	0.79253	0.821232	0.543389	0.434547	0.371918	0.327967	0.294629	
0.255768	0.236428	0.219944	0.190031	0.162626	0.444862	0.557864	0.624339	0.671772	0.70821	0.737389	0.761417	0.78162	0.814555	0.844467	0.564346	0.453152	0.388241	0.342175	0.306943	
0.264553	0.244136	0.226713	0.195663	0.167264	0.451308	0.566184	0.634506	0.68369	0.721736	0.752361	0.77767	0.798996	0.833232	0.864282	0.582476	0.469516	0.402851	0.355116	0.318344	
0.272871	0.251516	0.23326	0.201148	0.171808	0.457234	0.573558	0.643333	0.693921	0.733288	0.765126	0.791534	0.813841	0.849275	0.881387	0.598309	0.483996	0.415962	0.366896	0.328869	
0.26538	0.245565	0.22846	0.197385	0.168863	0.346262	0.433592	0.49118	0.534827	0.569751	0.598561	0.622818	0.643554	0.677651	0.708726	0.533511	0.448069	0.392127	0.349927	0.316284	
0.256877	0.238747	0.222914	0.193011	0.165423	0.234539	0.292611	0.337751	0.374213	0.404472	0.430056	0.451991	0.471007	0.503608	0.533511	0.466399	0.410077	0.366475	0.331376	0.302331	
0.24757	0.231206	0.216726	0.1881	0.161538	0.201344	0.239919	0.274121	0.303748	0.329394	0.351707	0.371242	0.388451	0.419443	0.448069	0.410077	0.373103	0.340324	0.311968	0.287461	
0.237806	0.223196	0.210084	0.18279	0.157313	0.184587	0.212189	0.238314	0.262183	0.28366	0.302886	0.320085	0.335496	0.364833	0.392127	0.366475	0.340324	0.315501	0.292807	0.272391	
0.227887	0.214946	0.203166	0.177215	0.152847	0.172833	0.193544	0.213888	0.23318	0.251098	0.267555	0.282586	0.296281	0.323976	0.349927	0.331376	0.311968	0.292807	0.274592	0.257655	
0.218049	0.206647	0.196123	0.171492	0.14823	0.163445	0.179476	0.195613	0.21133	0.2263	0.240355	0.253436	0.265545	0.291654	0.316284	0.302331	0.287461	0.272391	0.257655	0.243587	
