0.23587942	0.24126786	0.24678037	0.25240548	0.25812803	0.26392862	0.26978310	0.27566222	0.28153139	0.28735086	0.29307617	0.29865904	0.30404872	0.30919352	0.31404253	0.31854717	0.32266257	0.32634853	0.32957010	0.33229783	0.33450771	0.33618101	0.33730401	0.33786772	0.33786772	0.33730401	0.33618101	0.33450771	0.33229783	0.32957010	0.32634853	0.32266257	0.31854717	0.31404253	0.30919352	0.30404872	0.29865904	0.29307617	0.28735086	0.28153139	0.27566222	0.26978310	0.26392862	0.25812803	0.25240548	0.24678037	0.24126786	0.23587942
0.24126786	0.24705394	0.25299506	0.25908095	0.26529711	0.27162403	0.27803641	0.28450250	0.29098366	0.29743428	0.30380229	0.31003029	0.31605728	0.32182091	0.32725983	0.33231595	0.33693623	0.34107389	0.34468895	0.34774835	0.35022563	0.35210049	0.35335827	0.35398949	0.35398949	0.35335827	0.35210049	0.35022563	0.34774835	0.34468895	0.34107389	0.33693623	0.33231595	0.32725983	0.32182091	0.31605728	0.31003029	0.30380229	0.29743428	0.29098366	0.28450250	0.27803641	0.27162403	0.26529711	0.25908095	0.25299506	0.24705394	0.24126786
0.24678037	0.25299506	0.25940155	0.26599166	0.27275247	0.27966521	0.28670414	0.29383538	0.30101601	0.30819370	0.31530708	0.32228708	0.32905937	0.33554756	0.34167676	0.34737676	0.35258455	0.35724569	0.36131481	0.36475535	0.36753878	0.36964370	0.37105498	0.37176296	0.37176296	0.37105498	0.36964370	0.36753878	0.36475535	0.36131481	0.35724569	0.35258455	0.34737676	0.34167676	0.33554756	0.32905937	0.32228708	0.31530708	0.30819370	0.30101601	0.29383538	0.28670414	0.27966521	0.27275247	0.26599166	0.25940155	0.25299506	0.24678037
0.25240548	0.25908095	0.26599166	0.27313275	0.28049422	0.28805945	0.29580346	0.30369112	0.31167546	0.31969660	0.32768169	0.33554651	0.34319887	0.35054341	0.35748709	0.36394404	0.36983898	0.37510884	0.37970286	0.38358155	0.38671519	0.38908226	0.39066793	0.39146298	0.39146298	0.39066793	0.38908226	0.38671519	0.38358155	0.37970286	0.37510884	0.36983898	0.36394404	0.35748709	0.35054341	0.34319887	0.33554651	0.32768169	0.31969660	0.31167546	0.30369112	0.29580346	0.28805945	0.28049422	0.27313275	0.26599166	0.25908095	0.25240548
0.25812803	0.26529711	0.27275247	0.28049422	0.28851723	0.29680909	0.30534775	0.31409865	0.32301177	0.33201921	0.34103407	0.34995204	0.35865614	0.36702440	0.37493869	0.38229244	0.38899542	0.39497528	0.40017662	0.40455856	0.40809198	0.41075679	0.41253984	0.41343321	0.41343321	0.41253984	0.41075679	0.40809198	0.40455856	0.40017662	0.39497528	0.38899542	0.38229244	0.37493869	0.36702440	0.35865614	0.34995204	0.34103407	0.33201921	0.32301177	0.31409865	0.30534775	0.29680909	0.28851723	0.28049422	0.27275247	0.26529711	0.25812803
0.26392862	0.27162403	0.27966521	0.28805945	0.29680909	0.30590913	0.31534390	0.32508290	0.33507576	0.34524720	0.35549354	0.36568324	0.37566356	0.38527330	0.39435825	0.40278391	0.41044222	0.41725205	0.42315579	0.42811437	0.43210230	0.43510360	0.43710875	0.43811249	0.43811249	0.43710875	0.43510360	0.43210230	0.42811437	0.42315579	0.41725205	0.41044222	0.40278391	0.39435825	0.38527330	0.37566356	0.36568324	0.35549354	0.34524720	0.33507576	0.32508290	0.31534390	0.30590913	0.29680909	0.28805945	0.27966521	0.27162403	0.26392862
0.26978310	0.27803641	0.28670414	0.29580346	0.30534775	0.31534390	0.32578819	0.33666039	0.34791575	0.35947529	0.37121675	0.38297118	0.39453148	0.40567506	0.41619297	0.42591253	0.43470594	0.44248676	0.44920095	0.45481710	0.45931852	0.46269731	0.46495039	0.46607696	0.46607696	0.46495039	0.46269731	0.45931852	0.45481710	0.44920095	0.44248676	0.43470594	0.42591253	0.41619297	0.40567506	0.39453148	0.38297118	0.37121675	0.35947529	0.34791575	0.33666039	0.32578819	0.31534390	0.30534775	0.29580346	0.28670414	0.27803641	0.26978310
0.27566222	0.28450250	0.29383538	0.30369112	0.31409865	0.32508290	0.33666039	0.34883179	0.36157022	0.37480390	0.38839506	0.40212379	0.41569502	0.42878155	0.44108605	0.45238404	0.46253090	0.47144567	0.47908985	0.48545006	0.49052624	0.49432421	0.49685113	0.49811295	0.49811295	0.49685113	0.49432421	0.49052624	0.48545006	0.47908985	0.47144567	0.46253090	0.45238404	0.44108605	0.42878155	0.41569502	0.40212379	0.38839506	0.37480390	0.36157022	0.34883179	0.33666039	0.32508290	0.31409865	0.30369112	0.29383538	0.28450250	0.27566222
0.28153139	0.29098366	0.30101601	0.31167546	0.32301177	0.33507576	0.34791575	0.36157022	0.37605337	0.39132814	0.40726163	0.42357104	0.43980739	0.45544301	0.47002621	0.48326875	0.49502946	0.50526016	0.51396095	0.52115310	0.52686441	0.53112169	0.53394699	0.53535570	0.53535570	0.53394699	0.53112169	0.52686441	0.52115310	0.51396095	0.50526016	0.49502946	0.48326875	0.47002621	0.45544301	0.43980739	0.42357104	0.40726163	0.39132814	0.37605337	0.36157022	0.34791575	0.33507576	0.32301177	0.31167546	0.30101601	0.29098366	0.28153139
0.28735086	0.29743428	0.30819370	0.31969660	0.33201921	0.34524720	0.35947529	0.37480390	0.39132814	0.40910727	0.42808844	0.44795231	0.46795741	0.48711592	0.50468318	0.52033343	0.53400412	0.54574133	0.55562337	0.56373005	0.57013129	0.57488346	0.57802853	0.57959420	0.57959420	0.57802853	0.57488346	0.57013129	0.56373005	0.55562337	0.54574133	0.53400412	0.52033343	0.50468318	0.48711592	0.46795741	0.44795231	0.42808844	0.40910727	0.39132814	0.37480390	0.35947529	0.34524720	0.33201921	0.31969660	0.30819370	0.29743428	0.28735086
0.29307617	0.30380229	0.31530708	0.32768169	0.34103407	0.35549354	0.37121675	0.38839506	0.40726163	0.42808844	0.45112771	0.47630342	0.50232146	0.52676052	0.54832279	0.56692486	0.58280767	0.59622791	0.60739913	0.61648847	0.62362327	0.62889792	0.63237904	0.63410923	0.63410923	0.63237904	0.62889792	0.62362327	0.61648847	0.60739913	0.59622791	0.58280767	0.56692486	0.54832279	0.52676052	0.50232146	0.47630342	0.45112771	0.42808844	0.40726163	0.38839506	0.37121675	0.35549354	0.34103407	0.32768169	0.31530708	0.30380229	0.29307617
0.29865904	0.31003029	0.32228708	0.33554651	0.34995204	0.36568324	0.38297118	0.40212379	0.42357104	0.44795231	0.47630342	0.51040562	0.54949121	0.58282603	0.60963819	0.63170050	0.65003594	0.66526640	0.67779934	0.68791478	0.69580980	0.70162318	0.70544972	0.70734871	0.70734871	0.70544972	0.70162318	0.69580980	0.68791478	0.67779934	0.66526640	0.65003594	0.63170050	0.60963819	0.58282603	0.54949121	0.51040562	0.47630342	0.44795231	0.42357104	0.40212379	0.38297118	0.36568324	0.34995204	0.33554651	0.32228708	0.31003029	0.29865904
0.30404872	0.31605728	0.32905937	0.34319887	0.35865614	0.37566356	0.39453148	0.41569502	0.43980739	0.46795741	0.50232146	0.54949121	0.63462058	0.68099308	0.71375795	0.73949739	0.76037334	0.77745492	0.79136993	0.80252182	0.81118226	0.81753687	0.82170993	0.82377812	0.82377812	0.82170993	0.81753687	0.81118226	0.80252182	0.79136993	0.77745492	0.76037334	0.73949739	0.71375795	0.68099308	0.63462058	0.54949121	0.50232146	0.46795741	0.43980739	0.41569502	0.39453148	0.37566356	0.35865614	0.34319887	0.32905937	0.31605728	0.30404872
0.30919352	0.32182091	0.33554756	0.35054341	0.36702440	0.38527330	0.40567506	0.42878155	0.45544301	0.48711592	0.52676052	0.58282603	0.68099308	0.73623265	0.77422019	0.80339443	0.82669961	0.84557032	0.86082853	0.87299075	0.88239857	0.88928217	0.89379407	0.89602776	0.89602776	0.89379407	0.88928217	0.88239857	0.87299075	0.86082853	0.84557032	0.82669961	0.80339443	0.77422019	0.73623265	0.68099308	0.58282603	0.52676052	0.48711592	0.45544301	0.42878155	0.40567506	0.38527330	0.36702440	0.35054341	0.33554756	0.32182091	0.30919352
0.31404253	0.32725983	0.34167676	0.35748709	0.37493869	0.39435825	0.41619297	0.44108605	0.47002621	0.50468318	0.54832279	0.60963819	0.71375795	0.77422019	0.81614782	0.84822252	0.87369261	0.89420381	0.91071379	0.92382684	0.93394232	0.94132870	0.94616342	0.94855497	0.94855497	0.94616342	0.94132870	0.93394232	0.92382684	0.91071379	0.89420381	0.87369261	0.84822252	0.81614782	0.77422019	0.71375795	0.60963819	0.54832279	0.50468318	0.47002621	0.44108605	0.41619297	0.39435825	0.37493869	0.35748709	0.34167676	0.32725983	0.31404253
0.31854717	0.33231595	0.34737676	0.36394404	0.38229244	0.40278391	0.42591253	0.45238404	0.48326875	0.52033343	0.56692486	0.63170050	0.73949739	0.80339443	0.84822252	0.88262675	0.90993492	0.93188782	0.94952209	0.96350120	0.97426717	0.98211847	0.98725278	0.98979114	0.98979114	0.98725278	0.98211847	0.97426717	0.96350120	0.94952209	0.93188782	0.90993492	0.88262675	0.84822252	0.80339443	0.73949739	0.63170050	0.56692486	0.52033343	0.48326875	0.45238404	0.42591253	0.40278391	0.38229244	0.36394404	0.34737676	0.33231595	0.31854717
0.32266257	0.33693623	0.35258455	0.36983898	0.38899542	0.41044222	0.43470594	0.46253090	0.49502946	0.53400412	0.58280767	0.65003594	0.76037334	0.82669961	0.87369261	0.90993492	0.93875902	0.96193961	0.98055293	0.99529795	1.00664532	1.01491512	1.02032035	1.02299180	1.02299180	1.02032035	1.01491512	1.00664532	0.99529795	0.98055293	0.96193961	0.93875902	0.90993492	0.87369261	0.82669961	0.76037334	0.65003594	0.58280767	0.53400412	0.49502946	0.46253090	0.43470594	0.41044222	0.38899542	0.36983898	0.35258455	0.33693623	0.32266257
0.32634853	0.34107389	0.35724569	0.37510884	0.39497528	0.41725205	0.44248676	0.47144567	0.50526016	0.54574133	0.59622791	0.66526640	0.77745492	0.84557032	0.89420381	0.93188782	0.96193961	0.98614078	1.00558444	1.02098872	1.03284187	1.04147844	1.04712225	1.04991122	1.04991122	1.04712225	1.04147844	1.03284187	1.02098872	1.00558444	0.98614078	0.96193961	0.93188782	0.89420381	0.84557032	0.77745492	0.66526640	0.59622791	0.54574133	0.50526016	0.47144567	0.44248676	0.41725205	0.39497528	0.37510884	0.35724569	0.34107389	0.32634853
0.32957010	0.34468895	0.36131481	0.37970286	0.40017662	0.42315579	0.44920095	0.47908985	0.51396095	0.55562337	0.60739913	0.67779934	0.79136993	0.86082853	0.91071379	0.94952209	0.98055293	1.00558444	1.02571492	1.04167160	1.05395268	1.06290174	1.06874977	1.07163962	1.07163962	1.06874977	1.06290174	1.05395268	1.04167160	1.02571492	1.00558444	0.98055293	0.94952209	0.91071379	0.86082853	0.79136993	0.67779934	0.60739913	0.55562337	0.51396095	0.47908985	0.44920095	0.42315579	0.40017662	0.37970286	0.36131481	0.34468895	0.32957010
0.33229783	0.34774835	0.36475535	0.38358155	0.40455856	0.42811437	0.45481710	0.48545006	0.52115310	0.56373005	0.61648847	0.68791478	0.80252182	0.87299075	0.92382684	0.96350120	0.99529795	1.02098872	1.04167160	1.05807732	1.07070917	1.07991594	1.08593309	1.08890667	1.08890667	1.08593309	1.07991594	1.07070917	1.05807732	1.04167160	1.02098872	0.99529795	0.96350120	0.92382684	0.87299075	0.80252182	0.68791478	0.61648847	0.56373005	0.52115310	0.48545006	0.45481710	0.42811437	0.40455856	0.38358155	0.36475535	0.34774835	0.33229783
0.33450771	0.35022563	0.36753878	0.38671519	0.40809198	0.43210230	0.45931852	0.49052624	0.52686441	0.57013129	0.62362327	0.69580980	0.81118226	0.88239857	0.93394232	0.97426717	1.00664532	1.03284187	1.05395268	1.07070917	1.08361685	1.09302730	1.09917859	1.10221872	1.10221872	1.09917859	1.09302730	1.08361685	1.07070917	1.05395268	1.03284187	1.00664532	0.97426717	0.93394232	0.88239857	0.81118226	0.69580980	0.62362327	0.57013129	0.52686441	0.49052624	0.45931852	0.43210230	0.40809198	0.38671519	0.36753878	0.35022563	0.33450771
0.33618101	0.35210049	0.36964370	0.38908226	0.41075679	0.43510360	0.46269731	0.49432421	0.53112169	0.57488346	0.62889792	0.70162318	0.81753687	0.88928217	0.94132870	0.98211847	1.01491512	1.04147844	1.06290174	1.07991594	1.09302730	1.10258874	1.10883975	1.11192942	1.11192942	1.10883975	1.10258874	1.09302730	1.07991594	1.06290174	1.04147844	1.01491512	0.98211847	0.94132870	0.88928217	0.81753687	0.70162318	0.62889792	0.57488346	0.53112169	0.49432421	0.46269731	0.43510360	0.41075679	0.38908226	0.36964370	0.35210049	0.33618101
0.33730401	0.35335827	0.37105498	0.39066793	0.41253984	0.43710875	0.46495039	0.49685113	0.53394699	0.57802853	0.63237904	0.70544972	0.82170993	0.89379407	0.94616342	0.98725278	1.02032035	1.04712225	1.06874977	1.08593309	1.09917859	1.10883975	1.11515672	1.11827922	1.11827922	1.11515672	1.10883975	1.09917859	1.08593309	1.06874977	1.04712225	1.02032035	0.98725278	0.94616342	0.89379407	0.82170993	0.70544972	0.63237904	0.57802853	0.53394699	0.49685113	0.46495039	0.43710875	0.41253984	0.39066793	0.37105498	0.35335827	0.33730401
0.33786772	0.35398949	0.37176296	0.39146298	0.41343321	0.43811249	0.46607696	0.49811295	0.53535570	0.57959420	0.63410923	0.70734871	0.82377812	0.89602776	0.94855497	0.98979114	1.02299180	1.04991122	1.07163962	1.08890667	1.10221872	1.11192942	1.11827922	1.12141807	1.12141807	1.11827922	1.11192942	1.10221872	1.08890667	1.07163962	1.04991122	1.02299180	0.98979114	0.94855497	0.89602776	0.82377812	0.70734871	0.63410923	0.57959420	0.53535570	0.49811295	0.46607696	0.43811249	0.41343321	0.39146298	0.37176296	0.35398949	0.33786772
0.33786772	0.35398949	0.37176296	0.39146298	0.41343321	0.43811249	0.46607696	0.49811295	0.53535570	0.57959420	0.63410923	0.70734871	0.82377812	0.89602776	0.94855497	0.98979114	1.02299180	1.04991122	1.07163962	1.08890667	1.10221872	1.11192942	1.11827922	1.12141807	1.12141807	1.11827922	1.11192942	1.10221872	1.08890667	1.07163962	1.04991122	1.02299180	0.98979114	0.94855497	0.89602776	0.82377812	0.70734871	0.63410923	0.57959420	0.53535570	0.49811295	0.46607696	0.43811249	0.41343321	0.39146298	0.37176296	0.35398949	0.33786772
0.33730401	0.35335827	0.37105498	0.39066793	0.41253984	0.43710875	0.46495039	0.49685113	0.53394699	0.57802853	0.63237904	0.70544972	0.82170993	0.89379407	0.94616342	0.98725278	1.02032035	1.04712225	1.06874977	1.08593309	1.09917859	1.10883975	1.11515672	1.11827922	1.11827922	1.11515672	1.10883975	1.09917859	1.08593309	1.06874977	1.04712225	1.02032035	0.98725278	0.94616342	0.89379407	0.82170993	0.70544972	0.63237904	0.57802853	0.53394699	0.49685113	0.46495039	0.43710875	0.41253984	0.39066793	0.37105498	0.35335827	0.33730401
0.33618101	0.35210049	0.36964370	0.38908226	0.41075679	0.43510360	0.46269731	0.49432421	0.53112169	0.57488346	0.62889792	0.70162318	0.81753687	0.88928217	0.94132870	0.98211847	1.01491512	1.04147844	1.06290174	1.07991594	1.09302730	1.10258874	1.10883975	1.11192942	1.11192942	1.10883975	1.10258874	1.09302730	1.07991594	1.06290174	1.04147844	1.01491512	0.98211847	0.94132870	0.88928217	0.81753687	0.70162318	0.62889792	0.57488346	0.53112169	0.49432421	0.46269731	0.43510360	0.41075679	0.38908226	0.36964370	0.35210049	0.33618101
0.33450771	0.35022563	0.36753878	0.38671519	0.40809198	0.43210230	0.45931852	0.49052624	0.52686441	0.57013129	0.62362327	0.69580980	0.81118226	0.88239857	0.93394232	0.97426717	1.00664532	1.03284187	1.05395268	1.07070917	1.08361685	1.09302730	1.09917859	1.10221872	1.10221872	1.09917859	1.09302730	1.08361685	1.07070917	1.05395268	1.03284187	1.00664532	0.97426717	0.93394232	0.88239857	0.81118226	0.69580980	0.62362327	0.57013129	0.52686441	0.49052624	0.45931852	0.43210230	0.40809198	0.38671519	0.36753878	0.35022563	0.33450771
0.33229783	0.34774835	0.36475535	0.38358155	0.40455856	0.42811437	0.45481710	0.48545006	0.52115310	0.56373005	0.61648847	0.68791478	0.80252182	0.87299075	0.92382684	0.96350120	0.99529795	1.02098872	1.04167160	1.05807732	1.07070917	1.07991594	1.08593309	1.08890667	1.08890667	1.08593309	1.07991594	1.07070917	1.05807732	1.04167160	1.02098872	0.99529795	0.96350120	0.92382684	0.87299075	0.80252182	0.68791478	0.61648847	0.56373005	0.52115310	0.48545006	0.45481710	0.42811437	0.40455856	0.38358155	0.36475535	0.34774835	0.33229783
0.32957010	0.34468895	0.36131481	0.37970286	0.40017662	0.42315579	0.44920095	0.47908985	0.51396095	0.55562337	0.60739913	0.67779934	0.79136993	0.86082853	0.91071379	0.94952209	0.98055293	1.00558444	1.02571492	1.04167160	1.05395268	1.06290174	1.06874977	1.07163962	1.07163962	1.06874977	1.06290174	1.05395268	1.04167160	1.02571492	1.00558444	0.98055293	0.94952209	0.91071379	0.86082853	0.79136993	0.67779934	0.60739913	0.55562337	0.51396095	0.47908985	0.44920095	0.42315579	0.40017662	0.37970286	0.36131481	0.34468895	0.32957010
0.32634853	0.34107389	0.35724569	0.37510884	0.39497528	0.41725205	0.44248676	0.47144567	0.50526016	0.54574133	0.59622791	0.66526640	0.77745492	0.84557032	0.89420381	0.93188782	0.96193961	0.98614078	1.00558444	1.02098872	1.03284187	1.04147844	1.04712225	1.04991122	1.04991122	1.04712225	1.04147844	1.03284187	1.02098872	1.00558444	0.98614078	0.96193961	0.93188782	0.89420381	0.84557032	0.77745492	0.66526640	0.59622791	0.54574133	0.50526016	0.47144567	0.44248676	0.41725205	0.39497528	0.37510884	0.35724569	0.34107389	0.32634853
0.32266257	0.33693623	0.35258455	0.36983898	0.38899542	0.41044222	0.43470594	0.46253090	0.49502946	0.53400412	0.58280767	0.65003594	0.76037334	0.82669961	0.87369261	0.90993492	0.93875902	0.96193961	0.98055293	0.99529795	1.00664532	1.01491512	1.02032035	1.02299180	1.02299180	1.02032035	1.01491512	1.00664532	0.99529795	0.98055293	0.96193961	0.93875902	0.90993492	0.87369261	0.82669961	0.76037334	0.65003594	0.58280767	0.53400412	0.49502946	0.46253090	0.43470594	0.41044222	0.38899542	0.36983898	0.35258455	0.33693623	0.32266257
0.31854717	0.33231595	0.34737676	0.36394404	0.38229244	0.40278391	0.42591253	0.45238404	0.48326875	0.52033343	0.56692486	0.63170050	0.73949739	0.80339443	0.84822252	0.88262675	0.90993492	0.93188782	0.94952209	0.96350120	0.97426717	0.98211847	0.98725278	0.98979114	0.98979114	0.98725278	0.98211847	0.97426717	0.96350120	0.94952209	0.93188782	0.90993492	0.88262675	0.84822252	0.80339443	0.73949739	0.63170050	0.56692486	0.52033343	0.48326875	0.45238404	0.42591253	0.40278391	0.38229244	0.36394404	0.34737676	0.33231595	0.31854717
0.31404253	0.32725983	0.34167676	0.35748709	0.37493869	0.39435825	0.41619297	0.44108605	0.47002621	0.50468318	0.54832279	0.60963819	0.71375795	0.77422019	0.81614782	0.84822252	0.87369261	0.89420381	0.91071379	0.92382684	0.93394232	0.94132870	0.94616342	0.94855497	0.94855497	0.94616342	0.94132870	0.93394232	0.92382684	0.91071379	0.89420381	0.87369261	0.84822252	0.81614782	0.77422019	0.71375795	0.60963819	0.54832279	0.50468318	0.47002621	0.44108605	0.41619297	0.39435825	0.37493869	0.35748709	0.34167676	0.32725983	0.31404253
0.30919352	0.32182091	0.33554756	0.35054341	0.36702440	0.38527330	0.40567506	0.42878155	0.45544301	0.48711592	0.52676052	0.58282603	0.68099308	0.73623265	0.77422019	0.80339443	0.82669961	0.84557032	0.86082853	0.87299075	0.88239857	0.88928217	0.89379407	0.89602776	0.89602776	0.89379407	0.88928217	0.88239857	0.87299075	0.86082853	0.84557032	0.82669961	0.80339443	0.77422019	0.73623265	0.68099308	0.58282603	0.52676052	0.48711592	0.45544301	0.42878155	0.40567506	0.38527330	0.36702440	0.35054341	0.33554756	0.32182091	0.30919352
0.30404872	0.31605728	0.32905937	0.34319887	0.35865614	0.37566356	0.39453148	0.41569502	0.43980739	0.46795741	0.50232146	0.54949121	0.63462058	0.68099308	0.71375795	0.73949739	0.76037334	0.77745492	0.79136993	0.80252182	0.81118226	0.81753687	0.82170993	0.82377812	0.82377812	0.82170993	0.81753687	0.81118226	0.80252182	0.79136993	0.77745492	0.76037334	0.73949739	0.71375795	0.68099308	0.63462058	0.54949121	0.50232146	0.46795741	0.43980739	0.41569502	0.39453148	0.37566356	0.35865614	0.34319887	0.32905937	0.31605728	0.30404872
0.29865904	0.31003029	0.32228708	0.33554651	0.34995204	0.36568324	0.38297118	0.40212379	0.42357104	0.44795231	0.47630342	0.51040562	0.54949121	0.58282603	0.60963819	0.63170050	0.65003594	0.66526640	0.67779934	0.68791478	0.69580980	0.70162318	0.70544972	0.70734871	0.70734871	0.70544972	0.70162318	0.69580980	0.68791478	0.67779934	0.66526640	0.65003594	0.63170050	0.60963819	0.58282603	0.54949121	0.51040562	0.47630342	0.44795231	0.42357104	0.40212379	0.38297118	0.36568324	0.34995204	0.33554651	0.32228708	0.31003029	0.29865904
0.29307617	0.30380229	0.31530708	0.32768169	0.34103407	0.35549354	0.37121675	0.38839506	0.40726163	0.42808844	0.45112771	0.47630342	0.50232146	0.52676052	0.54832279	0.56692486	0.58280767	0.59622791	0.60739913	0.61648847	0.62362327	0.62889792	0.63237904	0.63410923	0.63410923	0.63237904	0.62889792	0.62362327	0.61648847	0.60739913	0.59622791	0.58280767	0.56692486	0.54832279	0.52676052	0.50232146	0.47630342	0.45112771	0.42808844	0.40726163	0.38839506	0.37121675	0.35549354	0.34103407	0.32768169	0.31530708	0.30380229	0.29307617
0.28735086	0.29743428	0.30819370	0.31969660	0.33201921	0.34524720	0.35947529	0.37480390	0.39132814	0.40910727	0.42808844	0.44795231	0.46795741	0.48711592	0.50468318	0.52033343	0.53400412	0.54574133	0.55562337	0.56373005	0.57013129	0.57488346	0.57802853	0.57959420	0.57959420	0.57802853	0.57488346	0.57013129	0.56373005	0.55562337	0.54574133	0.53400412	0.52033343	0.50468318	0.48711592	0.46795741	0.44795231	0.42808844	0.40910727	0.39132814	0.37480390	0.35947529	0.34524720	0.33201921	0.31969660	0.30819370	0.29743428	0.28735086
0.28153139	0.29098366	0.30101601	0.31167546	0.32301177	0.33507576	0.34791575	0.36157022	0.37605337	0.39132814	0.40726163	0.42357104	0.43980739	0.45544301	0.47002621	0.48326875	0.49502946	0.50526016	0.51396095	0.52115310	0.52686441	0.53112169	0.53394699	0.53535570	0.53535570	0.53394699	0.53112169	0.52686441	0.52115310	0.51396095	0.50526016	0.49502946	0.48326875	0.47002621	0.45544301	0.43980739	0.42357104	0.40726163	0.39132814	0.37605337	0.36157022	0.34791575	0.33507576	0.32301177	0.31167546	0.30101601	0.29098366	0.28153139
0.27566222	0.28450250	0.29383538	0.30369112	0.31409865	0.32508290	0.33666039	0.34883179	0.36157022	0.37480390	0.38839506	0.40212379	0.41569502	0.42878155	0.44108605	0.45238404	0.46253090	0.47144567	0.47908985	0.48545006	0.49052624	0.49432421	0.49685113	0.49811295	0.49811295	0.49685113	0.49432421	0.49052624	0.48545006	0.47908985	0.47144567	0.46253090	0.45238404	0.44108605	0.42878155	0.41569502	0.40212379	0.38839506	0.37480390	0.36157022	0.34883179	0.33666039	0.32508290	0.31409865	0.30369112	0.29383538	0.28450250	0.27566222
0.26978310	0.27803641	0.28670414	0.29580346	0.30534775	0.31534390	0.32578819	0.33666039	0.34791575	0.35947529	0.37121675	0.38297118	0.39453148	0.40567506	0.41619297	0.42591253	0.43470594	0.44248676	0.44920095	0.45481710	0.45931852	0.46269731	0.46495039	0.46607696	0.46607696	0.46495039	0.46269731	0.45931852	0.45481710	0.44920095	0.44248676	0.43470594	0.42591253	0.41619297	0.40567506	0.39453148	0.38297118	0.37121675	0.35947529	0.34791575	0.33666039	0.32578819	0.31534390	0.30534775	0.29580346	0.28670414	0.27803641	0.26978310
0.26392862	0.27162403	0.27966521	0.28805945	0.29680909	0.30590913	0.31534390	0.32508290	0.33507576	0.34524720	0.35549354	0.36568324	0.37566356	0.38527330	0.39435825	0.40278391	0.41044222	0.41725205	0.42315579	0.42811437	0.43210230	0.43510360	0.43710875	0.43811249	0.43811249	0.43710875	0.43510360	0.43210230	0.42811437	0.42315579	0.41725205	0.41044222	0.40278391	0.39435825	0.38527330	0.37566356	0.36568324	0.35549354	0.34524720	0.33507576	0.32508290	0.31534390	0.30590913	0.29680909	0.28805945	0.27966521	0.27162403	0.26392862
0.25812803	0.26529711	0.27275247	0.28049422	0.28851723	0.29680909	0.30534775	0.31409865	0.32301177	0.33201921	0.34103407	0.34995204	0.35865614	0.36702440	0.37493869	0.38229244	0.38899542	0.39497528	0.40017662	0.40455856	0.40809198	0.41075679	0.41253984	0.41343321	0.41343321	0.41253984	0.41075679	0.40809198	0.40455856	0.40017662	0.39497528	0.38899542	0.38229244	0.37493869	0.36702440	0.35865614	0.34995204	0.34103407	0.33201921	0.32301177	0.31409865	0.30534775	0.29680909	0.28851723	0.28049422	0.27275247	0.26529711	0.25812803
0.25240548	0.25908095	0.26599166	0.27313275	0.28049422	0.28805945	0.29580346	0.30369112	0.31167546	0.31969660	0.32768169	0.33554651	0.34319887	0.35054341	0.35748709	0.36394404	0.36983898	0.37510884	0.37970286	0.38358155	0.38671519	0.38908226	0.39066793	0.39146298	0.39146298	0.39066793	0.38908226	0.38671519	0.38358155	0.37970286	0.37510884	0.36983898	0.36394404	0.35748709	0.35054341	0.34319887	0.33554651	0.32768169	0.31969660	0.31167546	0.30369112	0.29580346	0.28805945	0.28049422	0.27313275	0.26599166	0.25908095	0.25240548
0.24678037	0.25299506	0.25940155	0.26599166	0.27275247	0.27966521	0.28670414	0.29383538	0.30101601	0.30819370	0.31530708	0.32228708	0.32905937	0.33554756	0.34167676	0.34737676	0.35258455	0.35724569	0.36131481	0.36475535	0.36753878	0.36964370	0.37105498	0.37176296	0.37176296	0.37105498	0.36964370	0.36753878	0.36475535	0.36131481	0.35724569	0.35258455	0.34737676	0.34167676	0.33554756	0.32905937	0.32228708	0.31530708	0.30819370	0.30101601	0.29383538	0.28670414	0.27966521	0.27275247	0.26599166	0.25940155	0.25299506	0.24678037
0.24126786	0.24705394	0.25299506	0.25908095	0.26529711	0.27162403	0.27803641	0.28450250	0.29098366	0.29743428	0.30380229	0.31003029	0.31605728	0.32182091	0.32725983	0.33231595	0.33693623	0.34107389	0.34468895	0.34774835	0.35022563	0.35210049	0.35335827	0.35398949	0.35398949	0.35335827	0.35210049	0.35022563	0.34774835	0.34468895	0.34107389	0.33693623	0.33231595	0.32725983	0.32182091	0.31605728	0.31003029	0.30380229	0.29743428	0.29098366	0.28450250	0.27803641	0.27162403	0.26529711	0.25908095	0.25299506	0.24705394	0.24126786
0.23587942	0.24126786	0.24678037	0.25240548	0.25812803	0.26392862	0.26978310	0.27566222	0.28153139	0.28735086	0.29307617	0.29865904	0.30404872	0.30919352	0.31404253	0.31854717	0.32266257	0.32634853	0.32957010	0.33229783	0.33450771	0.33618101	0.33730401	0.33786772	0.33786772	0.33730401	0.33618101	0.33450771	0.33229783	0.32957010	0.32634853	0.32266257	0.31854717	0.31404253	0.30919352	0.30404872	0.29865904	0.29307617	0.28735086	0.28153139	0.27566222	0.26978310	0.26392862	0.25812803	0.25240548	0.24678037	0.24126786	0.23587942
