0.24705394	0.26529711	0.28450250	0.30380229	0.32182091	0.33693623	0.34774835	0.35335827	0.35335827	0.34774835	0.33693623	0.32182091	0.30380229	0.28450250	0.26529711	0.24705394
0.26529711	0.28851723	0.31409865	0.34103407	0.36702440	0.38899542	0.40455856	0.41253984	0.41253984	0.40455856	0.38899542	0.36702440	0.34103407	0.31409865	0.28851723	0.26529711
0.28450250	0.31409865	0.34883179	0.38839506	0.42878155	0.46253090	0.48545006	0.49685113	0.49685113	0.48545006	0.46253090	0.42878155	0.38839506	0.34883179	0.31409865	0.28450250
0.30380229	0.34103407	0.38839506	0.45112771	0.52676052	0.58280767	0.61648847	0.63237904	0.63237904	0.61648847	0.58280767	0.52676052	0.45112771	0.38839506	0.34103407	0.30380229
0.32182091	0.36702440	0.42878155	0.52676052	0.73623265	0.82669961	0.87299075	0.89379407	0.89379407	0.87299075	0.82669961	0.73623265	0.52676052	0.42878155	0.36702440	0.32182091
0.33693623	0.38899542	0.46253090	0.58280767	0.82669961	0.93875902	0.99529795	1.02032035	1.02032035	0.99529795	0.93875902	0.82669961	0.58280767	0.46253090	0.38899542	0.33693623
0.34774835	0.40455856	0.48545006	0.61648847	0.87299075	0.99529795	1.05807732	1.08593309	1.08593309	1.05807732	0.99529795	0.87299075	0.61648847	0.48545006	0.40455856	0.34774835
0.35335827	0.41253984	0.49685113	0.63237904	0.89379407	1.02032035	1.08593309	1.11515672	1.11515672	1.08593309	1.02032035	0.89379407	0.63237904	0.49685113	0.41253984	0.35335827
0.35335827	0.41253984	0.49685113	0.63237904	0.89379407	1.02032035	1.08593309	1.11515672	1.11515672	1.08593309	1.02032035	0.89379407	0.63237904	0.49685113	0.41253984	0.35335827
0.34774835	0.40455856	0.48545006	0.61648847	0.87299075	0.99529795	1.05807732	1.08593309	1.08593309	1.05807732	0.99529795	0.87299075	0.61648847	0.48545006	0.40455856	0.34774835
0.33693623	0.38899542	0.46253090	0.58280767	0.82669961	0.93875902	0.99529795	1.02032035	1.02032035	0.99529795	0.93875902	0.82669961	0.58280767	0.46253090	0.38899542	0.33693623
0.32182091	0.36702440	0.42878155	0.52676052	0.73623265	0.82669961	0.87299075	0.89379407	0.89379407	0.87299075	0.82669961	0.73623265	0.52676052	0.42878155	0.36702440	0.32182091
0.30380229	0.34103407	0.38839506	0.45112771	0.52676052	0.58280767	0.61648847	0.63237904	0.63237904	0.61648847	0.58280767	0.52676052	0.45112771	0.38839506	0.34103407	0.30380229
0.28450250	0.31409865	0.34883179	0.38839506	0.42878155	0.46253090	0.48545006	0.49685113	0.49685113	0.48545006	0.46253090	0.42878155	0.38839506	0.34883179	0.31409865	0.28450250
0.26529711	0.28851723	0.31409865	0.34103407	0.36702440	0.38899542	0.40455856	0.41253984	0.41253984	0.40455856	0.38899542	0.36702440	0.34103407	0.31409865	0.28851723	0.26529711
0.24705394	0.26529711	0.28450250	0.30380229	0.32182091	0.33693623	0.34774835	0.35335827	0.35335827	0.34774835	0.33693623	0.32182091	0.30380229	0.28450250	0.26529711	0.24705394
