0.24430818	0.25166110	0.25923110	0.26698695	0.27488463	0.28286525	0.29085357	0.29875807	0.30647288	0.31388212	0.32086604	0.32730800	0.33310068	0.33815062	0.34238044	0.34572928	0.34815191	0.34961743	0.35010789	0.34961743	0.34815191	0.34572928	0.34238044	0.33815062	0.33310068	0.32730800	0.32086604	0.31388212	0.30647288	0.29875807	0.29085357	0.28286525	0.27488463	0.26698695	0.25923110	0.25166110	0.24430818	0.23719308
0.25166110	0.25974414	0.26812113	0.27676428	0.28562998	0.29465515	0.30375400	0.31281677	0.32171159	0.33029054	0.33839936	0.34588866	0.35262372	0.35849068	0.36339873	0.36727919	0.37008293	0.37177742	0.37234424	0.37177742	0.37008293	0.36727919	0.36339873	0.35849068	0.35262372	0.34588866	0.33839936	0.33029054	0.32171159	0.31281677	0.30375400	0.29465515	0.28562998	0.27676428	0.26812113	0.25974414	0.25166110	0.24388762
0.25923110	0.26812113	0.27740235	0.28705477	0.29703962	0.30729294	0.31771922	0.32818692	0.33852909	0.34855179	0.35805018	0.36682799	0.37471366	0.38156894	0.38728967	0.39180174	0.39505519	0.39701861	0.39767489	0.39701861	0.39505519	0.39180174	0.38728967	0.38156894	0.37471366	0.36682799	0.35805018	0.34855179	0.33852909	0.32818692	0.31771922	0.30729294	0.29703962	0.28705477	0.27740235	0.26812113	0.25923110	0.25073876
0.26698695	0.27676428	0.28705477	0.29785326	0.30913363	0.32083864	0.33286761	0.34506494	0.35721568	0.36905627	0.38030311	0.39068930	0.39999322	0.40804936	0.41474405	0.42000424	0.42378554	0.42606270	0.42682303	0.42606270	0.42378554	0.42000424	0.41474405	0.40804936	0.39999322	0.39068930	0.38030311	0.36905627	0.35721568	0.34506494	0.33286761	0.32083864	0.30913363	0.29785326	0.28705477	0.27676428	0.26698695	0.25771453
0.27488463	0.28562998	0.29703962	0.30913363	0.32191201	0.33533968	0.34932459	0.36369092	0.37815853	0.39235174	0.40585350	0.41828356	0.42935275	0.43887160	0.44672996	0.45287014	0.45726526	0.45990452	0.46078451	0.45990452	0.45726526	0.45287014	0.44672996	0.43887160	0.42935275	0.41828356	0.40585350	0.39235174	0.37815853	0.36369092	0.34932459	0.33533968	0.32191201	0.30913363	0.29703962	0.28562998	0.27488463	0.26477275
0.28286525	0.29465515	0.30729294	0.32083864	0.33533968	0.35081252	0.36720849	0.38435729	0.40189854	0.41926110	0.43577325	0.45085797	0.46414312	0.47544056	0.48467756	0.49184016	0.49693872	0.49998941	0.50100477	0.49998941	0.49693872	0.49184016	0.48467756	0.47544056	0.46414312	0.45085797	0.43577325	0.41926110	0.40189854	0.38435729	0.36720849	0.35081252	0.33533968	0.32083864	0.30729294	0.29465515	0.28286525	0.27185996
0.29085357	0.30375400	0.31771922	0.33286761	0.34932459	0.36720849	0.38659186	0.40740496	0.42924049	0.45115676	0.47189939	0.49051937	0.50659460	0.52003286	0.53087609	0.53920334	0.54509135	0.54859960	0.54976488	0.54859960	0.54509135	0.53920334	0.53087609	0.52003286	0.50659460	0.49051937	0.47189939	0.45115676	0.42924049	0.40740496	0.38659186	0.36720849	0.34932459	0.33286761	0.31771922	0.30375400	0.29085357	0.27891085
0.29875807	0.31281677	0.32818692	0.34506494	0.36369092	0.38435729	0.40740496	0.43314906	0.46148895	0.49078386	0.51796730	0.54138962	0.56093219	0.57688264	0.58954415	0.59916026	0.60590963	0.60991297	0.61123984	0.60991297	0.60590963	0.59916026	0.58954415	0.57688264	0.56093219	0.54138962	0.51796730	0.49078386	0.46148895	0.43314906	0.40740496	0.38435729	0.36369092	0.34506494	0.32818692	0.31281677	0.29875807	0.28584881
0.30647288	0.32171159	0.33852909	0.35721568	0.37815853	0.40189854	0.42924049	0.46148895	0.50088875	0.54646323	0.58464418	0.61444444	0.63808752	0.65684526	0.67147728	0.68246544	0.69012200	0.69464358	0.69613912	0.69464358	0.69012200	0.68246544	0.67147728	0.65684526	0.63808752	0.61444444	0.58464418	0.54646323	0.50088875	0.46148895	0.42924049	0.40189854	0.37815853	0.35721568	0.33852909	0.32171159	0.30647288	0.29258763
0.31388212	0.33029054	0.34855179	0.36905627	0.39235174	0.41926110	0.45115676	0.49078386	0.54646323	0.64996068	0.70436091	0.74141758	0.76942685	0.79109583	0.80774424	0.82012566	0.82869916	0.83374313	0.83540848	0.83374313	0.82869916	0.82012566	0.80774424	0.79109583	0.76942685	0.74141758	0.70436091	0.64996068	0.54646323	0.49078386	0.45115676	0.41926110	0.39235174	0.36905627	0.34855179	0.33029054	0.31388212	0.29903463
0.32086604	0.33839936	0.35805018	0.38030311	0.40585350	0.43577325	0.47189939	0.51796730	0.58464418	0.70436091	0.76970143	0.81308289	0.84514451	0.86957846	0.88816168	0.90188670	0.91134669	0.91689633	0.91872614	0.91689633	0.91134669	0.90188670	0.88816168	0.86957846	0.84514451	0.81308289	0.76970143	0.70436091	0.58464418	0.51796730	0.47189939	0.43577325	0.40585350	0.38030311	0.35805018	0.33839936	0.32086604	0.30509475
0.32730800	0.34588866	0.36682799	0.39068930	0.41828356	0.45085797	0.49051937	0.54138962	0.61444444	0.74141758	0.81308289	0.86115886	0.89659010	0.92345037	0.94377941	0.95873555	0.96901491	0.97503414	0.97701699	0.97503414	0.96901491	0.95873555	0.94377941	0.92345037	0.89659010	0.86115886	0.81308289	0.74141758	0.61444444	0.54138962	0.49051937	0.45085797	0.41828356	0.39068930	0.36682799	0.34588866	0.32730800	0.31067511
0.33310068	0.35262372	0.37471366	0.39999322	0.42935275	0.46414312	0.50659460	0.56093219	0.63808752	0.76942685	0.84514451	0.89659010	0.93466127	0.96353042	0.98535434	1.00138640	1.01239069	1.01882831	1.02094794	1.01882831	1.01239069	1.00138640	0.98535434	0.96353042	0.93466127	0.89659010	0.84514451	0.76942685	0.63808752	0.56093219	0.50659460	0.46414312	0.42935275	0.39999322	0.37471366	0.35262372	0.33310068	0.31568919
0.33815062	0.35849068	0.38156894	0.40804936	0.43887160	0.47544056	0.52003286	0.57688264	0.65684526	0.79109583	0.86957846	0.92345037	0.96353042	0.99399615	1.01704516	1.03397729	1.04559607	1.05239111	1.05462802	1.05239111	1.04559607	1.03397729	1.01704516	0.99399615	0.96353042	0.92345037	0.86957846	0.79109583	0.65684526	0.57688264	0.52003286	0.47544056	0.43887160	0.40804936	0.38156894	0.35849068	0.33815062	0.32006013
0.34238044	0.36339873	0.38728967	0.41474405	0.44672996	0.48467756	0.53087609	0.58954415	0.67147728	0.80774424	0.88816168	0.94377941	0.98535434	1.01704516	1.04105736	1.05870982	1.07082638	1.07791311	1.08024606	1.07791311	1.07082638	1.05870982	1.04105736	1.01704516	0.98535434	0.94377941	0.88816168	0.80774424	0.67147728	0.58954415	0.53087609	0.48467756	0.44672996	0.41474405	0.38728967	0.36339873	0.34238044	0.32372271
0.34572928	0.36727919	0.39180174	0.42000424	0.45287014	0.49184016	0.53920334	0.59916026	0.68246544	0.82012566	0.90188670	0.95873555	1.00138640	1.03397729	1.05870982	1.07690851	1.08940629	1.09671782	1.09912502	1.09671782	1.08940629	1.07690851	1.05870982	1.03397729	1.00138640	0.95873555	0.90188670	0.82012566	0.68246544	0.59916026	0.53920334	0.49184016	0.45287014	0.42000424	0.39180174	0.36727919	0.34572928	0.32662427
0.34815191	0.37008293	0.39505519	0.42378554	0.45726526	0.49693872	0.54509135	0.60590963	0.69012200	0.82869916	0.91134669	0.96901491	1.01239069	1.04559607	1.07082638	1.08940629	1.10217208	1.10964242	1.11210220	1.10964242	1.10217208	1.08940629	1.07082638	1.04559607	1.01239069	0.96901491	0.91134669	0.82869916	0.69012200	0.60590963	0.54509135	0.49693872	0.45726526	0.42378554	0.39505519	0.37008293	0.34815191	0.32872468
0.34961743	0.37177742	0.39701861	0.42606270	0.45990452	0.49998941	0.54859960	0.60991297	0.69464358	0.83374313	0.91689633	0.97503414	1.01882831	1.05239111	1.07791311	1.09671782	1.10964242	1.11720716	1.11969824	1.11720716	1.10964242	1.09671782	1.07791311	1.05239111	1.01882831	0.97503414	0.91689633	0.83374313	0.69464358	0.60991297	0.54859960	0.49998941	0.45990452	0.42606270	0.39701861	0.37177742	0.34961743	0.32999593
0.35010789	0.37234424	0.39767489	0.42682303	0.46078451	0.50100477	0.54976488	0.61123984	0.69613912	0.83540848	0.91872614	0.97701699	1.02094794	1.05462802	1.08024606	1.09912502	1.11210220	1.11969824	1.12219970	1.11969824	1.11210220	1.09912502	1.08024606	1.05462802	1.02094794	0.97701699	0.91872614	0.83540848	0.69613912	0.61123984	0.54976488	0.50100477	0.46078451	0.42682303	0.39767489	0.37234424	0.35010789	0.33042149
0.34961743	0.37177742	0.39701861	0.42606270	0.45990452	0.49998941	0.54859960	0.60991297	0.69464358	0.83374313	0.91689633	0.97503414	1.01882831	1.05239111	1.07791311	1.09671782	1.10964242	1.11720716	1.11969824	1.11720716	1.10964242	1.09671782	1.07791311	1.05239111	1.01882831	0.97503414	0.91689633	0.83374313	0.69464358	0.60991297	0.54859960	0.49998941	0.45990452	0.42606270	0.39701861	0.37177742	0.34961743	0.32999593
0.34815191	0.37008293	0.39505519	0.42378554	0.45726526	0.49693872	0.54509135	0.60590963	0.69012200	0.82869916	0.91134669	0.96901491	1.01239069	1.04559607	1.07082638	1.08940629	1.10217208	1.10964242	1.11210220	1.10964242	1.10217208	1.08940629	1.07082638	1.04559607	1.01239069	0.96901491	0.91134669	0.82869916	0.69012200	0.60590963	0.54509135	0.49693872	0.45726526	0.42378554	0.39505519	0.37008293	0.34815191	0.32872468
0.34572928	0.36727919	0.39180174	0.42000424	0.45287014	0.49184016	0.53920334	0.59916026	0.68246544	0.82012566	0.90188670	0.95873555	1.00138640	1.03397729	1.05870982	1.07690851	1.08940629	1.09671782	1.09912502	1.09671782	1.08940629	1.07690851	1.05870982	1.03397729	1.00138640	0.95873555	0.90188670	0.82012566	0.68246544	0.59916026	0.53920334	0.49184016	0.45287014	0.42000424	0.39180174	0.36727919	0.34572928	0.32662427
0.34238044	0.36339873	0.38728967	0.41474405	0.44672996	0.48467756	0.53087609	0.58954415	0.67147728	0.80774424	0.88816168	0.94377941	0.98535434	1.01704516	1.04105736	1.05870982	1.07082638	1.07791311	1.08024606	1.07791311	1.07082638	1.05870982	1.04105736	1.01704516	0.98535434	0.94377941	0.88816168	0.80774424	0.67147728	0.58954415	0.53087609	0.48467756	0.44672996	0.41474405	0.38728967	0.36339873	0.34238044	0.32372271
0.33815062	0.35849068	0.38156894	0.40804936	0.43887160	0.47544056	0.52003286	0.57688264	0.65684526	0.79109583	0.86957846	0.92345037	0.96353042	0.99399615	1.01704516	1.03397729	1.04559607	1.05239111	1.05462802	1.05239111	1.04559607	1.03397729	1.01704516	0.99399615	0.96353042	0.92345037	0.86957846	0.79109583	0.65684526	0.57688264	0.52003286	0.47544056	0.43887160	0.40804936	0.38156894	0.35849068	0.33815062	0.32006013
0.33310068	0.35262372	0.37471366	0.39999322	0.42935275	0.46414312	0.50659460	0.56093219	0.63808752	0.76942685	0.84514451	0.89659010	0.93466127	0.96353042	0.98535434	1.00138640	1.01239069	1.01882831	1.02094794	1.01882831	1.01239069	1.00138640	0.98535434	0.96353042	0.93466127	0.89659010	0.84514451	0.76942685	0.63808752	0.56093219	0.50659460	0.46414312	0.42935275	0.39999322	0.37471366	0.35262372	0.33310068	0.31568919
0.32730800	0.34588866	0.36682799	0.39068930	0.41828356	0.45085797	0.49051937	0.54138962	0.61444444	0.74141758	0.81308289	0.86115886	0.89659010	0.92345037	0.94377941	0.95873555	0.96901491	0.97503414	0.97701699	0.97503414	0.96901491	0.95873555	0.94377941	0.92345037	0.89659010	0.86115886	0.81308289	0.74141758	0.61444444	0.54138962	0.49051937	0.45085797	0.41828356	0.39068930	0.36682799	0.34588866	0.32730800	0.31067511
0.32086604	0.33839936	0.35805018	0.38030311	0.40585350	0.43577325	0.47189939	0.51796730	0.58464418	0.70436091	0.76970143	0.81308289	0.84514451	0.86957846	0.88816168	0.90188670	0.91134669	0.91689633	0.91872614	0.91689633	0.91134669	0.90188670	0.88816168	0.86957846	0.84514451	0.81308289	0.76970143	0.70436091	0.58464418	0.51796730	0.47189939	0.43577325	0.40585350	0.38030311	0.35805018	0.33839936	0.32086604	0.30509475
0.31388212	0.33029054	0.34855179	0.36905627	0.39235174	0.41926110	0.45115676	0.49078386	0.54646323	0.64996068	0.70436091	0.74141758	0.76942685	0.79109583	0.80774424	0.82012566	0.82869916	0.83374313	0.83540848	0.83374313	0.82869916	0.82012566	0.80774424	0.79109583	0.76942685	0.74141758	0.70436091	0.64996068	0.54646323	0.49078386	0.45115676	0.41926110	0.39235174	0.36905627	0.34855179	0.33029054	0.31388212	0.29903463
0.30647288	0.32171159	0.33852909	0.35721568	0.37815853	0.40189854	0.42924049	0.46148895	0.50088875	0.54646323	0.58464418	0.61444444	0.63808752	0.65684526	0.67147728	0.68246544	0.69012200	0.69464358	0.69613912	0.69464358	0.69012200	0.68246544	0.67147728	0.65684526	0.63808752	0.61444444	0.58464418	0.54646323	0.50088875	0.46148895	0.42924049	0.40189854	0.37815853	0.35721568	0.33852909	0.32171159	0.30647288	0.29258763
0.29875807	0.31281677	0.32818692	0.34506494	0.36369092	0.38435729	0.40740496	0.43314906	0.46148895	0.49078386	0.51796730	0.54138962	0.56093219	0.57688264	0.58954415	0.59916026	0.60590963	0.60991297	0.61123984	0.60991297	0.60590963	0.59916026	0.58954415	0.57688264	0.56093219	0.54138962	0.51796730	0.49078386	0.46148895	0.43314906	0.40740496	0.38435729	0.36369092	0.34506494	0.32818692	0.31281677	0.29875807	0.28584881
0.29085357	0.30375400	0.31771922	0.33286761	0.34932459	0.36720849	0.38659186	0.40740496	0.42924049	0.45115676	0.47189939	0.49051937	0.50659460	0.52003286	0.53087609	0.53920334	0.54509135	0.54859960	0.54976488	0.54859960	0.54509135	0.53920334	0.53087609	0.52003286	0.50659460	0.49051937	0.47189939	0.45115676	0.42924049	0.40740496	0.38659186	0.36720849	0.34932459	0.33286761	0.31771922	0.30375400	0.29085357	0.27891085
0.28286525	0.29465515	0.30729294	0.32083864	0.33533968	0.35081252	0.36720849	0.38435729	0.40189854	0.41926110	0.43577325	0.45085797	0.46414312	0.47544056	0.48467756	0.49184016	0.49693872	0.49998941	0.50100477	0.49998941	0.49693872	0.49184016	0.48467756	0.47544056	0.46414312	0.45085797	0.43577325	0.41926110	0.40189854	0.38435729	0.36720849	0.35081252	0.33533968	0.32083864	0.30729294	0.29465515	0.28286525	0.27185996
0.27488463	0.28562998	0.29703962	0.30913363	0.32191201	0.33533968	0.34932459	0.36369092	0.37815853	0.39235174	0.40585350	0.41828356	0.42935275	0.43887160	0.44672996	0.45287014	0.45726526	0.45990452	0.46078451	0.45990452	0.45726526	0.45287014	0.44672996	0.43887160	0.42935275	0.41828356	0.40585350	0.39235174	0.37815853	0.36369092	0.34932459	0.33533968	0.32191201	0.30913363	0.29703962	0.28562998	0.27488463	0.26477275
0.26698695	0.27676428	0.28705477	0.29785326	0.30913363	0.32083864	0.33286761	0.34506494	0.35721568	0.36905627	0.38030311	0.39068930	0.39999322	0.40804936	0.41474405	0.42000424	0.42378554	0.42606270	0.42682303	0.42606270	0.42378554	0.42000424	0.41474405	0.40804936	0.39999322	0.39068930	0.38030311	0.36905627	0.35721568	0.34506494	0.33286761	0.32083864	0.30913363	0.29785326	0.28705477	0.27676428	0.26698695	0.25771453
0.25923110	0.26812113	0.27740235	0.28705477	0.29703962	0.30729294	0.31771922	0.32818692	0.33852909	0.34855179	0.35805018	0.36682799	0.37471366	0.38156894	0.38728967	0.39180174	0.39505519	0.39701861	0.39767489	0.39701861	0.39505519	0.39180174	0.38728967	0.38156894	0.37471366	0.36682799	0.35805018	0.34855179	0.33852909	0.32818692	0.31771922	0.30729294	0.29703962	0.28705477	0.27740235	0.26812113	0.25923110	0.25073876
0.25166110	0.25974414	0.26812113	0.27676428	0.28562998	0.29465515	0.30375400	0.31281677	0.32171159	0.33029054	0.33839936	0.34588866	0.35262372	0.35849068	0.36339873	0.36727919	0.37008293	0.37177742	0.37234424	0.37177742	0.37008293	0.36727919	0.36339873	0.35849068	0.35262372	0.34588866	0.33839936	0.33029054	0.32171159	0.31281677	0.30375400	0.29465515	0.28562998	0.27676428	0.26812113	0.25974414	0.25166110	0.24388762
0.24430818	0.25166110	0.25923110	0.26698695	0.27488463	0.28286525	0.29085357	0.29875807	0.30647288	0.31388212	0.32086604	0.32730800	0.33310068	0.33815062	0.34238044	0.34572928	0.34815191	0.34961743	0.35010789	0.34961743	0.34815191	0.34572928	0.34238044	0.33815062	0.33310068	0.32730800	0.32086604	0.31388212	0.30647288	0.29875807	0.29085357	0.28286525	0.27488463	0.26698695	0.25923110	0.25166110	0.24430818	0.23719308
0.23719308	0.24388762	0.25073876	0.25771453	0.26477275	0.27185996	0.27891085	0.28584881	0.29258763	0.29903463	0.30509475	0.31067511	0.31568919	0.32006013	0.32372271	0.32662427	0.32872468	0.32999593	0.33042149	0.32999593	0.32872468	0.32662427	0.32372271	0.32006013	0.31568919	0.31067511	0.30509475	0.29903463	0.29258763	0.28584881	0.27891085	0.27185996	0.26477275	0.25771453	0.25073876	0.24388762	0.23719308	0.23067836
