0.23857285	0.24689992	0.25550338	0.26433208	0.27331176	0.28234141	0.29129160	0.30000682	0.30831269	0.31602759	0.32297612	0.32900100	0.33397079	0.33778300	0.34036373	0.34166560	0.34166560	0.34036373	0.33778300	0.33397079	0.32900100	0.32297612	0.31602759	0.30831269	0.30000682	0.29129160	0.28234141	0.27331176	0.26433208	0.25550338	0.24689992	0.23857285
0.24689992	0.25619402	0.26588268	0.27592004	0.28623044	0.29670073	0.30717498	0.31745519	0.32731128	0.33650029	0.34478956	0.35197619	0.35789750	0.36243257	0.36549820	0.36704316	0.36704316	0.36549820	0.36243257	0.35789750	0.35197619	0.34478956	0.33650029	0.32731128	0.31745519	0.30717498	0.29670073	0.28623044	0.27592004	0.26588268	0.25619402	0.24689992
0.25550338	0.26588268	0.27681173	0.28825935	0.30015735	0.31238585	0.32475957	0.33702255	0.34886080	0.35993623	0.36993031	0.37857811	0.38568146	0.39110432	0.39476025	0.39659945	0.39659945	0.39476025	0.39110432	0.38568146	0.37857811	0.36993031	0.35993623	0.34886080	0.33702255	0.32475957	0.31238585	0.30015735	0.28825935	0.27681173	0.26588268	0.25550338
0.26433208	0.27592004	0.28825935	0.30134939	0.31514778	0.32954425	0.34432870	0.35916668	0.37360960	0.38715901	0.39935934	0.40986221	0.41843689	0.42494625	0.42931555	0.43150767	0.43150767	0.42931555	0.42494625	0.41843689	0.40986221	0.39935934	0.38715901	0.37360960	0.35916668	0.34432870	0.32954425	0.31514778	0.30134939	0.28825935	0.27592004	0.26433208
0.27331176	0.28623044	0.30015735	0.31514778	0.33122006	0.34831480	0.36622759	0.38452757	0.40253248	0.41943934	0.43455600	0.44743173	0.45783223	0.46565809	0.47087757	0.47348626	0.47348626	0.47087757	0.46565809	0.45783223	0.44743173	0.43455600	0.41943934	0.40253248	0.38452757	0.36622759	0.34831480	0.33122006	0.31514778	0.30015735	0.28623044	0.27331176
0.28234141	0.29670073	0.31238585	0.32954425	0.34831480	0.36878144	0.39085841	0.41405795	0.43725619	0.45895598	0.47802024	0.49393454	0.50657246	0.51596251	0.52217224	0.52526081	0.52526081	0.52217224	0.51596251	0.50657246	0.49393454	0.47802024	0.45895598	0.43725619	0.41405795	0.39085841	0.36878144	0.34831480	0.32954425	0.31238585	0.29670073	0.28234141
0.29129160	0.30717498	0.32475957	0.34432870	0.36622759	0.39085841	0.41859170	0.44930286	0.48103635	0.51014082	0.53464391	0.55438682	0.56968749	0.58087529	0.58819990	0.59182286	0.59182286	0.58819990	0.58087529	0.56968749	0.55438682	0.53464391	0.51014082	0.48103635	0.44930286	0.41859170	0.39085841	0.36622759	0.34432870	0.32475957	0.30717498	0.29129160
0.30000682	0.31745519	0.33702255	0.35916668	0.38452757	0.41405795	0.44930286	0.49292217	0.54374764	0.58565508	0.61745561	0.64176695	0.66006879	0.67322243	0.68174606	0.68593891	0.68593891	0.68174606	0.67322243	0.66006879	0.64176695	0.61745561	0.58565508	0.54374764	0.49292217	0.44930286	0.41405795	0.38452757	0.35916668	0.33702255	0.31745519	0.30000682
0.30831269	0.32731128	0.34886080	0.37360960	0.40253248	0.43725619	0.48103635	0.54374764	0.66310267	0.72400093	0.76413046	0.79331576	0.81473409	0.82990177	0.83964482	0.84441505	0.84441505	0.83964482	0.82990177	0.81473409	0.79331576	0.76413046	0.72400093	0.66310267	0.54374764	0.48103635	0.43725619	0.40253248	0.37360960	0.34886080	0.32731128	0.30831269
0.31602759	0.33650029	0.35993623	0.38715901	0.41943934	0.45895598	0.51014082	0.58565508	0.72400093	0.79760730	0.84494804	0.87862629	0.90298299	0.92006797	0.93097699	0.93630037	0.93630037	0.93097699	0.92006797	0.90298299	0.87862629	0.84494804	0.79760730	0.72400093	0.58565508	0.51014082	0.45895598	0.41943934	0.38715901	0.35993623	0.33650029	0.31602759
0.32297612	0.34478956	0.36993031	0.39935934	0.43455600	0.47802024	0.53464391	0.61745561	0.76413046	0.84494804	0.89755163	0.93490443	0.96179567	0.98057930	0.99253573	0.99835935	0.99835935	0.99253573	0.98057930	0.96179567	0.93490443	0.89755163	0.84494804	0.76413046	0.61745561	0.53464391	0.47802024	0.43455600	0.39935934	0.36993031	0.34478956	0.32297612
0.32900100	0.35197619	0.37857811	0.40986221	0.44743173	0.49393454	0.55438682	0.64176695	0.79331576	0.87862629	0.93490443	0.97505670	1.00398638	1.02418044	1.03702244	1.04327295	1.04327295	1.03702244	1.02418044	1.00398638	0.97505670	0.93490443	0.87862629	0.79331576	0.64176695	0.55438682	0.49393454	0.44743173	0.40986221	0.37857811	0.35197619	0.32900100
0.33397079	0.35789750	0.38568146	0.41843689	0.45783223	0.50657246	0.56968749	0.66006879	0.81473409	0.90298299	0.96179567	1.00398638	1.03446361	1.05575920	1.06930511	1.07589816	1.07589816	1.06930511	1.05575920	1.03446361	1.00398638	0.96179567	0.90298299	0.81473409	0.66006879	0.56968749	0.50657246	0.45783223	0.41843689	0.38568146	0.35789750	0.33397079
0.33778300	0.36243257	0.39110432	0.42494625	0.46565809	0.51596251	0.58087529	0.67322243	0.82990177	0.92006797	0.98057930	1.02418044	1.05575920	1.07785584	1.09192104	1.09876884	1.09876884	1.09192104	1.07785584	1.05575920	1.02418044	0.98057930	0.92006797	0.82990177	0.67322243	0.58087529	0.51596251	0.46565809	0.42494625	0.39110432	0.36243257	0.33778300
0.34036373	0.36549820	0.39476025	0.42931555	0.47087757	0.52217224	0.58819990	0.68174606	0.83964482	0.93097699	0.99253573	1.03702244	1.06930511	1.09192104	1.10632631	1.11334195	1.11334195	1.10632631	1.09192104	1.06930511	1.03702244	0.99253573	0.93097699	0.83964482	0.68174606	0.58819990	0.52217224	0.47087757	0.42931555	0.39476025	0.36549820	0.34036373
0.34166560	0.36704316	0.39659945	0.43150767	0.47348626	0.52526081	0.59182286	0.68593891	0.84441505	0.93630037	0.99835935	1.04327295	1.07589816	1.09876884	1.11334195	1.12044070	1.12044070	1.11334195	1.09876884	1.07589816	1.04327295	0.99835935	0.93630037	0.84441505	0.68593891	0.59182286	0.52526081	0.47348626	0.43150767	0.39659945	0.36704316	0.34166560
0.34166560	0.36704316	0.39659945	0.43150767	0.47348626	0.52526081	0.59182286	0.68593891	0.84441505	0.93630037	0.99835935	1.04327295	1.07589816	1.09876884	1.11334195	1.12044070	1.12044070	1.11334195	1.09876884	1.07589816	1.04327295	0.99835935	0.93630037	0.84441505	0.68593891	0.59182286	0.52526081	0.47348626	0.43150767	0.39659945	0.36704316	0.34166560
0.34036373	0.36549820	0.39476025	0.42931555	0.47087757	0.52217224	0.58819990	0.68174606	0.83964482	0.93097699	0.99253573	1.03702244	1.06930511	1.09192104	1.10632631	1.11334195	1.11334195	1.10632631	1.09192104	1.06930511	1.03702244	0.99253573	0.93097699	0.83964482	0.68174606	0.58819990	0.52217224	0.47087757	0.42931555	0.39476025	0.36549820	0.34036373
0.33778300	0.36243257	0.39110432	0.42494625	0.46565809	0.51596251	0.58087529	0.67322243	0.82990177	0.92006797	0.98057930	1.02418044	1.05575920	1.07785584	1.09192104	1.09876884	1.09876884	1.09192104	1.07785584	1.05575920	1.02418044	0.98057930	0.92006797	0.82990177	0.67322243	0.58087529	0.51596251	0.46565809	0.42494625	0.39110432	0.36243257	0.33778300
0.33397079	0.35789750	0.38568146	0.41843689	0.45783223	0.50657246	0.56968749	0.66006879	0.81473409	0.90298299	0.96179567	1.00398638	1.03446361	1.05575920	1.06930511	1.07589816	1.07589816	1.06930511	1.05575920	1.03446361	1.00398638	0.96179567	0.90298299	0.81473409	0.66006879	0.56968749	0.50657246	0.45783223	0.41843689	0.38568146	0.35789750	0.33397079
0.32900100	0.35197619	0.37857811	0.40986221	0.44743173	0.49393454	0.55438682	0.64176695	0.79331576	0.87862629	0.93490443	0.97505670	1.00398638	1.02418044	1.03702244	1.04327295	1.04327295	1.03702244	1.02418044	1.00398638	0.97505670	0.93490443	0.87862629	0.79331576	0.64176695	0.55438682	0.49393454	0.44743173	0.40986221	0.37857811	0.35197619	0.32900100
0.32297612	0.34478956	0.36993031	0.39935934	0.43455600	0.47802024	0.53464391	0.61745561	0.76413046	0.84494804	0.89755163	0.93490443	0.96179567	0.98057930	0.99253573	0.99835935	0.99835935	0.99253573	0.98057930	0.96179567	0.93490443	0.89755163	0.84494804	0.76413046	0.61745561	0.53464391	0.47802024	0.43455600	0.39935934	0.36993031	0.34478956	0.32297612
0.31602759	0.33650029	0.35993623	0.38715901	0.41943934	0.45895598	0.51014082	0.58565508	0.72400093	0.79760730	0.84494804	0.87862629	0.90298299	0.92006797	0.93097699	0.93630037	0.93630037	0.93097699	0.92006797	0.90298299	0.87862629	0.84494804	0.79760730	0.72400093	0.58565508	0.51014082	0.45895598	0.41943934	0.38715901	0.35993623	0.33650029	0.31602759
0.30831269	0.32731128	0.34886080	0.37360960	0.40253248	0.43725619	0.48103635	0.54374764	0.66310267	0.72400093	0.76413046	0.79331576	0.81473409	0.82990177	0.83964482	0.84441505	0.84441505	0.83964482	0.82990177	0.81473409	0.79331576	0.76413046	0.72400093	0.66310267	0.54374764	0.48103635	0.43725619	0.40253248	0.37360960	0.34886080	0.32731128	0.30831269
0.30000682	0.31745519	0.33702255	0.35916668	0.38452757	0.41405795	0.44930286	0.49292217	0.54374764	0.58565508	0.61745561	0.64176695	0.66006879	0.67322243	0.68174606	0.68593891	0.68593891	0.68174606	0.67322243	0.66006879	0.64176695	0.61745561	0.58565508	0.54374764	0.49292217	0.44930286	0.41405795	0.38452757	0.35916668	0.33702255	0.31745519	0.30000682
0.29129160	0.30717498	0.32475957	0.34432870	0.36622759	0.39085841	0.41859170	0.44930286	0.48103635	0.51014082	0.53464391	0.55438682	0.56968749	0.58087529	0.58819990	0.59182286	0.59182286	0.58819990	0.58087529	0.56968749	0.55438682	0.53464391	0.51014082	0.48103635	0.44930286	0.41859170	0.39085841	0.36622759	0.34432870	0.32475957	0.30717498	0.29129160
0.28234141	0.29670073	0.31238585	0.32954425	0.34831480	0.36878144	0.39085841	0.41405795	0.43725619	0.45895598	0.47802024	0.49393454	0.50657246	0.51596251	0.52217224	0.52526081	0.52526081	0.52217224	0.51596251	0.50657246	0.49393454	0.47802024	0.45895598	0.43725619	0.41405795	0.39085841	0.36878144	0.34831480	0.32954425	0.31238585	0.29670073	0.28234141
0.27331176	0.28623044	0.30015735	0.31514778	0.33122006	0.34831480	0.36622759	0.38452757	0.40253248	0.41943934	0.43455600	0.44743173	0.45783223	0.46565809	0.47087757	0.47348626	0.47348626	0.47087757	0.46565809	0.45783223	0.44743173	0.43455600	0.41943934	0.40253248	0.38452757	0.36622759	0.34831480	0.33122006	0.31514778	0.30015735	0.28623044	0.27331176
0.26433208	0.27592004	0.28825935	0.30134939	0.31514778	0.32954425	0.34432870	0.35916668	0.37360960	0.38715901	0.39935934	0.40986221	0.41843689	0.42494625	0.42931555	0.43150767	0.43150767	0.42931555	0.42494625	0.41843689	0.40986221	0.39935934	0.38715901	0.37360960	0.35916668	0.34432870	0.32954425	0.31514778	0.30134939	0.28825935	0.27592004	0.26433208
0.25550338	0.26588268	0.27681173	0.28825935	0.30015735	0.31238585	0.32475957	0.33702255	0.34886080	0.35993623	0.36993031	0.37857811	0.38568146	0.39110432	0.39476025	0.39659945	0.39659945	0.39476025	0.39110432	0.38568146	0.37857811	0.36993031	0.35993623	0.34886080	0.33702255	0.32475957	0.31238585	0.30015735	0.28825935	0.27681173	0.26588268	0.25550338
0.24689992	0.25619402	0.26588268	0.27592004	0.28623044	0.29670073	0.30717498	0.31745519	0.32731128	0.33650029	0.34478956	0.35197619	0.35789750	0.36243257	0.36549820	0.36704316	0.36704316	0.36549820	0.36243257	0.35789750	0.35197619	0.34478956	0.33650029	0.32731128	0.31745519	0.30717498	0.29670073	0.28623044	0.27592004	0.26588268	0.25619402	0.24689992
0.23857285	0.24689992	0.25550338	0.26433208	0.27331176	0.28234141	0.29129160	0.30000682	0.30831269	0.31602759	0.32297612	0.32900100	0.33397079	0.33778300	0.34036373	0.34166560	0.34166560	0.34036373	0.33778300	0.33397079	0.32900100	0.32297612	0.31602759	0.30831269	0.30000682	0.29129160	0.28234141	0.27331176	0.26433208	0.25550338	0.24689992	0.23857285
